sql,tipo_imovel,bloco,y_ln,yhat_ln
00101201168,apartment,0,8.1292,8.601433753967285
00101201796,apartment,0,7.9519,8.603375434875488
00101201966,apartment,0,7.6234,8.602176666259766
00101904649,apartment,0,8.4326,8.965591430664062
00101904940,apartment,0,8.4882,8.976885795593262
00102004854,apartment,0,8.9719,8.944939613342285
00102005672,apartment,0,9.028,8.917258262634277
00102006891,apartment,0,8.896,8.926721572875977
00102101671,apartment,0,8.6618,8.838268280029297
00102102295,apartment,0,8.4412,8.679067611694336
00102309124,apartment,0,8.4038,8.936485290527344
00102310815,apartment,0,8.8957,8.921390533447266
00102600996,apartment,0,8.0155,8.327078819274902
00103400613,apartment,0,8.5172,8.276143074035645
00103400656,apartment,0,7.4831,8.267844200134277
00103702733,apartment,0,7.9142,8.539263725280762
00103703731,apartment,0,8.4197,8.695906639099121
00103705041,apartment,0,8.67,8.840848922729492
00103705201,apartment,0,8.7307,8.840848922729492
00103705406,apartment,0,8.6457,8.840848922729492
00103705538,apartment,0,8.7022,8.840848922729492
00103705740,apartment,0,8.8571,8.745780944824219
00103705910,apartment,0,8.7665,8.745159149169922
00103705953,apartment,0,8.8651,8.828871726989746
00103706194,apartment,0,8.6825,8.828398704528809
00103706208,apartment,0,8.7522,8.840381622314453
00103706216,apartment,0,8.6754,8.82734203338623
00103706569,apartment,0,8.8314,8.752047538757324
00103706615,apartment,0,8.8675,8.745159149169922
00103706623,apartment,0,8.8303,8.74640941619873
00103706674,apartment,0,8.7885,8.829492568969727
00103706682,apartment,0,8.7239,8.840214729309082
00103706704,apartment,0,8.7622,8.745780944824219
00103707093,apartment,0,8.8501,8.745159149169922
00103707158,apartment,0,8.7076,8.828398704528809
00103707204,apartment,0,8.8419,8.752047538757324
00103707263,apartment,0,8.8381,8.746346473693848
00103707344,apartment,0,8.829,8.745780944824219
00103707514,apartment,0,8.8904,8.745159149169922
00103800174,apartment,0,8.7869,8.369672775268555
00103800182,apartment,0,8.7869,8.369672775268555
00103800190,apartment,0,8.811,8.376652717590332
00104201797,apartment,0,8.2251,8.40025520324707
00104405961,apartment,0,8.4912,8.727347373962402
00104407182,apartment,0,7.3233,8.6897554397583
00104600764,apartment,0,8.5422,8.325854301452637
00104600896,apartment,0,8.1255,8.394365310668945
00104800593,apartment,0,8.0789,8.5750732421875
00105302521,apartment,0,7.7994,8.566380500793457
00105304379,apartment,0,7.5746,8.69266128540039
00105304417,apartment,0,8.4795,8.72996997833252
00106800388,apartment,0,8.8139,8.45097827911377
00107700328,apartment,0,7.6905,8.397347450256348
00200101110,apartment,0,8.2708,8.179959297180176
00204900964,apartment,0,8.525,8.414904594421387
00204902290,apartment,0,7.9999,8.498180389404297
00205301010,apartment,0,8.0985,8.481965065002441
00205301495,apartment,0,8.1377,8.489212036132812
00206600232,apartment,0,8.2388,8.346891403198242
00206600259,apartment,0,7.9294,8.356945037841797
00206700180,apartment,0,7.9481,8.515786170959473
00207100683,apartment,0,7.9508,8.519899368286133
00207100901,apartment,0,8.1956,8.301555633544922
00207100985,apartment,0,8.0472,8.302706718444824
00207400423,apartment,0,8.2515,8.54285717010498
00207401446,apartment,0,8.0819,8.423101425170898
00207800685,apartment,0,8.1117,8.432051658630371
00207801231,apartment,0,8.2854,8.366934776306152
00208001956,apartment,0,8.0897,8.49681568145752
00208002766,apartment,0,8.1117,8.52874755859375
00208003584,apartment,0,8.3187,8.589775085449219
00208004041,apartment,0,8.4338,8.580326080322266
00208005137,apartment,0,8.6183,8.637385368347168
00208400478,apartment,0,8.1854,8.214286804199219
00209000457,apartment,0,7.9474,8.501276016235352
00209000686,apartment,0,8.0964,8.518216133117676
00209001161,apartment,0,8.2784,8.520706176757812
00209001267,apartment,0,8.2896,8.52141284942627
00300703678,apartment,0,7.3627,8.262146949768066
00301106584,apartment,0,8.3672,8.675344467163086
00301107106,apartment,0,8.0448,8.684931755065918
00301107394,apartment,0,8.3904,8.688608169555664
00301107998,apartment,0,8.5019,8.676051139831543
00301108201,apartment,0,8.6272,8.684168815612793
00301108341,apartment,0,7.934,8.675875663757324
00301109222,apartment,0,8.9179,8.923181533813477
00301109656,apartment,0,8.9562,8.850440979003906
00301110166,apartment,0,8.8004,8.852415084838867
00301110964,apartment,0,8.9118,8.862717628479004
00301200671,apartment,0,7.8648,8.125075340270996
00301302316,apartment,0,8.2064,8.434592247009277
00301302561,apartment,0,8.6096,8.437532424926758
00301303134,apartment,0,8.276,8.569877624511719
00301303411,apartment,0,7.8611,8.449214935302734
00301403589,apartment,0,8.5057,8.430171966552734
00301502811,apartment,9,7.6843,8.335702896118164
00301503281,apartment,9,8.6457,8.33765697479248
00301503427,apartment,9,8.2577,8.408029556274414
00301504210,apartment,9,8.3323,8.405744552612305
00301505144,apartment,9,8.2101,8.350484848022461
00301505160,apartment,9,8.0489,8.342443466186523
00301505284,apartment,9,8.4737,8.367724418640137
00301505357,apartment,9,8.5396,8.33804702758789
00301600971,apartment,9,8.6026,8.473392486572266
00301602085,apartment,9,8.1506,8.474213600158691
00301603863,apartment,9,8.625,8.4110107421875
00301603898,apartment,9,8.1813,8.46523380279541
00301604053,apartment,9,8.7803,8.428030014038086
00301605051,apartment,9,8.7802,8.410287857055664
00301606633,apartment,9,8.0424,8.583462715148926
00301606897,apartment,9,8.1702,8.569755554199219
00301609233,apartment,9,8.4764,8.62997055053711
00301609373,apartment,9,8.4497,8.619906425476074
00301609551,apartment,9,8.6519,8.60297966003418
00301610010,apartment,9,8.6254,8.63034439086914
00301610940,apartment,9,8.8567,8.587793350219727
00301611971,apartment,9,8.6339,8.600811004638672
00301612064,apartment,9,8.5817,8.596464157104492
00301614148,apartment,9,8.716,8.55373764038086
00301901821,apartment,0,8.5278,8.200748443603516
00301903247,apartment,0,8.4702,8.085382461547852
00301904790,apartment,0,8.4844,8.510640144348145
00301906238,apartment,0,8.6198,8.664406776428223
00302801324,apartment,9,8.3078,8.358442306518555
00302901337,apartment,9,8.3679,8.310121536254883
00302901442,apartment,9,8.3705,8.260095596313477
00302901590,apartment,9,8.4505,8.310720443725586
00302901965,apartment,9,8.3705,8.310720443725586
00303400560,apartment,0,8.0396,8.291956901550293
00304202428,apartment,9,8.4584,8.559783935546875
00304202711,apartment,9,7.9516,8.538711547851562
00304204463,apartment,9,8.6026,8.539941787719727
00304205591,apartment,9,8.9341,8.88009262084961
00304206342,apartment,9,8.6662,8.58966064453125
00304206458,apartment,9,8.9872,8.843717575073242
00304207306,apartment,9,8.5586,8.555608749389648
00304207373,apartment,9,8.1157,8.879096984863281
00304208140,apartment,9,8.8388,8.861953735351562
00304209791,apartment,9,8.9118,8.810912132263184
00305801910,apartment,9,8.5172,8.393068313598633
00306001608,apartment,9,8.1807,8.426651000976562
00306002574,apartment,9,8.6162,8.413122177124023
00306003384,apartment,9,8.2221,8.43203353881836
00306004372,apartment,9,8.1056,8.443227767944336
00306005328,apartment,9,8.0965,8.46170425415039
00306009080,apartment,9,8.7661,8.479313850402832
00306009821,apartment,9,8.6995,8.648853302001953
00306010690,apartment,9,8.2742,8.451545715332031
00306011301,apartment,9,8.6178,8.476219177246094
00306012464,apartment,9,8.578,8.470728874206543
00306013045,apartment,9,9.1536,8.666141510009766
00306019000,apartment,9,8.7905,8.60084342956543
00306019231,apartment,9,8.6754,8.616682052612305
00306019728,apartment,9,8.2664,8.743358612060547
00306019779,apartment,9,8.2071,8.70580768585205
00306020173,apartment,9,8.959,8.704925537109375
00306021153,apartment,9,8.2224,8.738838195800781
00306021382,apartment,9,8.3211,8.713926315307617
00306021528,apartment,9,8.2333,8.755927085876465
00306800012,apartment,0,8.4844,8.541376113891602
00306800039,apartment,0,8.4844,8.543773651123047
00306800421,apartment,0,8.3901,8.538582801818848
00306800713,apartment,0,8.5009,8.535276412963867
00306800810,apartment,0,8.2359,8.535276412963867
00306802937,apartment,0,8.4844,8.525693893432617
00306804743,apartment,0,8.1439,8.521814346313477
00306805901,apartment,0,8.3059,8.516092300415039
00306900580,apartment,9,8.5332,8.409134864807129
00306902370,apartment,9,8.3413,8.400811195373535
00400400731,apartment,0,8.2749,8.271564483642578
00400501066,apartment,0,8.0558,8.350564002990723
00400502828,apartment,0,8.1918,8.486960411071777
00401300641,apartment,0,8.1752,8.551634788513184
00401300722,apartment,0,8.4553,8.533443450927734
00401302660,apartment,0,8.8328,8.533443450927734
00401501221,apartment,9,8.3779,8.31926155090332
00401501531,apartment,9,8.4007,8.334644317626953
00401600947,apartment,9,8.3854,8.33655834197998
00401601463,apartment,9,8.0353,8.348976135253906
00401601595,apartment,9,8.3688,8.34912109375
00401604462,apartment,9,8.3489,8.445507049560547
00401900118,apartment,0,8.1456,8.59223747253418
00401900290,apartment,0,8.406,8.625846862792969
00401900487,apartment,0,8.1944,8.59089183807373
00401900797,apartment,0,7.9225,8.610654830932617
00401901963,apartment,0,8.013,8.609410285949707
00401902285,apartment,0,8.3471,8.620200157165527
00401902722,apartment,0,7.5888,8.59223747253418
00401902862,apartment,0,8.366,8.626044273376465
00401903001,apartment,0,8.256,8.59223747253418
00403400384,apartment,0,8.3909,8.415705680847168
00403402883,apartment,0,8.3517,8.423330307006836
00403704863,apartment,0,7.7088,8.255887985229492
00403705517,apartment,0,8.1321,8.632670402526855
00403705721,apartment,0,8.162,8.632501602172852
00404301541,apartment,0,7.8625,8.282674789428711
00404800696,apartment,9,8.2594,8.333868026733398
00404803271,apartment,9,8.196,8.321992874145508
00404804403,apartment,9,8.0949,8.343242645263672
00404805061,apartment,9,8.1918,8.345224380493164
00404806252,apartment,9,8.1435,8.322301864624023
00404808301,apartment,9,8.1658,8.359003067016602
00404901018,apartment,9,8.8433,8.331673622131348
00404902898,apartment,9,8.6811,8.322830200195312
00404903241,apartment,9,8.6928,8.29163932800293
00404904181,apartment,9,8.9323,8.292520523071289
00405100906,apartment,9,8.5448,8.566874504089355
00405202105,apartment,0,8.5843,8.688291549682617
00405202156,apartment,0,8.6667,8.614181518554688
00405209551,apartment,0,8.5454,8.630399703979492
00405210191,apartment,0,8.3434,8.69660472869873
00405216238,apartment,0,8.1459,8.665278434753418
00405217791,apartment,0,8.5678,8.558887481689453
00405222491,apartment,0,8.5146,8.572104454040527
00405222572,apartment,0,8.5288,8.575228691101074
00405223587,apartment,0,8.549,8.575115203857422
00405223897,apartment,0,8.5289,8.580181121826172
00405224052,apartment,0,8.5314,8.580181121826172
00405700415,apartment,9,8.0317,8.071840286254883
00406103437,apartment,0,8.3557,8.544798851013184
00406106762,apartment,0,8.4864,8.532304763793945
00406301034,apartment,9,7.9965,8.165477752685547
00406301581,apartment,9,8.3974,8.432287216186523
00500200475,apartment,0,8.5742,8.566740036010742
00501600698,apartment,0,8.1987,8.651792526245117
00501602100,apartment,0,8.6199,8.895857810974121
00501701788,apartment,0,8.262,8.59664535522461
00501703632,apartment,0,8.4323,8.671125411987305
00501708091,apartment,0,8.7543,8.909171104431152
00501709053,apartment,0,8.6713,8.895015716552734
00502201630,apartment,0,7.964,8.43832015991211
00502201681,apartment,0,7.96,8.460943222045898
00502304405,apartment,0,8.9067,8.88487434387207
00502304537,apartment,0,8.1058,8.887615203857422
00502304911,apartment,0,8.1807,8.891494750976562
00502305363,apartment,0,8.8758,8.985262870788574
00502306157,apartment,0,8.9674,8.995173454284668
00502306262,apartment,0,8.9548,8.980780601501465
00502306750,apartment,0,8.8226,8.929737091064453
00502409584,apartment,0,8.8763,8.959205627441406
00503402001,apartment,0,8.6544,8.662574768066406
00503405795,apartment,0,8.9647,9.002695083618164
00503406295,apartment,0,9.1659,9.09250259399414
00503408638,apartment,0,8.9692,9.055222511291504
00503501735,apartment,0,8.0064,8.721112251281738
00503503614,apartment,0,8.4188,8.698556900024414
00503507385,apartment,0,8.6269,8.42799186706543
00503509442,apartment,0,8.5002,8.829565048217773
00503509469,apartment,0,8.0889,8.830366134643555
00504010379,apartment,0,8.6422,9.005731582641602
00504010409,apartment,0,8.6594,8.968527793884277
00504011057,apartment,0,8.9227,9.025382041931152
00504011057,apartment,0,8.974,9.00101375579834
00504013327,apartment,0,8.4934,8.859712600708008
00504400398,apartment,0,8.419,8.283556938171387
00504400665,apartment,0,8.1456,8.271099090576172
00504500961,apartment,0,8.359,8.341800689697266
00504604783,apartment,0,8.9401,8.848246574401855
00504605674,apartment,0,8.4422,8.86108112335205
00504606115,apartment,0,8.5967,8.847967147827148
00504607367,apartment,0,8.6482,8.735696792602539
00504801082,apartment,0,8.1225,8.520756721496582
00504803931,apartment,0,8.4061,8.793970108032227
00504804111,apartment,0,8.5817,8.707016944885254
00504807382,apartment,0,8.7468,8.4757719039917
00504807528,apartment,0,8.5685,8.406599998474121
00505101351,apartment,0,8.1987,8.594536781311035
00505101394,apartment,0,8.1117,8.652971267700195
00505101408,apartment,0,8.1117,8.652971267700195
00506300900,apartment,0,8.5172,8.501701354980469
00506303268,apartment,0,8.5862,8.714231491088867
00506305023,apartment,0,8.6317,8.805806159973145
00506401839,apartment,0,8.0652,8.606252670288086
00506603271,apartment,0,8.1689,8.430360794067383
00506805018,apartment,0,8.7002,8.93062973022461
00506805182,apartment,0,8.9227,8.943098068237305
00506805336,apartment,0,8.8782,8.877840995788574
00506902110,apartment,0,8.363,8.415995597839355
00506902668,apartment,0,8.4882,8.407428741455078
00506910717,apartment,0,8.0264,8.73765754699707
00507104218,apartment,0,8.3349,8.572338104248047
00507604075,apartment,0,8.38,8.6025972366333
00507608658,apartment,0,8.2409,8.386482238769531
00507608844,apartment,0,8.1456,8.377198219299316
00507612884,apartment,0,7.9111,8.436686515808105
00507622944,apartment,0,8.1918,8.541876792907715
00507623721,apartment,0,8.1117,8.504168510437012
00507625803,apartment,0,8.4087,8.481850624084473
00507626265,apartment,0,7.9374,8.30455207824707
00507626788,apartment,0,8.1526,8.320012092590332
00507633105,apartment,0,8.7087,8.880195617675781
00507633598,apartment,0,8.6226,8.871841430664062
00507637283,apartment,0,8.775,8.876855850219727
00507708733,apartment,0,8.0403,8.531816482543945
00507708849,apartment,0,8.0403,8.531816482543945
00507709561,apartment,0,8.2854,8.31414794921875
00507800842,apartment,0,7.902,8.494218826293945
00507804538,apartment,0,7.7271,8.504393577575684
00507810783,apartment,0,8.3165,8.641857147216797
00507810996,apartment,0,8.2595,8.657829284667969
00507811690,apartment,0,8.5829,8.650677680969238
00507811747,apartment,0,8.0239,8.657211303710938
00508000361,apartment,0,7.8494,8.328697204589844
00508600162,apartment,0,8.294,8.390409469604492
00508602009,apartment,0,8.2679,8.576530456542969
00508700647,apartment,0,8.3726,8.514934539794922
00509102387,apartment,0,8.6587,8.934144020080566
00600103412,apartment,0,9.115,8.92658519744873
00600103684,apartment,0,8.8069,8.963676452636719
00600103714,apartment,0,8.8069,8.963676452636719
00600103994,apartment,0,8.536,8.85826301574707
00600105301,apartment,0,8.8232,8.969311714172363
00600106251,apartment,0,8.8616,8.966038703918457
00600106829,apartment,0,8.363,8.851123809814453
00600807835,apartment,0,8.1008,8.451720237731934
00601101030,apartment,0,8.7508,8.563117027282715
00601102428,apartment,0,9.1114,8.567498207092285
00601111001,apartment,0,8.6421,8.767607688903809
00601201124,apartment,0,8.7556,8.560200691223145
00601202902,apartment,0,8.9446,8.512742042541504
00601204115,apartment,0,8.6915,8.69313907623291
00601209575,apartment,0,8.7179,8.552552223205566
00601300939,apartment,0,9.1211,8.713162422180176
00601302052,apartment,0,8.2964,8.576001167297363
00601305469,apartment,0,8.8834,8.663265228271484
00601306457,apartment,0,8.5862,8.632223129272461
00601306521,apartment,0,8.6648,8.666462898254395
00601321545,apartment,0,9.1548,8.866487503051758
00601322061,apartment,0,8.5106,8.782815933227539
00601322282,apartment,0,8.6937,8.87048053741455
00601322665,apartment,0,8.9316,8.870295524597168
00601323076,apartment,0,8.7246,8.85167121887207
00601323335,apartment,0,8.8967,8.851485252380371
00601323564,apartment,0,8.9926,8.782815933227539
00601323858,apartment,0,8.8612,8.877897262573242
00602001900,apartment,0,8.7549,8.478979110717773
00602002680,apartment,0,7.9891,8.605823516845703
00602003547,apartment,0,8.3194,8.628741264343262
00602008085,apartment,0,8.6373,8.787805557250977
00602008239,apartment,0,8.6744,8.791594505310059
00602013674,apartment,0,9.1017,8.734792709350586
00602013909,apartment,0,8.9561,8.753023147583008
00602101433,apartment,0,8.3435,8.544724464416504
00602201187,apartment,0,8.6765,8.604318618774414
00602203155,apartment,0,8.4633,8.675349235534668
00602203236,apartment,0,9.1978,8.667652130126953
00602204437,apartment,0,8.2569,8.578288078308105
00602204641,apartment,0,7.8103,8.513888359069824
00602219728,apartment,0,8.3428,8.600859642028809
00602221471,apartment,0,8.3602,8.688756942749023
00602222575,apartment,0,8.117,8.67789077758789
00602223504,apartment,0,8.2703,8.811305046081543
00602406153,apartment,0,8.6226,8.797945976257324
00602406341,apartment,0,8.5817,8.754820823669434
00603000622,apartment,0,8.3547,8.61076831817627
00603002171,apartment,0,8.294,8.620681762695312
00603002706,apartment,0,8.1927,8.520125389099121
00603003311,apartment,0,8.3131,8.653213500976562
00603003400,apartment,0,8.2788,8.539395332336426
00603006329,apartment,0,8.3066,8.550631523132324
00603007864,apartment,0,8.9978,8.889589309692383
00603010520,apartment,0,9.1478,8.835244178771973
00603201172,apartment,0,8.5713,8.474254608154297
00603207693,apartment,0,8.4829,8.653036117553711
00603304443,apartment,0,8.2432,8.562394142150879
00603304801,apartment,0,8.5771,8.631841659545898
00603800807,apartment,0,8.2005,8.468621253967285
00603801447,apartment,0,8.3245,8.684630393981934
00603803024,apartment,0,8.6338,8.675655364990234
00604004419,apartment,0,8.4711,8.671323776245117
00604005199,apartment,0,8.4796,8.633672714233398
00604005921,apartment,0,8.3124,8.633824348449707
00604006306,apartment,0,8.2577,8.664639472961426
00604007124,apartment,0,7.5727,8.63358211517334
00604014325,apartment,0,8.294,8.544672012329102
00604202679,apartment,0,8.1417,8.490138053894043
00604205971,apartment,0,7.9644,8.370208740234375
00604207638,apartment,0,8.1199,8.41698932647705
00604401507,apartment,0,8.5598,8.4561185836792
00604503611,apartment,0,8.1572,8.568485260009766
00604701810,apartment,0,8.2295,8.599989891052246
00605106312,apartment,0,8.1377,8.542861938476562
00605107025,apartment,0,8.5277,8.54762077331543
00605111227,apartment,0,8.3572,8.422759056091309
00605113882,apartment,0,8.6291,8.883808135986328
00605302162,apartment,0,8.5549,8.568872451782227
00605304726,apartment,0,8.9462,8.507781028747559
00605304866,apartment,0,8.5101,8.362120628356934
00605306311,apartment,0,8.2785,8.45182991027832
00605307121,apartment,0,8.6075,8.535720825195312
00605314675,apartment,0,8.326,8.391776084899902
00605801401,apartment,0,8.7082,8.639050483703613
00606002839,apartment,0,8.3786,8.583494186401367
00606100563,apartment,0,8.4118,8.456974983215332
00606202870,apartment,0,8.6145,8.293590545654297
00606301798,apartment,0,8.8049,8.429075241088867
00606402683,apartment,0,8.7082,8.536861419677734
00606404562,apartment,0,8.7813,8.662736892700195
00606411232,apartment,0,8.9614,8.736571311950684
00606412352,apartment,0,9.1074,8.815349578857422
00606413464,apartment,0,8.9667,8.824115753173828
00606414460,apartment,0,9.1548,8.822595596313477
00606415483,apartment,0,9.1548,8.79895305633545
00606418148,apartment,0,8.7246,8.702406883239746
00606420002,apartment,0,9.118,8.754510879516602
00606420851,apartment,0,9.1652,8.753998756408691
00606424751,apartment,0,9.281,8.830707550048828
00606424849,apartment,0,9.3886,8.83080768585205
00606428909,apartment,0,8.1483,8.665156364440918
00606503188,apartment,0,8.2683,8.500510215759277
00606505921,apartment,0,9.1463,8.948948860168457
00606506489,apartment,0,8.9149,8.87724781036377
00606800867,apartment,0,8.5172,8.552132606506348
00606801022,apartment,0,8.1768,8.602466583251953
00606801464,apartment,0,8.2565,8.588988304138184
00606803106,apartment,0,8.2489,8.514762878417969
00607008172,apartment,0,8.9195,8.688102722167969
00607101741,apartment,0,9.0836,8.529017448425293
00607400951,apartment,0,7.8575,8.26921558380127
00607402288,apartment,0,8.8849,8.91484260559082
00700102361,apartment,0,8.7064,8.453969955444336
00700202781,apartment,0,7.9576,8.448355674743652
00700203257,apartment,0,8.7424,8.41741943359375
00700400222,apartment,0,8.5172,8.307050704956055
00700501770,apartment,0,9.0106,8.435192108154297
00700501843,apartment,0,8.9826,8.492393493652344
00700800654,apartment,0,8.3894,8.457319259643555
00700900616,apartment,0,8.2861,8.442709922790527
00700900829,apartment,0,8.6995,8.55108642578125
00701002824,apartment,0,8.8049,8.436870574951172
00701003091,apartment,0,9.1868,8.447944641113281
00701003189,apartment,0,8.7883,8.44195556640625
00701104139,apartment,0,8.4544,8.410088539123535
00701107294,apartment,0,8.5346,8.377294540405273
00701107782,apartment,0,8.5942,8.438328742980957
00701109327,apartment,0,8.6226,8.743169784545898
00701110244,apartment,0,8.8599,8.741790771484375
00701203196,apartment,0,8.4057,8.413161277770996
00701204990,apartment,0,8.6036,8.516180992126465
00701214236,apartment,0,8.2702,8.497506141662598
00701214635,apartment,0,8.3081,8.49630355834961
00701218061,apartment,0,8.8209,8.488119125366211
00701222336,apartment,0,8.93,8.728836059570312
00701223995,apartment,0,8.6638,8.630842208862305
00701302631,apartment,0,8.4844,8.456579208374023
00701501723,apartment,0,7.5364,8.381818771362305
00701502703,apartment,0,8.2334,8.451789855957031
00701600853,apartment,0,8.3016,8.390278816223145
00701701625,apartment,0,8.8888,8.454580307006836
00701704918,apartment,0,8.7536,8.488021850585938
00701705485,apartment,0,8.6109,8.653669357299805
00701705728,apartment,0,8.6036,8.656204223632812
00701706562,apartment,0,8.7864,8.749811172485352
00701706635,apartment,0,9.1563,8.842544555664062
00701706716,apartment,0,7.7775,8.680268287658691
00701706732,apartment,0,7.9356,8.842544555664062
00701707119,apartment,0,7.7733,8.678444862365723
00701707216,apartment,0,8.9958,8.680268287658691
00701707291,apartment,0,8.8788,8.679889678955078
00701801654,apartment,0,8.9632,8.345787048339844
00701901144,apartment,0,8.6964,8.457364082336426
00701905271,apartment,0,8.7648,8.743815422058105
00702002429,apartment,0,8.746,8.586797714233398
00702002682,apartment,0,8.5557,8.543030738830566
00702003859,apartment,0,8.8309,8.770835876464844
00702005088,apartment,0,8.8049,8.738247871398926
00702200476,apartment,0,9.1701,8.605616569519043
00702201340,apartment,0,8.529,8.517094612121582
00702300950,apartment,0,8.5929,8.521703720092773
00702301558,apartment,0,8.8799,8.633132934570312
00702301957,apartment,0,8.7685,8.491365432739258
00702302392,apartment,0,8.8739,8.495328903198242
00702302961,apartment,0,8.9034,8.425680160522461
00702303429,apartment,0,8.8739,8.429112434387207
00702306002,apartment,0,8.6638,8.422462463378906
00702401072,apartment,0,8.7838,8.426619529724121
00702403644,apartment,0,8.5545,8.470879554748535
00702502715,apartment,0,8.557,8.4197998046875
00702503460,apartment,0,8.5172,8.429461479187012
00702504882,apartment,0,8.7349,8.882131576538086
00702600598,apartment,0,8.5498,8.472502708435059
00702603521,apartment,0,8.6359,8.34825325012207
00702702552,apartment,0,8.6878,8.442675590515137
00703001191,apartment,0,7.9576,8.489767074584961
00703201999,apartment,0,8.3041,8.355175971984863
00703202138,apartment,0,8.2528,8.355175971984863
00703202456,apartment,0,8.8217,8.51007080078125
00703203746,apartment,0,8.5816,8.849764823913574
00703301225,apartment,0,8.5238,8.478553771972656
00703304704,apartment,0,8.993,8.429853439331055
00703308319,apartment,0,8.8993,8.933172225952148
00703309471,apartment,0,9.318,8.851622581481934
00703407351,apartment,0,9.1281,8.869222640991211
00703500392,apartment,0,8.4876,8.42946720123291
00703601342,apartment,0,8.3837,8.69552230834961
00703602829,apartment,0,8.7129,8.61492919921875
00703604953,apartment,0,8.3413,8.401248931884766
00704102481,apartment,0,8.4788,8.494879722595215
00704102511,apartment,0,8.444,8.500011444091797
00704103206,apartment,0,7.5891,8.68287181854248
00704106531,apartment,0,8.4878,8.643285751342773
00704108097,apartment,0,9.1822,8.872488975524902
00704108321,apartment,0,8.5557,8.675215721130371
00704109549,apartment,0,8.6476,8.704729080200195
00704109621,apartment,0,8.8888,8.885771751403809
00704204940,apartment,0,8.4608,8.509747505187988
00704301482,apartment,0,9.1171,8.752006530761719
00704304511,apartment,0,8.62,8.369824409484863
00704402491,apartment,0,8.6319,8.441378593444824
00704403633,apartment,0,8.535,8.530584335327148
00704500841,apartment,0,8.5884,8.644750595092773
00704702916,apartment,0,8.4514,8.376055717468262
00704703289,apartment,0,8.5913,8.55877685546875
00704703505,apartment,0,8.6699,8.59117603302002
00704704978,apartment,0,8.641,8.308472633361816
00704706581,apartment,0,8.6239,8.78713607788086
00704706601,apartment,0,8.6439,8.818511009216309
00704706938,apartment,0,8.6802,8.78082275390625
00704801272,apartment,0,8.5962,8.414122581481934
00704801371,apartment,0,8.3183,8.409890174865723
00704801655,apartment,0,8.3326,8.377620697021484
00704802422,apartment,0,8.597,8.428020477294922
00704802791,apartment,0,8.7891,8.53703498840332
00704803364,apartment,0,8.9635,8.698455810546875
00704805308,apartment,0,8.5844,8.69865608215332
00704906449,apartment,0,8.9795,8.964712142944336
00704906511,apartment,0,8.862,8.908347129821777
00704906694,apartment,0,8.7844,8.907608985900879
00704906953,apartment,0,8.8852,8.896111488342285
00704907283,apartment,0,8.959,8.88856029510498
00704907313,apartment,0,8.9266,8.907608985900879
00704907747,apartment,0,8.7264,8.919179916381836
00705000771,apartment,0,8.2346,8.482155799865723
00705003272,apartment,0,8.1007,8.41154670715332
00705004201,apartment,0,8.3489,8.448968887329102
00705102114,apartment,0,8.5359,8.674442291259766
00705102467,apartment,0,8.6272,8.734729766845703
00705104877,apartment,0,8.263,8.557236671447754
00705106810,apartment,0,8.5716,8.351521492004395
00705107981,apartment,0,8.1182,8.343913078308105
00705108589,apartment,0,8.3862,8.489864349365234
00705111849,apartment,0,9.159,8.768094062805176
00705111881,apartment,0,8.825,8.785746574401855
00705112039,apartment,0,8.8474,8.768913269042969
00705112063,apartment,0,9.2103,8.8858003616333
00705112500,apartment,0,8.95,8.787007331848145
00705112527,apartment,0,8.8639,8.794022560119629
00705201376,apartment,0,8.5172,8.554484367370605
00705201759,apartment,0,8.566,8.570971488952637
00705201767,apartment,0,8.5172,8.571162223815918
00705302806,apartment,0,8.6868,8.365201950073242
00705500217,apartment,0,8.8332,8.72826099395752
00705601145,apartment,0,8.4556,8.407561302185059
00705603245,apartment,0,8.8739,8.492619514465332
00705605701,apartment,0,8.6806,8.44981575012207
00705606767,apartment,0,8.5314,8.410637855529785
00705607607,apartment,0,8.0023,8.31749439239502
00705702030,apartment,0,8.6835,8.495115280151367
00705702227,apartment,0,9.1132,8.530159950256348
00705702413,apartment,0,8.9935,8.508143424987793
00705702588,apartment,0,8.4402,8.490608215332031
00705704130,apartment,0,8.9913,8.721739768981934
00705704157,apartment,0,8.9025,8.721739768981934
00705704181,apartment,0,8.9714,8.722211837768555
00706007220,apartment,0,8.1432,8.465689659118652
00706100425,apartment,0,8.635,8.568550109863281
00706104889,apartment,0,8.3183,8.572805404663086
00706105079,apartment,0,8.2097,8.54510498046875
00706105478,apartment,0,8.392,8.541875839233398
00706203429,apartment,0,7.8841,8.37684154510498
00706204549,apartment,0,8.7113,8.545750617980957
00706205049,apartment,0,8.6936,8.839963912963867
00706300629,apartment,0,8.9227,8.618037223815918
00706302710,apartment,0,8.1117,8.632831573486328
00706303512,apartment,0,7.9254,8.547313690185547
00706304373,apartment,0,8.2266,8.45568561553955
00706306775,apartment,0,8.2171,8.633014678955078
00706306971,apartment,0,7.893,8.622586250305176
00706311205,apartment,0,8.8467,8.906742095947266
00706311582,apartment,0,8.7881,8.866193771362305
00706312023,apartment,0,8.8953,8.928396224975586
00706312082,apartment,0,8.5172,8.797467231750488
00706312211,apartment,0,8.044,8.772419929504395
00706400429,apartment,0,8.7045,8.451824188232422
00706601521,apartment,0,8.1644,8.567224502563477
00706700589,apartment,0,8.6449,8.578474044799805
00706701011,apartment,0,8.6823,8.588278770446777
00706703588,apartment,0,9.0417,8.460465431213379
00706704193,apartment,0,7.737,8.626887321472168
00706801105,apartment,0,8.3453,8.41066837310791
00706801288,apartment,0,8.5755,8.502756118774414
00706802365,apartment,0,8.5623,8.713225364685059
00706803302,apartment,0,8.9397,8.88003921508789
00706803833,apartment,0,8.7685,8.770561218261719
00707013461,apartment,0,8.8093,8.771086692810059
00707101530,apartment,0,8.8169,8.899846076965332
00707101654,apartment,0,8.9161,8.91419792175293
00707102693,apartment,0,8.7285,8.880633354187012
00707102911,apartment,0,8.9161,8.930296897888184
00707105439,apartment,0,9.1515,9.012552261352539
00707105455,apartment,0,9.2182,8.868584632873535
00707106087,apartment,0,9.2223,9.012552261352539
00707106184,apartment,0,8.9223,8.887882232666016
00707106435,apartment,0,9.2274,9.069003105163574
00707106826,apartment,0,9.0153,9.055740356445312
00707106850,apartment,0,8.6995,8.9078369140625
00707106923,apartment,0,9.4906,9.027037620544434
00707107067,apartment,0,8.9416,9.022599220275879
00707200261,apartment,0,8.3517,8.417583465576172
00707601525,apartment,0,8.7156,8.573290824890137
00707604206,apartment,0,8.9577,8.492196083068848
00707701627,apartment,0,8.4727,8.580709457397461
00707701708,apartment,0,8.9227,8.647441864013672
00707709008,apartment,0,8.4407,8.419024467468262
00707710383,apartment,0,9.2608,8.569007873535156
00707714184,apartment,0,9.5925,8.487465858459473
00707718971,apartment,0,9.0608,8.902067184448242
00707815134,apartment,0,9.0403,8.852493286132812
00707816076,apartment,0,8.9157,8.853116989135742
00707816181,apartment,0,8.9407,8.872328758239746
00707816246,apartment,0,8.8861,8.852493286132812
00707816394,apartment,0,9.2231,8.853452682495117
00708101437,apartment,0,8.4219,8.40081787109375
00708101461,apartment,0,8.4402,8.421483039855957
00708103480,apartment,0,8.6006,8.483384132385254
00708104347,apartment,0,8.6164,8.508282661437988
00708107036,apartment,0,8.7573,8.713343620300293
00708108407,apartment,0,8.7571,8.703971862792969
00708110614,apartment,0,9.0731,8.969908714294434
00708110738,apartment,0,9.187,8.938029289245605
00708112366,apartment,0,9.0433,8.926701545715332
00708201407,apartment,0,8.2456,8.595185279846191
00708201458,apartment,0,8.6051,8.605600357055664
00708302335,apartment,0,8.6239,8.933087348937988
00708302610,apartment,0,9.0684,8.953301429748535
00708302904,apartment,0,8.671,8.940107345581055
00708303390,apartment,0,8.6031,8.92573356628418
00708303961,apartment,0,8.974,8.916609764099121
00708305083,apartment,0,8.8043,8.947132110595703
00708305385,apartment,0,8.8301,8.926407814025879
00708702104,apartment,0,8.6507,8.680288314819336
00709101651,apartment,0,8.4631,8.653125762939453
00709101783,apartment,0,8.2028,8.658488273620605
00709300298,apartment,0,9.5502,8.580458641052246
00709500858,apartment,0,8.5172,8.699243545532227
00709500998,apartment,0,8.0934,8.654669761657715
00709601492,apartment,0,8.6243,8.406691551208496
00709700865,apartment,0,8.6226,8.509639739990234
00800303083,apartment,0,8.4606,8.603885650634766
00800401832,apartment,0,8.5913,8.496376991271973
00800403101,apartment,0,8.5414,8.67919921875
00800403193,apartment,0,8.5578,8.679962158203125
00800403266,apartment,0,8.5564,8.702254295349121
00800403363,apartment,0,8.5294,8.702254295349121
00800403401,apartment,0,8.4553,8.662995338439941
00800403436,apartment,0,8.6156,8.605317115783691
00800403584,apartment,0,8.4195,8.665346145629883
00800403649,apartment,0,8.6276,8.58310604095459
00800502345,apartment,0,8.0843,8.510485649108887
00800502401,apartment,0,8.5172,8.507505416870117
00800502531,apartment,0,7.9749,8.195897102355957
00800800850,apartment,0,8.421,8.364821434020996
00800801040,apartment,0,8.5172,8.348478317260742
00800801581,apartment,0,8.0472,8.29965591430664
00800802438,apartment,0,8.4192,8.412270545959473
00801200601,apartment,0,8.4379,8.28966999053955
00801201411,apartment,0,7.6009,8.546002388000488
00801302749,apartment,0,8.4338,8.7266263961792
00801303222,apartment,0,8.4764,8.7266263961792
00801303419,apartment,0,8.3894,8.7266263961792
00801303605,apartment,0,8.342,8.753713607788086
00801304441,apartment,0,8.4902,8.727117538452148
00801304768,apartment,0,8.276,8.747129440307617
00801306124,apartment,0,8.414,8.7407808303833
00801306264,apartment,0,8.4287,8.733879089355469
00801306345,apartment,0,8.3976,8.683236122131348
00801400546,apartment,0,8.2371,8.354235649108887
00801500702,apartment,0,8.7413,8.52272891998291
00801502047,apartment,0,8.3953,8.613188743591309
00801502098,apartment,0,7.9294,8.558124542236328
00801502251,apartment,0,8.3928,8.507098197937012
00802202276,apartment,0,8.4219,8.513249397277832
00802302106,apartment,0,8.0104,8.439199447631836
00803101856,apartment,0,7.8623,8.279294967651367
00803102976,apartment,0,7.893,8.300008773803711
00803200846,apartment,0,8.2594,8.534475326538086
00803201036,apartment,0,8.102,8.353251457214355
00803303106,apartment,0,7.9576,8.395151138305664
00804301719,apartment,0,8.137,8.330657958984375
00804301905,apartment,0,7.8312,8.320406913757324
00804401756,apartment,0,8.3822,8.41474437713623
00804402620,apartment,0,7.9519,8.418766975402832
00804402663,apartment,0,8.4466,8.3977689743042
00804502196,apartment,0,8.1342,8.500551223754883
00804911071,apartment,0,8.0247,8.789701461791992
00805000615,apartment,0,7.9909,8.436842918395996
00805101861,apartment,0,8.1495,8.4954195022583
00805201688,apartment,0,8.032,8.308002471923828
00805300368,apartment,0,9.028,8.599245071411133
00805300449,apartment,0,8.7685,8.562935829162598
00805400941,apartment,0,8.3862,8.417485237121582
00805401040,apartment,0,8.3862,8.420930862426758
00805402111,apartment,0,8.2548,8.358449935913086
00805900977,apartment,0,7.8016,8.586146354675293
00805902651,apartment,0,7.4186,8.590072631835938
00806101369,apartment,0,8.1605,8.297711372375488
00806103434,apartment,0,8.061,8.629890441894531
00806103493,apartment,0,8.0093,8.575514793395996
00806103541,apartment,0,8.3428,8.642708778381348
00806300681,apartment,0,8.0523,8.371858596801758
00806400889,apartment,0,8.0182,8.467131614685059
00806401710,apartment,0,7.4186,8.52303409576416
00806801621,apartment,0,8.4197,8.523748397827148
00807001309,apartment,0,7.8083,8.413126945495605
00807300659,apartment,0,8.8049,8.603026390075684
00807801471,apartment,0,8.4787,8.650808334350586
00807802999,apartment,0,8.33,8.645148277282715
00807804444,apartment,0,7.8122,8.312907218933105
00807903752,apartment,0,8.0208,8.432501792907715
00807903760,apartment,0,8.2703,8.446932792663574
00807904864,apartment,0,8.2396,8.433786392211914
00807905089,apartment,0,8.4317,8.439533233642578
00808102532,apartment,0,7.5746,8.395859718322754
00808500929,apartment,0,8.3349,8.616579055786133
00808504428,apartment,0,7.7407,8.59954833984375
00808705016,apartment,0,8.3517,8.534317970275879
00808800558,apartment,0,8.4611,8.507126808166504
00808901494,apartment,0,8.4844,8.579051971435547
00809107661,apartment,0,8.1665,8.648364067077637
00809202549,apartment,0,8.5446,8.805126190185547
00809203650,apartment,0,8.3664,8.85932445526123
00809203820,apartment,0,8.3181,8.804280281066895
00900501065,apartment,0,8.4318,8.469643592834473
00900701821,apartment,0,8.9732,8.586363792419434
00900801468,apartment,0,8.4844,8.559202194213867
00900901772,apartment,0,8.3075,8.509005546569824
00900903562,apartment,0,8.2525,8.637332916259766
00901301671,apartment,0,9.0619,8.575203895568848
00901306010,apartment,0,8.5558,8.56859016418457
00901306029,apartment,0,8.7118,8.59154987335205
00901308072,apartment,0,8.1951,8.515658378601074
00901404152,apartment,0,8.6931,8.64756965637207
00901404233,apartment,0,8.8339,8.649930000305176
00901408239,apartment,0,8.7905,8.598612785339355
00901417688,apartment,0,8.5557,8.524327278137207
00901430501,apartment,0,9.0064,8.725780487060547
00901601055,apartment,0,8.8503,8.638608932495117
00901601081,apartment,0,8.8356,8.444032669067383
00901602299,apartment,0,7.667,8.627411842346191
00901604641,apartment,0,8.668,8.46303939819336
00901604887,apartment,0,8.6644,8.467377662658691
00901702250,apartment,0,8.8049,8.491090774536133
00901704296,apartment,0,7.6417,8.694550514221191
00901704555,apartment,0,8.616,8.602823257446289
00901707767,apartment,0,8.8744,8.539799690246582
00901805475,apartment,0,8.8135,8.672786712646484
00901807192,apartment,0,9.036,8.66916275024414
00901809446,apartment,0,8.5893,8.356051445007324
00901901822,apartment,0,8.3614,8.484804153442383
00901902373,apartment,0,8.4489,8.63187313079834
00901903930,apartment,0,8.6217,8.561505317687988
00901903991,apartment,0,8.9473,8.602897644042969
00901905585,apartment,0,8.7294,8.809375762939453
00901907812,apartment,0,8.9645,8.5557222366333
00901908002,apartment,0,8.5249,8.549566268920898
00901908908,apartment,0,8.8591,8.600729942321777
00901909548,apartment,0,8.9214,8.599396705627441
00902404229,apartment,0,8.288,8.952170372009277
00902404407,apartment,0,8.9227,8.961356163024902
00902501194,apartment,0,8.5791,8.64484977722168
00902602810,apartment,0,8.716,8.587348937988281
00902603655,apartment,0,8.5942,8.580866813659668
00902900129,apartment,0,8.2439,8.74295425415039
00903000598,apartment,0,7.9545,8.53618335723877
00903002256,apartment,0,8.7654,8.611831665039062
00903004331,apartment,0,9.6012,8.532221794128418
00903104318,apartment,0,8.6424,8.735998153686523
00903105454,apartment,0,8.9682,8.514252662658691
00903203685,apartment,0,8.1851,8.454469680786133
00903502690,apartment,0,8.7403,8.802383422851562
00903503255,apartment,0,8.9603,8.943096160888672
00903503476,apartment,0,9.2103,8.950663566589355
00903503621,apartment,0,9.2442,8.943096160888672
00904101916,apartment,0,8.8388,8.504928588867188
00904102696,apartment,0,8.7838,8.665736198425293
00904400840,apartment,0,8.4143,8.495185852050781
00904406016,apartment,0,8.6833,8.51356315612793
00904500446,apartment,0,8.571,8.46657657623291
00904501310,apartment,0,8.3774,8.58479118347168
00904600572,apartment,0,9.0644,8.892528533935547
00904600785,apartment,0,9.131,8.88733959197998
00904601161,apartment,0,9.0933,8.86103630065918
00904609987,apartment,0,9.2699,8.724516868591309
00904610772,apartment,0,7.8962,8.728129386901855
00904800644,apartment,0,9.2915,8.87053108215332
00904803694,apartment,0,8.7129,8.707369804382324
00904901270,apartment,0,8.8806,8.734820365905762
00904903060,apartment,0,9.0379,8.737764358520508
00904904555,apartment,0,8.7816,8.769543647766113
00904906205,apartment,0,9.2569,8.575904846191406
00905000374,apartment,0,8.4372,8.656773567199707
00905000714,apartment,0,8.6939,8.551828384399414
00905001486,apartment,0,8.695,8.541090965270996
00905001771,apartment,0,8.9316,8.640397071838379
00905103467,apartment,0,8.5406,8.687817573547363
00905109961,apartment,0,8.792,8.673088073730469
00905112301,apartment,0,9.0123,8.831621170043945
00905115430,apartment,0,9.028,8.86856746673584
00905201361,apartment,0,8.2224,8.62248420715332
00905202287,apartment,0,8.618,8.66025161743164
00905204697,apartment,0,8.8673,8.64222240447998
00905205057,apartment,0,8.8618,8.727846145629883
00905205898,apartment,0,8.4372,8.512313842773438
00905300629,apartment,0,8.8899,8.473958969116211
00905500334,apartment,0,8.7179,8.440510749816895
00905602234,apartment,0,8.8273,8.630828857421875
00905808738,apartment,0,9.0081,8.657140731811523
00905808851,apartment,0,9.5186,9.061114311218262
00905808983,apartment,0,9.4164,9.061354637145996
00905809416,apartment,0,9.248,9.113541603088379
00905809467,apartment,0,9.6259,9.130284309387207
00905809998,apartment,0,9.4588,9.130284309387207
00905810309,apartment,0,9.3593,9.127670288085938
00905810317,apartment,0,9.3593,9.127670288085938
00905810384,apartment,0,9.5096,9.061354637145996
00906300819,apartment,0,9.028,8.757789611816406
00906303508,apartment,0,8.9808,8.79102897644043
00906304326,apartment,0,9.0817,8.81125545501709
00906401496,apartment,0,8.7327,8.691944122314453
00906407443,apartment,0,8.7304,8.648106575012207
00906409330,apartment,0,8.7685,8.664773941040039
00906500206,apartment,0,8.0682,8.622772216796875
00906500303,apartment,0,8.1732,8.56112289428711
00906601509,apartment,0,8.1249,8.728217124938965
00906601940,apartment,0,8.598,8.612442016601562
00906900727,apartment,0,8.2195,8.540338516235352
00907003613,apartment,0,8.7775,8.61585807800293
00907004954,apartment,0,8.7633,8.710539817810059
00907008224,apartment,0,9.2722,8.89709186553955
00907008844,apartment,0,9.028,8.975994110107422
00907009395,apartment,0,9.4223,8.995146751403809
00907100376,apartment,0,8.9437,8.69422435760498
00907101178,apartment,0,8.8477,8.68123722076416
00907108415,apartment,0,9.6084,9.02136516571045
00907201172,apartment,0,8.8408,8.896191596984863
00907300456,apartment,0,8.8899,8.825815200805664
00907303404,apartment,0,8.5841,8.850805282592773
00907303420,apartment,0,8.6267,8.960909843444824
00907305474,apartment,0,9.6593,9.146173477172852
00907306241,apartment,0,9.5389,9.020023345947266
00907306810,apartment,0,9.4692,9.002907752990723
00907503071,apartment,0,9.3336,8.757832527160645
00907503403,apartment,0,8.5284,8.995122909545898
00907505139,apartment,0,8.5742,8.705803871154785
00907506348,apartment,0,8.6995,8.728503227233887
00907600451,apartment,0,8.8285,8.748409271240234
00907600964,apartment,0,8.8971,8.59011173248291
00907706037,apartment,0,8.7996,8.81342601776123
00907708341,apartment,0,9.1092,8.784077644348145
00907708587,apartment,0,8.9002,8.622142791748047
00907802230,apartment,0,8.5413,8.77165412902832
00908003617,apartment,0,8.616,8.583452224731445
00908004818,apartment,0,8.7921,8.653656005859375
00908203454,apartment,0,8.599,8.657771110534668
00908301162,apartment,0,8.8437,8.92141056060791
00908301790,apartment,0,8.435,8.834264755249023
00908305028,apartment,0,8.7311,8.848543167114258
00908402597,apartment,0,8.8259,8.86536979675293
00908402856,apartment,0,9.3675,8.919785499572754
00908404654,apartment,0,8.5804,8.728328704833984
00908404700,apartment,0,8.4755,8.718277931213379
00908501897,apartment,0,8.9403,8.787992477416992
00908503751,apartment,0,9.3049,8.854181289672852
00908506325,apartment,0,9.1014,8.786019325256348
00908507496,apartment,0,9.1678,8.826048851013184
00908508212,apartment,0,8.6868,8.822097778320312
00908602952,apartment,0,8.5425,8.601822853088379
00908611412,apartment,0,8.896,8.908278465270996
00908611463,apartment,0,9.0391,8.898171424865723
00908700741,apartment,0,8.6603,8.920818328857422
00908700830,apartment,0,9.1092,8.923742294311523
00908700881,apartment,0,9.0926,8.913455963134766
00908701381,apartment,0,9.0448,9.04391098022461
00908701721,apartment,0,8.3731,9.104795455932617
00908702991,apartment,0,9.2357,9.024778366088867
00908801051,apartment,0,8.7269,8.963288307189941
00908804555,apartment,0,8.955,8.937384605407715
00908805391,apartment,0,9.5917,8.986987113952637
00908901135,apartment,0,8.7036,8.894493103027344
00908902476,apartment,0,9.059,8.856361389160156
00908902913,apartment,0,8.9502,9.020033836364746
00908903308,apartment,0,8.6067,9.013280868530273
00908904304,apartment,0,8.6768,8.940535545349121
00909001316,apartment,0,8.9251,8.838363647460938
00909005532,apartment,0,9.1604,9.014083862304688
00909011885,apartment,0,9.0572,9.283856391906738
00909101205,apartment,0,9.0322,8.729541778564453
00909101353,apartment,0,9.145,8.706228256225586
00909102481,apartment,0,8.9088,8.681514739990234
00909102686,apartment,0,9.0191,8.881879806518555
00909207186,apartment,0,8.4498,8.654987335205078
00909400989,apartment,0,8.4553,8.52061939239502
00909501327,apartment,0,8.1787,8.432332038879395
00909702527,apartment,0,8.1934,8.6100435256958
00910102661,apartment,0,8.4087,8.568266868591309
01000100251,apartment,0,8.9015,8.50020694732666
01000200159,apartment,0,9.097,8.663966178894043
01000202046,apartment,0,8.8664,8.466312408447266
01000303292,apartment,0,8.9702,8.713838577270508
01000303373,apartment,0,8.9412,8.687606811523438
01000303438,apartment,0,9.3988,8.717734336853027
01000400700,apartment,0,9.0363,8.61698055267334
01000501078,apartment,0,9.3158,8.652551651000977
01000501361,apartment,0,9.174,8.581599235534668
01000503313,apartment,0,8.7632,8.452658653259277
01000503755,apartment,0,9.4164,8.471378326416016
01000505464,apartment,0,8.3666,8.66341495513916
01000702898,apartment,0,8.9292,8.449962615966797
01001000986,apartment,0,8.937,8.52792739868164
01001001141,apartment,0,8.8668,8.460296630859375
01001001771,apartment,0,9.1891,8.40461254119873
01001101170,apartment,0,9.3613,8.686005592346191
01001104323,apartment,0,8.392,8.577995300292969
01001105699,apartment,0,8.4229,8.516654014587402
01001107586,apartment,0,8.9872,8.50736141204834
01001107659,apartment,0,8.6587,8.562251091003418
01001107969,apartment,0,9.015,8.504525184631348
01001201493,apartment,0,8.7475,8.553237915039062
01001202910,apartment,0,8.6692,8.4882173538208
01001209419,apartment,0,8.8457,8.907402038574219
01001301633,apartment,0,8.5172,8.446511268615723
01001501101,apartment,0,9.2529,8.700615882873535
01001501101,apartment,0,8.6995,8.657343864440918
01001502922,apartment,0,8.9824,8.876256942749023
01001601246,apartment,0,8.7705,8.837510108947754
01001700562,apartment,0,8.8821,8.41836929321289
01001801407,apartment,0,8.6386,8.427288055419922
01001801601,apartment,0,8.8049,8.45518684387207
01001805127,apartment,0,8.974,8.680058479309082
01001901878,apartment,0,8.4017,8.924295425415039
01002000610,apartment,0,8.3779,8.797910690307617
01002100542,apartment,0,9.1735,8.785985946655273
01002303176,apartment,0,8.8301,8.597357749938965
01002304172,apartment,0,8.7285,8.420520782470703
01002305561,apartment,0,8.6788,8.446797370910645
01002311284,apartment,0,8.633,8.570084571838379
01002311756,apartment,0,8.637,8.57785415649414
01002316812,apartment,0,9.2103,8.586286544799805
01002317940,apartment,0,8.7898,8.567479133605957
01002317967,apartment,0,8.7494,8.567428588867188
01002318394,apartment,0,8.8415,8.565356254577637
01002402409,apartment,0,8.5713,8.365578651428223
01002404665,apartment,0,8.8597,8.576895713806152
01002408563,apartment,0,8.9047,8.461408615112305
01002408563,apartment,0,8.9327,8.480124473571777
01002409772,apartment,0,8.8945,8.599252700805664
01002410118,apartment,0,8.8711,8.56777572631836
01002410381,apartment,0,8.7955,8.615391731262207
01002414415,apartment,0,8.9561,8.714512825012207
01002414598,apartment,0,9.0562,8.713422775268555
01002415268,apartment,0,9.0562,8.717856407165527
01002421543,apartment,0,9.2238,8.977389335632324
01002421683,apartment,0,9.3794,8.976367950439453
01002421691,apartment,0,9.4061,8.984796524047852
01002510181,apartment,0,8.9851,8.854716300964355
01002510457,apartment,0,8.8049,8.798582077026367
01002512581,apartment,0,9.3654,8.871133804321289
01002513324,apartment,0,8.5262,8.741720199584961
01002514061,apartment,0,8.9359,8.817753791809082
01002514770,apartment,0,8.7129,8.792250633239746
01002600553,apartment,0,8.8739,8.641729354858398
01002701491,apartment,0,8.6272,8.421314239501953
01002706467,apartment,0,8.6088,8.459054946899414
01002707528,apartment,0,8.0472,8.523245811462402
01002716357,apartment,0,8.6603,8.734395027160645
01002719453,apartment,0,8.9087,8.811251640319824
01002719471,apartment,0,9.1856,8.792960166931152
01002722004,apartment,0,7.8818,8.96252155303955
01002902037,apartment,0,8.8114,8.606212615966797
01002902878,apartment,0,8.5876,8.617779731750488
01002903459,apartment,0,7.8829,8.393885612487793
01003101658,apartment,0,8.8849,8.686469078063965
01003107613,apartment,0,8.7688,8.897735595703125
01003204090,apartment,0,7.6397,8.595118522644043
01003204449,apartment,0,8.6996,8.599518775939941
01003212204,apartment,0,8.8849,8.822690963745117
01003212980,apartment,0,8.7179,8.839564323425293
01003213820,apartment,0,8.6415,9.076865196228027
01003214282,apartment,0,9.028,9.073125839233398
01003302769,apartment,0,8.7403,8.458516120910645
01003303404,apartment,0,8.5352,8.481435775756836
01003304346,apartment,0,8.4951,8.616939544677734
01003304419,apartment,0,8.6848,8.618297576904297
01003304621,apartment,0,8.6088,8.399944305419922
01003309747,apartment,0,8.8102,8.475281715393066
01003314341,apartment,0,8.8097,8.56309700012207
01003315291,apartment,0,8.8412,8.563252449035645
01003315976,apartment,0,9.3639,9.048823356628418
01003316492,apartment,0,9.3468,9.025413513183594
01003317804,apartment,0,7.8607,9.046890258789062
01003326765,apartment,0,8.7266,8.570733070373535
01003404022,apartment,0,8.6995,8.587249755859375
01003404634,apartment,0,8.2251,8.482741355895996
01003405096,apartment,0,8.187,8.5079345703125
01003405126,apartment,0,8.363,8.49224853515625
01003410715,apartment,0,8.7091,8.971026420593262
01003411673,apartment,0,9.3822,8.970800399780273
01003413463,apartment,0,9.2009,8.832001686096191
01003505198,apartment,0,8.2295,8.696308135986328
01003505546,apartment,0,7.7481,8.616975784301758
01003508065,apartment,0,7.9194,8.702803611755371
01003510711,apartment,0,8.6972,8.465005874633789
01003510711,apartment,0,8.6365,8.501161575317383
01003511201,apartment,0,8.6981,8.55385971069336
01003514944,apartment,0,7.7753,8.715251922607422
01003517293,apartment,0,7.9576,8.734619140625
01003520091,apartment,0,8.6808,8.43448257446289
01003523031,apartment,0,8.6207,8.50086498260498
01003523080,apartment,0,8.5172,8.582574844360352
01003529267,apartment,0,8.9227,8.81955623626709
01003529798,apartment,0,8.7139,8.863566398620605
01003529925,apartment,0,8.749,8.869098663330078
01003533108,apartment,0,8.2044,8.797989845275879
01003533728,apartment,0,8.8017,8.806427955627441
01003535143,apartment,0,8.8267,8.737105369567871
01003536549,apartment,0,8.5787,8.657065391540527
01003537596,apartment,0,9.0852,8.654767990112305
01003537741,apartment,0,9.2298,8.638649940490723
01003537936,apartment,0,9.2669,8.725032806396484
01003537979,apartment,0,8.8474,8.727615356445312
01003541623,apartment,0,8.7242,8.774436950683594
01003604064,apartment,0,8.8537,8.539994239807129
01003701191,apartment,0,8.9582,8.672269821166992
01003702538,apartment,0,8.4368,8.679362297058105
01003702880,apartment,0,8.8322,8.759578704833984
01003714536,apartment,0,9.4496,9.082765579223633
01003714633,apartment,0,9.5697,9.08495044708252
01003714765,apartment,0,9.0658,9.085088729858398
01003715133,apartment,0,8.914,9.085088729858398
01003800661,apartment,0,8.7275,8.711750030517578
01004001045,apartment,0,8.6163,8.705268859863281
01004002246,apartment,0,9.2241,9.034358978271484
01004303750,apartment,0,8.9227,8.648550033569336
01004700725,apartment,0,8.658,8.540942192077637
01004803907,apartment,0,8.5267,8.656281471252441
01004804131,apartment,0,8.4282,8.65674114227295
01004804644,apartment,0,8.2369,8.534168243408203
01004807384,apartment,0,8.6365,8.441402435302734
01004815433,apartment,0,8.3951,8.47592544555664
01004816103,apartment,0,8.6141,8.531142234802246
01004824769,apartment,0,8.7403,8.544610023498535
01004824882,apartment,0,8.8739,8.550331115722656
01004826192,apartment,0,8.7222,8.768109321594238
01004833040,apartment,0,9.4335,8.869730949401855
01004833067,apartment,0,9.4335,8.875174522399902
01004833512,apartment,0,8.5895,8.87753677368164
01004833733,apartment,0,8.9046,8.872712135314941
01004834391,apartment,0,8.9346,8.874715805053711
01004834837,apartment,0,8.4671,8.887104034423828
01004834926,apartment,0,8.3657,8.873283386230469
01004834977,apartment,0,9.0183,8.829073905944824
01004835132,apartment,0,9.0754,8.880708694458008
01004835221,apartment,0,8.9607,8.878486633300781
01004835876,apartment,0,9.3157,8.84738826751709
01004836112,apartment,0,8.3657,8.873283386230469
01005003610,apartment,0,9.2253,8.732817649841309
01005003904,apartment,0,9.1448,8.733793258666992
01005301212,apartment,0,8.7829,9.069497108459473
01005301271,apartment,0,9.0193,9.006141662597656
01005301530,apartment,0,9.2159,9.077003479003906
01005302367,apartment,0,8.7891,8.724958419799805
01005502722,apartment,0,8.9045,8.647808074951172
01005800251,apartment,0,9.0211,8.629169464111328
01005800758,apartment,0,8.8155,8.775640487670898
01006000641,apartment,0,8.9065,8.784976959228516
01006002316,apartment,0,8.9821,8.713047981262207
01006002685,apartment,0,8.7526,8.723587036132812
01006005072,apartment,0,8.7179,8.589284896850586
01006202587,apartment,0,8.7275,8.206918716430664
01006500431,apartment,0,8.8433,8.923623085021973
01006700455,apartment,0,8.8018,8.896818161010742
01006700587,apartment,0,8.8881,8.92849063873291
01006700692,apartment,0,9.2312,8.781683921813965
01006800751,apartment,0,9.4892,8.836051940917969
01006800808,apartment,0,9.3787,8.916929244995117
01007501499,apartment,0,8.7349,8.865521430969238
01007606681,apartment,0,9.1306,8.988265037536621
01007801761,apartment,0,9.6167,8.97227668762207
01007900547,apartment,0,9.1834,9.10560131072998
01008101885,apartment,0,9.2984,8.882874488830566
01008102709,apartment,0,9.3569,8.809050559997559
01008201995,apartment,0,8.9544,9.206620216369629
01008302279,apartment,0,9.1413,8.885053634643555
01008605794,apartment,0,9.458,9.146724700927734
01008701351,apartment,0,9.4129,8.973185539245605
01008703931,apartment,0,9.4541,8.989913940429688
01008800430,apartment,0,8.6198,9.00305461883545
01008800554,apartment,0,8.9358,9.004014015197754
01008900753,apartment,0,8.8238,9.015673637390137
01009104039,apartment,0,8.9938,9.271368980407715
01009202006,apartment,0,8.8883,8.764972686767578
01009202014,apartment,0,8.8883,9.052186965942383
01009300687,apartment,0,8.9136,9.08598804473877
01009400657,apartment,0,9.1839,8.921658515930176
01009401815,apartment,0,8.8856,8.919565200805664
01009403321,apartment,0,8.8639,8.948244094848633
01009500597,apartment,0,9.0231,8.949797630310059
01009501984,apartment,0,8.9177,9.0752534866333
01009502573,apartment,0,9.2319,9.057787895202637
01009600753,apartment,0,9.0372,9.21476936340332
01009601164,apartment,0,9.0606,9.16674518585205
01009702335,apartment,0,9.043,8.808778762817383
01009804431,apartment,0,9.0387,9.013615608215332
01009909967,apartment,0,9.4231,8.823925018310547
01010003844,apartment,0,9.3703,8.652555465698242
01100200681,apartment,0,8.6096,8.80300235748291
01102201261,apartment,0,8.8388,8.697758674621582
01102302376,apartment,0,8.3723,8.638718605041504
01102500992,apartment,0,8.4869,8.494705200195312
01102601594,apartment,0,8.6198,8.472332954406738
01102602825,apartment,0,9.0908,9.039609909057617
01105100715,apartment,0,8.7831,8.601109504699707
01106901673,apartment,0,8.6723,8.845499992370605
01106905091,apartment,0,8.7954,8.813308715820312
01106905555,apartment,0,9.4259,8.814888000488281
01106905636,apartment,0,9.2474,8.814080238342285
01106906373,apartment,0,9.1324,8.946237564086914
01106906756,apartment,0,9.1721,8.93437671661377
01106906799,apartment,0,8.6838,8.951729774475098
01106907256,apartment,0,9.1314,8.76401424407959
01106907728,apartment,0,8.9872,8.98073959350586
01106907787,apartment,0,8.8642,8.968751907348633
01106908511,apartment,0,9.1209,8.933134078979492
01106908570,apartment,0,9.0283,8.9822359085083
01107000645,apartment,0,8.5022,8.709894180297852
01107003695,apartment,0,8.495,8.989791870117188
01107003865,apartment,0,9.056,9.046368598937988
01107206197,apartment,0,8.9896,8.900176048278809
01107206383,apartment,0,8.8667,8.946168899536133
01107206456,apartment,0,8.8269,8.914566040039062
01107206529,apartment,0,9.0316,8.948847770690918
01107206588,apartment,0,9.0125,8.950042724609375
01107206618,apartment,0,8.95,8.9005765914917
01107206847,apartment,0,8.9048,8.903230667114258
01107207215,apartment,0,9.127,8.90564250946045
01107207444,apartment,0,8.9905,8.908744812011719
01107207533,apartment,0,9.0115,8.916348457336426
01107207551,apartment,0,9.0569,8.945148468017578
01107300673,apartment,0,9.6371,8.740191459655762
01107300681,apartment,0,9.5068,8.75328254699707
01107302811,apartment,0,9.0583,8.865988731384277
01107401070,apartment,0,9.0191,8.871977806091309
01107401437,apartment,0,8.5873,8.862422943115234
01108901883,apartment,0,9.1977,8.837406158447266
01108902235,apartment,0,9.2103,8.528315544128418
01109102623,apartment,0,9.2287,8.818658828735352
01109104049,apartment,0,9.0522,8.889427185058594
01109200188,apartment,0,8.8816,8.690187454223633
01109200307,apartment,0,9.0364,8.808934211730957
01109900759,apartment,0,9.1474,8.696431159973145
01109901161,apartment,0,9.4385,8.638249397277832
01109901275,apartment,0,9.292,8.640952110290527
01109902360,apartment,0,9.213,8.771621704101562
01109902476,apartment,0,9.2312,8.758736610412598
01110100876,apartment,0,9.0922,8.830936431884766
01110101627,apartment,0,8.8705,8.8932466506958
01110201184,apartment,0,8.5999,8.573655128479004
01110204043,apartment,0,8.9654,8.766768455505371
01110207239,apartment,0,9.1028,8.834742546081543
01111200467,apartment,0,8.8194,8.80040168762207
01112301402,apartment,0,9.0937,8.860974311828613
01112303200,apartment,0,8.9655,8.979963302612305
01112305475,apartment,0,8.9402,8.860902786254883
01112306481,apartment,0,8.7445,8.807799339294434
01112403965,apartment,0,9.3025,8.808995246887207
01112404074,apartment,0,9.2378,8.83674144744873
01112404171,apartment,0,9.0729,8.876574516296387
01113100907,apartment,0,8.9384,8.847955703735352
01113401941,apartment,0,8.6151,8.871603012084961
01113705337,apartment,0,8.9946,9.235618591308594
01200300688,apartment,7,9.1458,8.845714569091797
01201602963,apartment,7,8.3564,8.580769538879395
01201603145,apartment,7,8.4181,8.573051452636719
01201603986,apartment,7,8.1727,8.502748489379883
01201605954,apartment,7,9.0213,8.712807655334473
01201606195,apartment,7,8.948,8.71829605102539
01202002730,apartment,7,8.1337,8.782633781433105
01202003321,apartment,7,8.6619,8.778802871704102
01202100961,apartment,0,8.645,8.576261520385742
01202101038,apartment,0,8.635,8.578109741210938
01202101186,apartment,0,8.645,8.587363243103027
01202102093,apartment,0,8.9933,8.936361312866211
01202102107,apartment,0,8.8913,8.946840286254883
01202102530,apartment,0,8.3886,8.822052955627441
01202302671,apartment,7,8.7064,8.606744766235352
01202302726,apartment,7,8.6144,8.601239204406738
01202701371,apartment,0,8.2908,8.451504707336426
01202801862,apartment,0,8.7613,8.677080154418945
01203301073,apartment,0,8.2033,8.808246612548828
01203301601,apartment,0,8.5719,8.811933517456055
01203301642,apartment,0,8.7992,8.81322956085205
01203301839,apartment,0,8.6068,8.830961227416992
01203401701,apartment,0,8.7403,8.569925308227539
01203501536,apartment,0,8.861,8.583950996398926
01203501986,apartment,0,8.6852,8.567614555358887
01203502346,apartment,0,8.4752,8.585367202758789
01203502710,apartment,0,8.6252,8.653346061706543
01203503024,apartment,0,8.4668,8.653346061706543
01203503997,apartment,0,8.6901,8.75518798828125
01204003270,apartment,0,8.9055,8.872788429260254
01204201692,apartment,0,8.7875,9.079815864562988
01204400709,apartment,0,8.9792,8.549054145812988
01204500762,apartment,0,8.2515,8.640969276428223
01204501505,apartment,0,8.6995,8.618815422058105
01205001931,apartment,0,8.7023,8.469232559204102
01205002030,apartment,0,8.7494,8.477312088012695
01205003924,apartment,0,8.7368,8.563980102539062
01205103325,apartment,0,8.8058,8.892383575439453
01205103392,apartment,0,8.9783,8.881545066833496
01205103511,apartment,0,8.7967,8.90066909790039
01205103619,apartment,0,8.7073,8.877375602722168
01205103716,apartment,0,8.7856,8.881545066833496
01205104364,apartment,0,8.8341,8.90672492980957
01205104631,apartment,0,9.08,8.925064086914062
01205700900,apartment,0,8.4909,8.633777618408203
01205701321,apartment,0,8.5775,8.64519214630127
01205801596,apartment,0,8.9227,8.560818672180176
01205902813,apartment,0,8.5496,8.498814582824707
01205903313,apartment,0,8.4818,8.450143814086914
01205905758,apartment,0,8.92,8.896978378295898
01206001070,apartment,0,8.6826,8.701658248901367
01206801387,apartment,0,8.7354,8.67131519317627
01206803411,apartment,0,8.6882,8.629840850830078
01206804599,apartment,0,8.6052,8.585936546325684
01206808861,apartment,0,8.5942,8.880778312683105
01206808950,apartment,0,8.3279,8.87827205657959
01206809183,apartment,0,8.8344,8.879731178283691
01206809191,apartment,0,8.3656,8.87706470489502
01207001376,apartment,0,8.2331,8.589805603027344
01207002062,apartment,0,8.6386,8.563228607177734
01207002089,apartment,0,8.7295,8.594137191772461
01207005827,apartment,0,8.7169,8.674196243286133
01207101508,apartment,0,8.721,8.841296195983887
01207101567,apartment,0,8.8713,8.876906394958496
01207101664,apartment,0,8.4295,8.87731647491455
01207101699,apartment,0,8.7466,8.85901165008545
01207200328,apartment,0,9.0741,8.993810653686523
01207201111,apartment,0,8.851,9.030680656433105
01207301051,apartment,0,9.0843,8.657514572143555
01207301396,apartment,0,9.0874,8.712305068969727
01207301851,apartment,0,8.6656,8.703970909118652
01207303240,apartment,0,8.872,8.702656745910645
01207400629,apartment,0,8.9941,8.665148735046387
01207405566,apartment,0,8.5392,8.628837585449219
01207501344,apartment,0,8.5839,8.618593215942383
01207503290,apartment,0,8.8482,8.866446495056152
01207503428,apartment,0,8.9175,8.864542961120605
01207503703,apartment,0,8.9968,8.87714672088623
01207503754,apartment,0,8.9978,8.93683910369873
01207503762,apartment,0,8.9353,8.935620307922363
01207503797,apartment,0,8.9529,9.03602409362793
01207600784,apartment,0,8.5817,8.740155220031738
01207805580,apartment,0,9.3034,8.987363815307617
01207805688,apartment,0,9.5905,8.990190505981445
01207805858,apartment,0,9.3781,8.982912063598633
01207806099,apartment,0,9.3739,8.99663257598877
01208302523,apartment,0,8.7034,8.903329849243164
01208302582,apartment,0,8.6603,8.898296356201172
01208500333,apartment,0,8.729,8.571986198425293
01208500392,apartment,0,8.4641,8.564175605773926
01208602081,apartment,0,8.5229,8.612052917480469
01208604104,apartment,0,8.5685,8.538159370422363
01208604244,apartment,0,8.3999,8.44453239440918
01208900560,apartment,0,8.7508,8.721672058105469
01209000849,apartment,0,8.7998,8.730975151062012
01209102242,apartment,0,9.228,9.101752281188965
01209201720,apartment,0,8.6125,8.5761079788208
01209204096,apartment,0,8.495,9.157722473144531
01209303248,apartment,0,9.0852,8.560256958007812
01209303272,apartment,0,8.6096,8.571664810180664
01209602271,apartment,0,8.7655,8.447216033935547
01209603136,apartment,0,8.657,8.578594207763672
01210000660,apartment,0,8.4101,8.730568885803223
01210000709,apartment,0,8.576,8.861502647399902
01210201046,apartment,0,8.8257,8.824560165405273
01210202190,apartment,0,8.5272,8.85725212097168
01210203847,apartment,0,8.5652,8.687681198120117
01210204436,apartment,0,8.4925,8.65101432800293
01210403463,apartment,0,8.6894,8.449029922485352
01210404109,apartment,0,8.534,8.614665985107422
01210503344,apartment,0,8.9427,9.051652908325195
01210503905,apartment,0,9.0045,8.873858451843262
01210605732,apartment,0,8.6926,8.588238716125488
01210605880,apartment,0,8.4164,8.584623336791992
01210606331,apartment,0,8.6042,8.595770835876465
01210607875,apartment,0,8.5251,8.68496036529541
01210609959,apartment,0,8.81,8.72509765625
01210610205,apartment,0,9.1165,9.154123306274414
01210903131,apartment,0,8.6634,8.815999031066895
01211000958,apartment,0,8.6964,8.909618377685547
01211201309,apartment,0,9.0807,8.78705883026123
01211300821,apartment,0,9.1616,8.684721946716309
01211303314,apartment,0,9.3008,9.110910415649414
01211400131,apartment,0,9.2014,9.068190574645996
01211703101,apartment,0,9.0123,8.791707038879395
01211703967,apartment,0,9.0745,8.764845848083496
01211705651,apartment,0,9.358,8.828883171081543
01211706583,apartment,0,9.3382,8.837779998779297
01211801640,apartment,0,9.0825,8.948028564453125
01211801721,apartment,0,9.1695,8.947742462158203
01211801888,apartment,0,9.0938,8.947708129882812
01213502241,apartment,0,8.8319,8.620044708251953
01213505976,apartment,0,8.829,8.981656074523926
01213507251,apartment,0,9.3031,8.872791290283203
01213508940,apartment,0,9.2294,8.783466339111328
01214201776,apartment,7,8.7238,8.630474090576172
01214202012,apartment,7,8.4858,8.627635955810547
01215703538,apartment,0,9.384,8.837493896484375
01215704038,apartment,0,8.8331,8.885982513427734
01215901216,apartment,0,9.0815,8.885355949401855
01215901356,apartment,0,9.0296,8.8598051071167
01216100756,apartment,0,8.6144,8.8873291015625
01216102104,apartment,0,8.6931,8.93452262878418
01216802912,apartment,0,8.3741,8.50135326385498
01217304266,apartment,0,8.3402,8.714807510375977
01300103566,apartment,0,9.1058,9.14074420928955
01300301260,apartment,0,8.3788,8.695377349853516
01300301279,apartment,0,8.9268,8.678818702697754
01300602597,apartment,0,8.9421,8.804616928100586
01300603054,apartment,0,8.8714,8.819347381591797
01300606517,apartment,0,8.8857,9.024544715881348
01300608927,apartment,0,8.8728,9.108257293701172
01300610174,apartment,0,9.2359,9.042319297790527
01300610298,apartment,0,9.1814,9.042376518249512
01300610301,apartment,0,9.1947,9.040875434875488
01300610956,apartment,0,8.9516,8.990342140197754
01300703164,apartment,0,8.392,8.892302513122559
01300801700,apartment,0,8.8251,8.88416862487793
01300801931,apartment,0,9.1755,8.850000381469727
01300809280,apartment,0,8.8833,9.075878143310547
01300905239,apartment,0,8.8137,8.700605392456055
01300908981,apartment,0,9.1098,8.64478588104248
01300910224,apartment,0,8.8464,8.820350646972656
01300910763,apartment,0,8.8344,8.773018836975098
01300911506,apartment,0,8.7571,8.77136516571045
01300915633,apartment,0,9.1084,8.985515594482422
01300915757,apartment,0,9.0433,8.97380542755127
01300915978,apartment,0,9.3382,8.974098205566406
01300916273,apartment,0,9.1458,9.004744529724121
01301102075,apartment,0,8.8997,8.957018852233887
01301202134,apartment,0,8.9118,9.001733779907227
01301202355,apartment,0,9.5553,9.141488075256348
01301204463,apartment,0,9.4808,9.150620460510254
01301205311,apartment,0,8.898,8.921802520751953
01301206512,apartment,0,9.1856,8.92064380645752
01301207039,apartment,0,8.7767,9.063095092773438
01301305261,apartment,0,8.6548,8.72189998626709
01301306436,apartment,0,8.4503,8.655146598815918
01301308031,apartment,0,8.6125,8.85234260559082
01301401943,apartment,0,8.7163,8.885104179382324
01301403032,apartment,0,9.0894,8.744836807250977
01301404691,apartment,0,8.824,8.966678619384766
01301405639,apartment,0,9.0315,8.958094596862793
01301505218,apartment,0,9.1631,8.881450653076172
01301510939,apartment,0,9.2427,9.176092147827148
01301603996,apartment,0,8.9851,8.690180778503418
01301605778,apartment,0,8.8157,9.023268699645996
01301606286,apartment,0,8.6096,8.882058143615723
01301609481,apartment,0,9.1021,8.951680183410645
01301610321,apartment,0,8.5003,8.958907127380371
01301612561,apartment,0,9.2481,9.094548225402832
01301612855,apartment,0,8.9553,8.977995872497559
01301612936,apartment,0,9.0979,9.083760261535645
01301613703,apartment,0,9.0495,8.977433204650879
01301614246,apartment,0,8.9143,8.946809768676758
01301614254,apartment,0,8.8785,8.946809768676758
01301614467,apartment,0,8.9143,8.945180892944336
01301614580,apartment,0,8.9143,8.937865257263184
01301615196,apartment,0,9.112,9.171159744262695
01301700568,apartment,0,9.2035,8.91091537475586
01301700681,apartment,0,9.268,8.91053581237793
01301701572,apartment,0,9.2726,9.083374977111816
01301701981,apartment,0,8.9009,9.087440490722656
01301702404,apartment,0,9.148,9.0872163772583
01301703176,apartment,0,9.5819,9.0743408203125
01301703311,apartment,0,9.2518,9.029661178588867
01301703818,apartment,0,9.1926,9.119606018066406
01301704271,apartment,0,9.6527,9.013897895812988
01301704490,apartment,0,9.4051,9.040244102478027
01301704814,apartment,0,9.5236,9.008517265319824
01301705446,apartment,0,9.1097,9.040029525756836
01301801178,apartment,0,9.4628,9.126916885375977
01301801501,apartment,0,8.9408,8.96362590789795
01301804231,apartment,0,9.2758,9.05612850189209
01301806056,apartment,0,9.5308,9.069926261901855
01302002414,apartment,0,7.7957,9.159796714782715
01302002511,apartment,0,9.2866,9.155017852783203
01302002880,apartment,0,9.266,9.154359817504883
01302004832,apartment,0,9.0801,8.90755844116211
01302005261,apartment,0,9.2027,8.90805435180664
01302005340,apartment,0,9.3119,8.90784740447998
01302005898,apartment,0,8.4026,8.99590015411377
01302201281,apartment,0,8.4372,8.649779319763184
01302302809,apartment,0,8.689,9.010796546936035
01302302809,apartment,0,8.8739,9.002673149108887
01302302868,apartment,0,8.8793,8.899606704711914
01302303910,apartment,0,8.8666,8.798393249511719
01302312324,apartment,0,9.1933,9.18562126159668
01302401831,apartment,0,9.0488,9.031630516052246
01302502301,apartment,0,9.2974,8.917533874511719
01302601776,apartment,0,8.8263,8.792729377746582
01302801732,apartment,0,8.9045,8.728851318359375
01302902245,apartment,0,8.9552,8.77392864227295
01302902271,apartment,0,8.6654,8.71248722076416
01302906021,apartment,0,8.811,8.862873077392578
01302906887,apartment,0,9.0576,8.822493553161621
01303003511,apartment,0,8.8323,8.73287582397461
01303101858,apartment,0,8.9029,8.80276870727539
01303102528,apartment,0,8.7035,8.742538452148438
01303104601,apartment,0,8.9952,8.710443496704102
01303109395,apartment,0,8.7529,8.911590576171875
01303109867,apartment,0,9.0316,9.107292175292969
01303110253,apartment,0,9.3439,9.103581428527832
01303110369,apartment,0,8.9266,9.081064224243164
01303111306,apartment,0,9.1041,9.087475776672363
01303111527,apartment,0,9.076,9.08238410949707
01303111691,apartment,0,9.0801,9.082815170288086
01303112078,apartment,0,8.7558,9.13172721862793
01303112566,apartment,0,8.8533,9.121919631958008
01303115263,apartment,0,9.0659,8.925259590148926
01303115336,apartment,0,9.0579,8.931339263916016
01303117657,apartment,0,9.0538,8.844574928283691
01303117908,apartment,0,8.8963,8.860236167907715
01303118051,apartment,0,8.9494,8.93893814086914
01303301768,apartment,0,8.4974,9.140256881713867
01303303817,apartment,0,9.6911,9.057845115661621
01303304287,apartment,0,9.0781,9.065288543701172
01303401134,apartment,0,9.0703,8.907739639282227
01303401614,apartment,0,9.4633,9.109062194824219
01303402769,apartment,0,9.498,8.921592712402344
01303403714,apartment,0,9.6582,9.247681617736816
01303403791,apartment,0,9.5464,9.247681617736816
01303405628,apartment,0,9.4335,9.007266998291016
01303407371,apartment,0,8.8925,9.209716796875
01303503115,apartment,0,9.5061,9.084275245666504
01303503778,apartment,0,9.4706,9.14078426361084
01303504911,apartment,0,8.8169,9.010140419006348
01303602571,apartment,0,8.775,8.769554138183594
01303602970,apartment,0,8.9128,8.727703094482422
01303603561,apartment,0,8.8171,8.78021240234375
01303607697,apartment,0,9.0859,8.780815124511719
01303608006,apartment,0,8.974,8.820145606994629
01303705508,apartment,0,9.4058,9.028594970703125
01303705771,apartment,0,9.3581,9.02588176727295
01303805332,apartment,0,8.9063,9.209535598754883
01303807009,apartment,0,9.028,9.007343292236328
01304002241,apartment,0,8.8875,8.666391372680664
01304004351,apartment,0,8.6052,9.170207023620605
01304006621,apartment,0,9.174,9.24317741394043
01304006638,apartment,0,9.155,9.138346672058105
01304006931,apartment,0,8.9924,9.029977798461914
01304006972,apartment,0,8.8247,9.02794361114502
01304104729,apartment,0,9.0407,8.8060884475708
01304104753,apartment,0,8.899,8.775458335876465
01304107167,apartment,0,8.6953,8.684847831726074
01304108856,apartment,0,9.121,9.263967514038086
01304109291,apartment,0,9.1118,9.26546573638916
01304109313,apartment,0,9.2444,9.265424728393555
01304109356,apartment,0,9.3666,9.262321472167969
01304109577,apartment,0,9.2719,9.271167755126953
01304200388,apartment,0,8.9519,8.962987899780273
01304702006,apartment,0,8.482,8.78779411315918
01304702723,apartment,0,9.31,8.928399085998535
01304703908,apartment,0,8.5539,8.978374481201172
01304803414,apartment,0,8.7063,9.015778541564941
01304804143,apartment,0,8.3349,9.054537773132324
01304804623,apartment,0,9.2333,8.910481452941895
01304804674,apartment,0,9.0255,8.908879280090332
01305301579,apartment,0,8.851,8.555729866027832
01305502523,apartment,0,8.6308,8.783154487609863
01305900987,apartment,0,8.73,8.821869850158691
01305902531,apartment,0,8.9334,8.691905975341797
01305903031,apartment,0,8.7008,8.51683235168457
01305903730,apartment,0,8.8953,8.572199821472168
01306001511,apartment,0,8.5536,8.709321022033691
01306003180,apartment,0,8.6695,8.860786437988281
01306101085,apartment,0,8.9227,8.792415618896484
01306102383,apartment,0,8.7082,8.742746353149414
01306102448,apartment,0,8.5517,8.787910461425781
01306105722,apartment,0,8.9544,8.681427001953125
01306105927,apartment,0,8.9255,8.76635456085205
01306106176,apartment,0,9.2805,8.780167579650879
01306106850,apartment,0,8.9823,8.70730209350586
01306109396,apartment,0,9.3337,9.032369613647461
01306109671,apartment,0,9.2142,8.979331016540527
01306110270,apartment,0,9.0695,9.014835357666016
01306200431,apartment,0,8.9067,8.746142387390137
01306401951,apartment,0,8.6325,8.609880447387695
01306502446,apartment,0,8.7863,8.613072395324707
01306503523,apartment,0,8.8894,8.758012771606445
01306504643,apartment,0,9.1195,9.068168640136719
01306603201,apartment,0,9.2516,8.936248779296875
01306605938,apartment,0,9.24,9.002152442932129
01306900451,apartment,0,9.4736,8.900253295898438
01400102731,apartment,0,9.2168,8.946044921875
01400103371,apartment,0,8.7681,9.132112503051758
01400200520,apartment,0,9.4335,8.93486213684082
01400301173,apartment,0,9.2875,9.093385696411133
01400400627,apartment,0,9.1979,9.13032341003418
01400400661,apartment,0,9.0972,9.145980834960938
01400501083,apartment,0,8.5755,8.835526466369629
01400502845,apartment,0,8.497,8.94196891784668
01400502969,apartment,0,9.3833,8.937467575073242
01400503590,apartment,0,9.5583,9.035740852355957
01400802954,apartment,0,9.0852,9.228334426879883
01400802970,apartment,0,9.0418,9.180277824401855
01400902800,apartment,0,8.6849,8.908710479736328
01400903394,apartment,0,9.5216,8.959136962890625
01401004581,apartment,0,9.6473,9.14411449432373
01401301355,apartment,0,8.999,9.013856887817383
01401301525,apartment,0,8.8884,9.01459789276123
01401502083,apartment,0,9.5812,9.080265045166016
01401502555,apartment,0,9.1416,8.977063179016113
01401703631,apartment,0,9.5565,9.198467254638672
01401801511,apartment,0,9.3071,8.936506271362305
01401902081,apartment,0,8.9641,8.931221008300781
01401902146,apartment,0,9.4045,9.017617225646973
01401904475,apartment,0,9.5991,9.155776977539062
01402002963,apartment,0,8.9033,8.894704818725586
01402400411,apartment,0,9.0484,9.020959854125977
01402500742,apartment,0,9.6585,9.13962459564209
01402801947,apartment,0,9.3768,8.994937896728516
01402802201,apartment,0,9.2271,9.158799171447754
01403002177,apartment,0,9.4731,9.042983055114746
01403003033,apartment,0,9.19,9.092864990234375
01403003831,apartment,0,9.2512,9.116901397705078
01403003920,apartment,0,8.9065,8.927335739135742
01403004013,apartment,0,8.7796,9.031819343566895
01403600716,apartment,0,9.3297,9.125288009643555
01403701989,apartment,0,9.4061,8.92841625213623
01403803285,apartment,0,9.496,9.006875038146973
01403806209,apartment,0,9.181,9.056347846984863
01403901333,apartment,0,9.1092,8.889653205871582
01403905053,apartment,0,8.67,8.790374755859375
01403905487,apartment,0,9.1252,8.782050132751465
01403906580,apartment,0,9.1607,9.067032814025879
01403911088,apartment,0,9.0619,9.127463340759277
01403911381,apartment,0,8.6478,9.196488380432129
01403911568,apartment,0,9.6846,9.251228332519531
01403911622,apartment,0,8.6943,9.241438865661621
01403911622,apartment,0,9.6789,9.23805046081543
01403911630,apartment,0,9.6733,9.246198654174805
01403911762,apartment,0,8.6996,9.192967414855957
01403912203,apartment,0,8.7296,9.192967414855957
01403912270,apartment,0,9.5623,9.224822998046875
01403912343,apartment,0,9.1028,9.237951278686523
01404600371,apartment,0,8.9987,8.947725296020508
01404701303,apartment,0,9.1275,9.091438293457031
01404802088,apartment,0,9.2904,8.809115409851074
01404804897,apartment,0,9.1707,9.140644073486328
01404900969,apartment,0,8.5284,8.80511474609375
01404901353,apartment,0,8.8861,8.906103134155273
01404902309,apartment,0,9.1561,8.985918998718262
01405001186,apartment,0,8.9356,8.968127250671387
01405002344,apartment,0,8.8127,8.903745651245117
01405002761,apartment,0,8.8782,8.946235656738281
01405010495,apartment,0,9.2416,9.078425407409668
01405011874,apartment,0,9.0122,9.144100189208984
01405012031,apartment,0,9.1176,9.137825965881348
01405012641,apartment,0,9.524,9.126561164855957
01405013109,apartment,0,8.6226,9.136106491088867
01405701552,apartment,0,8.8828,9.098730087280273
01405901535,apartment,0,8.9227,8.880915641784668
01405904399,apartment,0,8.5368,8.820953369140625
01405905387,apartment,0,8.6367,8.824706077575684
01405905786,apartment,0,8.6289,8.819632530212402
01405905808,apartment,0,8.999,8.808485984802246
01405909439,apartment,0,8.991,8.887672424316406
01405909706,apartment,0,9.115,8.887672424316406
01405909749,apartment,0,9.115,8.884071350097656
01406002054,apartment,0,9.481,9.153465270996094
01406102547,apartment,0,8.5936,8.825496673583984
01406401919,apartment,0,9.0756,8.981690406799316
01406500631,apartment,0,9.2883,8.897480964660645
01406501506,apartment,0,8.8739,9.004451751708984
01406503037,apartment,0,9.0861,9.041186332702637
01406606421,apartment,0,8.9191,8.826656341552734
01406607657,apartment,0,9.3453,9.271018028259277
01406801240,apartment,0,9.2736,9.025996208190918
01406801631,apartment,0,9.0406,8.842931747436523
01406902942,apartment,0,8.8222,8.86080265045166
01407402110,apartment,0,8.8655,8.90347957611084
01407501038,apartment,0,9.2349,8.9557523727417
01407501852,apartment,0,9.1776,9.059432983398438
01407801511,apartment,0,9.0142,8.858405113220215
01407801661,apartment,0,8.7525,8.765172004699707
01407802623,apartment,0,9.1926,8.79213809967041
01407803239,apartment,0,8.7641,8.837430000305176
01408501791,apartment,0,9.0262,8.670816421508789
01408601273,apartment,0,8.7875,8.860960006713867
01408602229,apartment,0,8.8374,8.855171203613281
01408609959,apartment,0,8.6226,8.998119354248047
01408610086,apartment,0,9.3157,8.992331504821777
01408801043,apartment,0,9.2305,8.685674667358398
01408801574,apartment,0,8.8404,8.697779655456543
01408804336,apartment,0,8.8865,8.771135330200195
01408805073,apartment,0,9.0573,8.820773124694824
01408805510,apartment,0,8.7129,8.778340339660645
01409601463,apartment,0,8.8632,8.986210823059082
01409602516,apartment,0,9.0115,8.886053085327148
01409604357,apartment,0,9.3127,8.812776565551758
01409607690,apartment,0,8.9255,8.960041999816895
01409607798,apartment,0,9.235,8.964494705200195
01410203174,apartment,0,8.731,9.01953411102295
01410203867,apartment,0,9.0885,8.816715240478516
01410204278,apartment,0,8.8444,8.817721366882324
01410204571,apartment,0,9.0075,8.816142082214355
01410204936,apartment,0,8.8837,8.816142082214355
01500102296,apartment,0,8.9701,8.783014297485352
01500102822,apartment,0,8.7104,8.6429443359375
01500205931,apartment,0,8.8169,8.9006986618042
01500206261,apartment,0,8.9194,8.90677547454834
01500302503,apartment,0,9.0027,8.775453567504883
01500307009,apartment,0,8.781,8.880611419677734
01500309893,apartment,0,8.9485,8.978609085083008
01500310204,apartment,0,9.0721,8.97890567779541
01500402291,apartment,0,8.5608,8.802591323852539
01500406767,apartment,0,8.1908,8.67137622833252
01500407461,apartment,0,9.335,8.736261367797852
01500502405,apartment,0,8.9785,8.669224739074707
01500503347,apartment,0,8.8414,8.631382942199707
01500602795,apartment,0,8.5878,8.615022659301758
01500603872,apartment,0,8.8226,8.737886428833008
01500604003,apartment,0,8.9429,8.73176097869873
01500604208,apartment,0,8.9188,8.849624633789062
01500701270,apartment,0,8.8662,8.738601684570312
01500709174,apartment,0,8.978,8.826434135437012
01500801070,apartment,0,9.2434,8.604236602783203
01500801127,apartment,0,9.2558,8.621149063110352
01500801410,apartment,0,8.6656,8.86379337310791
01500804401,apartment,0,8.6253,9.000665664672852
01500901695,apartment,0,9.3907,8.83067512512207
01501401343,apartment,0,9.0549,8.752168655395508
01501500945,apartment,0,9.6264,9.182947158813477
01501500961,apartment,0,9.6304,9.183221817016602
01501601377,apartment,0,8.7525,9.044300079345703
01501601504,apartment,0,9.3115,9.03171443939209
01502204053,apartment,0,9.5107,9.043919563293457
01502303620,apartment,0,9.0021,8.592428207397461
01502304139,apartment,0,9.135,8.608075141906738
01502405970,apartment,0,9.1029,8.707225799560547
01502701006,apartment,0,8.1749,8.744565963745117
01502800578,apartment,0,9.1014,8.743785858154297
01503100571,apartment,6,9.2342,8.932369232177734
01503600912,apartment,0,8.8437,8.831929206848145
01503603393,apartment,0,9.2463,9.316183090209961
01503701840,apartment,0,9.237,8.95500373840332
01503701921,apartment,0,9.1712,8.942803382873535
01503701972,apartment,0,8.8687,8.945574760437012
01503702014,apartment,0,8.9323,8.95500373840332
01503702091,apartment,0,8.9249,8.945574760437012
01503702669,apartment,0,9.3104,8.943629264831543
01503702758,apartment,0,8.9787,8.95500373840332
01503702790,apartment,0,9.0704,8.943629264831543
01503702901,apartment,0,8.9713,8.948811531066895
01503703436,apartment,0,9.017,8.95500373840332
01503900428,apartment,0,9.4258,9.137008666992188
01503900452,apartment,0,9.6488,9.135598182678223
01503900691,apartment,0,9.5876,9.137213706970215
01503900908,apartment,0,8.8298,9.129473686218262
01503904113,apartment,0,8.9518,9.045174598693848
01503904520,apartment,0,9.2212,9.031743049621582
01503904881,apartment,0,9.2735,9.031743049621582
01503904962,apartment,0,8.7905,9.021698951721191
01503905462,apartment,0,9.7255,9.051769256591797
01503905871,apartment,0,9.3092,9.03399658203125
01504000781,apartment,0,9.3203,8.94392204284668
01504000811,apartment,0,9.3487,8.975545883178711
01504401751,apartment,0,8.9905,8.615663528442383
01504501926,apartment,0,8.7403,8.731462478637695
01504502035,apartment,0,8.6469,8.723250389099121
01504600703,apartment,0,8.5172,8.917350769042969
01504601440,apartment,0,8.8569,8.8812255859375
01504700805,apartment,0,8.8088,8.952323913574219
01504704851,apartment,0,9.1081,9.026327133178711
01504705221,apartment,0,8.7941,9.007062911987305
01504707435,apartment,0,9.3078,9.125534057617188
01504708164,apartment,0,9.3117,9.155282020568848
01504708229,apartment,0,9.1444,9.169713020324707
01504708679,apartment,0,8.8474,9.17375373840332
01504708830,apartment,0,9.414,9.170631408691406
01504708946,apartment,0,9.411,9.166926383972168
01504708954,apartment,0,9.2931,9.170631408691406
01504709101,apartment,0,9.3573,9.224427223205566
01504709365,apartment,0,8.9606,9.167438507080078
01504709381,apartment,0,8.6995,9.166257858276367
01504709632,apartment,0,8.8911,9.17892074584961
01505101190,apartment,0,9.4011,8.747757911682129
01505101468,apartment,0,9.4459,8.9000883102417
01505200954,apartment,0,9.2901,8.923824310302734
01505803896,apartment,0,8.7156,8.675474166870117
01507300964,apartment,0,8.4092,8.846040725708008
01507408854,apartment,0,9.0882,9.015298843383789
01507408870,apartment,0,9.1208,9.028847694396973
01507408935,apartment,0,9.2157,9.023249626159668
01507600811,apartment,0,8.7051,8.763968467712402
01507602383,apartment,0,9.1918,9.232463836669922
01509100776,apartment,6,8.9785,8.960359573364258
01509310460,apartment,6,9.5933,9.014795303344727
01509701338,apartment,6,8.1456,8.889806747436523
01604400315,apartment,6,8.5119,9.069498062133789
01604601671,apartment,6,9.0718,8.973920822143555
01604705752,apartment,6,9.4026,9.020557403564453
01604800496,apartment,6,9.4036,9.009332656860352
01604800739,apartment,6,9.6014,8.893257141113281
01604801247,apartment,6,8.7374,9.00650405883789
01604804254,apartment,6,8.8049,8.798380851745605
01604900482,apartment,6,9.2926,8.900947570800781
01604900822,apartment,6,9.017,9.049397468566895
01604901578,apartment,6,9.3737,9.061994552612305
01604903473,apartment,6,8.9929,8.90746784210205
01605003611,apartment,6,9.5746,9.05472183227539
01605006939,apartment,6,9.6031,9.267773628234863
01605401285,apartment,6,9.6513,8.919061660766602
01605401439,apartment,6,9.5148,8.929100036621094
01605401447,apartment,6,9.5148,8.911855697631836
01605500755,apartment,6,9.1107,9.049942016601562
01605900613,apartment,6,9.6528,8.7915620803833
01606000322,apartment,6,9.0733,8.974441528320312
01606000624,apartment,6,9.1474,8.915756225585938
01606201581,apartment,6,9.3759,8.845368385314941
01606203525,apartment,6,9.0901,8.845368385314941
01606502255,apartment,6,9.4753,8.949848175048828
01606504037,apartment,6,8.7216,9.002634048461914
01606506668,apartment,6,9.0877,8.923110961914062
01606507036,apartment,6,9.2374,8.961191177368164
01606508296,apartment,6,8.9553,8.845039367675781
01606601652,apartment,6,9.254,9.215662002563477
01607401258,apartment,6,9.3105,8.981688499450684
01607403161,apartment,6,9.6826,8.89209270477295
01607605112,apartment,6,7.4757,8.748942375183105
01607605171,apartment,6,9.0581,8.757919311523438
01607606887,apartment,6,9.2271,8.76849365234375
01607803135,apartment,6,9.1757,8.884737968444824
01607806819,apartment,6,8.775,8.888203620910645
01608001369,apartment,6,9.2743,9.019725799560547
01608003531,apartment,6,9.1233,8.856306076049805
01608004090,apartment,6,9.4442,9.043737411499023
01608004260,apartment,6,8.9046,9.043691635131836
01608007715,apartment,6,9.143,9.014627456665039
01608008037,apartment,6,8.76,8.939352035522461
01608010181,apartment,6,9.2616,9.088336944580078
01608011951,apartment,6,9.1303,9.05916976928711
01608014975,apartment,6,9.0786,8.835902214050293
01608015238,apartment,6,9.0661,8.834905624389648
01608015246,apartment,6,8.9006,8.81937313079834
01608017893,apartment,6,9.6255,9.099326133728027
01608018261,apartment,6,9.7046,8.93175983428955
01608100693,apartment,6,9.5732,8.953470230102539
01609002482,apartment,6,8.8573,8.766416549682617
01609202848,apartment,6,9.1253,9.036139488220215
01609203194,apartment,6,8.9441,8.892895698547363
01609802969,apartment,6,9.5913,9.254049301147461
01609900774,apartment,6,8.8164,8.999704360961914
01609906438,apartment,6,9.14,9.065582275390625
01610003731,apartment,6,8.9554,9.002148628234863
01610101235,apartment,6,8.7824,8.879476547241211
01610203240,apartment,6,8.9245,8.99036979675293
01610301031,apartment,6,8.7096,8.903151512145996
01610403770,apartment,6,9.4283,9.218206405639648
01610602161,apartment,6,8.7938,8.675788879394531
01610611454,apartment,6,9.4258,9.100217819213867
01610612957,apartment,6,9.3255,8.96771240234375
01610613708,apartment,6,9.5189,8.827702522277832
01610613899,apartment,6,9.2357,8.979801177978516
01610614194,apartment,6,9.5897,8.99267578125
01611903191,apartment,6,9.2922,8.678466796875
01611903221,apartment,6,9.6034,8.850982666015625
01612002579,apartment,6,8.9823,8.76145076751709
01612007759,apartment,6,9.6932,9.032926559448242
01612100902,apartment,6,8.4387,8.88336181640625
01612200631,apartment,6,9.1466,8.50617790222168
01613601832,apartment,6,8.8581,9.013428688049316
01613602359,apartment,6,9.3724,8.79688835144043
01613602499,apartment,6,9.0391,8.759448051452637
01613602731,apartment,6,9.2287,8.922245979309082
01613604221,apartment,6,8.4616,8.829523086547852
01613902336,apartment,6,9.505,9.17144775390625
01614401640,apartment,6,9.1354,8.824509620666504
01614402019,apartment,6,9.3293,8.976637840270996
01614404542,apartment,6,8.9025,8.778097152709961
01614405034,apartment,6,8.8173,8.837642669677734
01614702829,apartment,6,8.8204,8.659221649169922
01614703442,apartment,6,9.2339,8.837766647338867
01614704351,apartment,6,9.2974,8.870343208312988
01615000992,apartment,6,8.5459,8.564905166625977
01615301062,apartment,6,9.0011,8.727296829223633
01615302786,apartment,6,8.7084,8.805513381958008
01615303049,apartment,6,9.1065,8.824203491210938
01615303960,apartment,6,9.0724,8.741324424743652
01615500944,apartment,6,9.0873,9.244394302368164
01615800352,apartment,6,8.7314,9.056349754333496
01615901264,apartment,0,9.1341,9.156003952026367
01615901388,apartment,0,9.4007,9.160136222839355
01616000023,apartment,0,8.7147,8.915879249572754
01616305444,apartment,6,9.1695,8.829280853271484
01616305673,apartment,6,9.0745,8.831921577453613
01616401257,apartment,6,8.4869,9.027311325073242
01616401478,apartment,6,8.7101,8.981649398803711
01616502568,apartment,6,9.1536,9.004035949707031
01616502584,apartment,6,9.2442,9.010515213012695
01616506970,apartment,6,8.7949,8.939085960388184
01616508000,apartment,6,9.2366,9.004108428955078
01616701854,apartment,6,8.9709,8.80739974975586
01616702605,apartment,6,9.4409,8.911996841430664
01616704799,apartment,6,8.8503,9.078847885131836
01616706082,apartment,6,9.4894,9.07003402709961
01616706716,apartment,6,9.2699,9.206687927246094
01701703981,apartment,9,8.3523,8.383280754089355
01701704171,apartment,9,7.478,8.39913272857666
01701705273,apartment,9,8.6074,8.401176452636719
01701705915,apartment,9,8.6587,8.402480125427246
01701706229,apartment,9,8.4764,8.393996238708496
01701708371,apartment,9,8.4654,8.393389701843262
01702100502,apartment,9,8.1787,8.10980224609375
01704102960,apartment,9,8.2171,8.24028491973877
01704700868,apartment,9,8.2841,8.451904296875
01704701988,apartment,9,8.3851,8.46689224243164
01704702860,apartment,9,8.0549,8.500279426574707
01706601182,apartment,0,8.2548,8.119962692260742
01706700695,apartment,9,7.7351,8.074968338012695
01706700989,apartment,9,7.4186,8.142014503479004
01706700997,apartment,9,8.2435,8.22892951965332
01708101071,apartment,9,7.9281,7.902071952819824
01708400621,apartment,0,7.6279,8.02232551574707
01708400761,apartment,0,7.9576,8.024250030517578
01708901566,apartment,9,8.0014,8.18985652923584
01708902066,apartment,9,7.9374,8.00971794128418
01710603933,apartment,4,8.0444,8.384639739990234
01710604425,apartment,4,8.397,8.398881912231445
01710606118,apartment,4,7.9927,8.363258361816406
01710607548,apartment,4,8.397,8.390731811523438
01710608201,apartment,4,7.9462,8.367965698242188
01710608986,apartment,4,7.9958,8.369497299194336
01800602383,apartment,0,8.6061,8.635370254516602
01801902534,apartment,0,8.4436,8.636856079101562
01801903069,apartment,0,8.3509,8.665641784667969
01802203877,apartment,0,8.5007,8.619553565979004
01802204377,apartment,0,8.5325,8.60745906829834
01803000929,apartment,0,7.7959,8.123785018920898
01803202416,apartment,0,8.0878,8.0927095413208
01803202874,apartment,0,7.7466,8.084526062011719
01803301430,apartment,0,8.5304,8.7184419631958
01804501042,apartment,0,8.2382,8.274898529052734
01804501123,apartment,0,8.4021,8.26710033416748
01804501514,apartment,0,8.1658,8.241522789001465
01804801437,apartment,0,7.7212,8.240239143371582
01804804088,apartment,0,8.2637,8.243021965026855
01804804991,apartment,0,8.0819,8.232954025268555
01804805246,apartment,0,7.8028,8.238638877868652
01804900850,apartment,0,8.4659,8.393900871276855
01804901253,apartment,0,8.4482,8.398699760437012
01804902292,apartment,0,7.6946,8.15581226348877
01805000373,apartment,0,7.887,8.18239688873291
01806200961,apartment,0,8.0341,8.222243309020996
01901001520,apartment,0,8.2795,8.246210098266602
01901001581,apartment,0,8.2548,8.25053882598877
01901303780,apartment,0,8.541,8.769916534423828
01901304949,apartment,0,8.431,8.693285942077637
01903000777,apartment,0,8.3501,8.367703437805176
01903200563,apartment,0,8.3837,8.256075859069824
01903300673,apartment,0,8.0985,8.282127380371094
01903801249,apartment,0,8.2369,8.21861743927002
01903903483,apartment,0,8.2828,8.557833671569824
01904502083,apartment,0,9.6316,8.533442497253418
01904502458,apartment,0,8.6945,8.480090141296387
01904503950,apartment,0,8.5019,8.478897094726562
01904804640,apartment,0,7.902,8.568352699279785
01905305648,apartment,0,8.6538,8.619789123535156
01905305974,apartment,0,8.3666,8.621309280395508
01905306301,apartment,0,8.648,8.619318962097168
01905308000,apartment,0,8.6108,8.621309280395508
01905308231,apartment,0,8.3137,8.620141983032227
01906100438,apartment,0,8.3033,8.63209342956543
01906101027,apartment,0,8.4662,8.628340721130371
01906102589,apartment,0,8.4056,8.632628440856934
01906104042,apartment,0,7.464,8.635343551635742
01906105014,apartment,0,8.3682,8.7149076461792
01906106525,apartment,0,8.6978,8.764701843261719
01906107270,apartment,0,8.558,8.762896537780762
01906111723,apartment,0,8.5778,8.76600170135498
01906111944,apartment,0,8.7403,8.765151977539062
01906112916,apartment,0,8.5627,8.64235782623291
01906114791,apartment,0,8.5288,8.664994239807129
01906116016,apartment,0,8.5325,8.713421821594238
01906116660,apartment,0,8.7091,8.716753005981445
01906116660,apartment,0,8.7091,8.722442626953125
01906116849,apartment,0,8.2754,8.722886085510254
01906117179,apartment,0,8.5172,8.718998908996582
01906118361,apartment,0,8.7706,8.723808288574219
01907801601,apartment,0,8.5152,8.316240310668945
01908100982,apartment,0,7.9047,8.390156745910645
01908401354,apartment,0,7.9133,8.27596378326416
01908500816,apartment,0,8.1648,8.292919158935547
01909301248,apartment,0,8.5817,8.334572792053223
01909800368,apartment,0,7.6756,8.201409339904785
01910501409,apartment,0,8.844,8.660059928894043
01910501573,apartment,0,8.1381,8.72282600402832
01910501654,apartment,0,8.1397,8.724234580993652
01910503088,apartment,0,8.7285,8.677398681640625
01910505609,apartment,0,8.8468,8.603811264038086
01910507679,apartment,0,8.3857,8.695128440856934
01910508098,apartment,0,8.4558,8.691123008728027
01910509302,apartment,0,8.6148,8.731508255004883
01910510491,apartment,0,8.7761,8.733038902282715
01910510661,apartment,0,8.6042,8.721916198730469
01910514292,apartment,0,8.5621,8.710505485534668
02000202675,apartment,0,8.0376,8.518804550170898
02000202871,apartment,0,8.0376,8.518804550170898
02000203371,apartment,0,8.0376,8.51774787902832
02000301861,apartment,0,8.6465,8.932723999023438
02000303390,apartment,0,8.9125,8.88491153717041
02000303791,apartment,0,8.9525,8.887764930725098
02000305202,apartment,0,8.2171,8.622712135314941
02000305581,apartment,0,8.6667,8.686376571655273
02000305628,apartment,0,8.3192,8.620515823364258
02000305687,apartment,0,8.7623,8.623190879821777
02000306322,apartment,0,8.6173,8.658246040344238
02000307531,apartment,0,8.7026,8.614458084106445
02000307663,apartment,0,8.5613,8.645946502685547
02000308376,apartment,0,8.5889,8.707798957824707
02000308376,apartment,0,8.8334,8.699134826660156
02000308406,apartment,0,8.53,8.694318771362305
02000308554,apartment,0,8.5143,8.71231746673584
02000309097,apartment,0,8.5746,8.696619987487793
02000309275,apartment,0,8.733,8.71231746673584
02000309496,apartment,0,8.7437,8.54742431640625
02000309860,apartment,0,8.5494,8.597088813781738
02000310656,apartment,0,8.4288,8.567891120910645
02000310885,apartment,0,8.5614,8.604905128479004
02000310966,apartment,0,8.54,8.598552703857422
02000311490,apartment,0,8.4855,8.522590637207031
02000312187,apartment,0,8.6329,8.5953369140625
02000312217,apartment,0,8.4732,8.519001007080078
02000312977,apartment,0,8.7324,8.543212890625
02000313477,apartment,0,8.7167,8.599958419799805
02000313582,apartment,0,8.3929,8.573461532592773
02000313701,apartment,0,8.5903,8.582005500793457
02000313922,apartment,0,8.6708,8.615409851074219
02000313957,apartment,0,8.5616,8.59743881225586
02000314325,apartment,0,8.4802,8.581787109375
02000401392,apartment,0,8.7369,8.586779594421387
02000800734,apartment,0,8.0472,8.417622566223145
02000800750,apartment,0,7.8522,8.384525299072266
02001101287,apartment,0,8.7598,8.660146713256836
02001101414,apartment,0,8.7803,8.664814949035645
02001101759,apartment,0,8.7729,8.701323509216309
02001102747,apartment,0,8.7184,8.664527893066406
02001200889,apartment,0,8.6713,8.376932144165039
02001400128,apartment,0,8.4118,8.629120826721191
02001400756,apartment,0,8.407,8.671294212341309
02001400829,apartment,0,8.4727,8.678627967834473
02001401711,apartment,0,8.3972,8.673798561096191
02001401991,apartment,0,8.3366,8.67724895477295
02001402236,apartment,0,8.5925,8.689812660217285
02001403526,apartment,0,8.1924,8.669047355651855
02001405898,apartment,0,9.0394,8.844658851623535
02001501765,apartment,0,8.7233,8.60663890838623
02001505132,apartment,0,8.6376,8.674179077148438
02001602774,apartment,0,8.164,8.518608093261719
02001700393,apartment,0,8.4672,8.268165588378906
02001700482,apartment,0,8.5061,8.272916793823242
02001701871,apartment,0,8.5066,8.271499633789062
02001702507,apartment,0,8.1399,8.174054145812988
02001704593,apartment,0,8.0754,8.351625442504883
02002102491,apartment,0,8.2548,8.515534400939941
02002103925,apartment,0,8.2402,8.584898948669434
02002401871,apartment,0,8.9761,8.765419960021973
02003100921,apartment,0,8.6085,8.695707321166992
02003101888,apartment,0,8.9352,8.687847137451172
02003401881,apartment,0,8.5486,8.385202407836914
02003500987,apartment,0,8.1807,8.247288703918457
02003504664,apartment,0,7.9655,8.335381507873535
02003505024,apartment,0,8.1292,8.299689292907715
02003700757,apartment,0,8.0956,8.546113014221191
02003900780,apartment,0,8.3894,8.479366302490234
02004003618,apartment,0,8.7101,8.5205717086792
02004004721,apartment,0,8.5172,8.519198417663574
02004103167,apartment,0,8.2264,8.27321720123291
02004103817,apartment,0,9.0546,8.660937309265137
02004104449,apartment,0,8.6569,8.666319847106934
02004203846,apartment,0,8.5751,8.465816497802734
02004604174,apartment,0,8.626,8.7119722366333
02004701285,apartment,0,8.5366,8.530281066894531
02004701315,apartment,0,8.645,8.591861724853516
02004701846,apartment,0,8.2854,8.496024131774902
02004702494,apartment,0,8.6254,8.447867393493652
02004706775,apartment,0,8.7373,8.665574073791504
02004707100,apartment,0,8.8681,8.664085388183594
02004901063,apartment,0,8.5768,8.779718399047852
02004902604,apartment,0,8.5999,8.775797843933105
02004902744,apartment,0,8.6519,8.873517036437988
02004902779,apartment,0,8.5437,8.882144927978516
02005001538,apartment,0,8.4219,8.482465744018555
02005101206,apartment,0,8.6156,8.41238021850586
02005201261,apartment,0,8.3439,8.381723403930664
02005204501,apartment,0,8.947,8.655716896057129
02006000683,apartment,0,8.3902,8.475823402404785
02006001027,apartment,0,8.8296,8.544371604919434
02006003739,apartment,0,8.3602,8.439542770385742
02006003895,apartment,0,8.6226,8.440308570861816
02006004522,apartment,0,8.7308,8.44543743133545
02006102117,apartment,0,8.5713,8.51769733428955
02006102631,apartment,0,8.6531,8.412243843078613
02006105469,apartment,0,8.6692,9.04654598236084
02006105728,apartment,0,8.8612,9.034034729003906
02006201492,apartment,0,8.5108,8.612994194030762
02006201638,apartment,0,8.4462,8.512500762939453
02006201670,apartment,0,8.5057,8.488554954528809
02006203037,apartment,0,8.4043,8.483343124389648
02006206222,apartment,0,8.6048,8.423970222473145
02006303457,apartment,0,8.3425,8.440422058105469
02006305786,apartment,0,8.5637,8.588278770446777
02006305859,apartment,0,8.7929,8.596084594726562
02006305883,apartment,0,7.9429,8.62122917175293
02006305891,apartment,0,7.9768,8.634819984436035
02006404377,apartment,0,8.0937,8.59521484375
02006409816,apartment,0,8.6398,8.538589477539062
02006501526,apartment,0,8.2811,8.39226245880127
02006502573,apartment,0,8.4276,8.39555549621582
02006503855,apartment,0,8.4461,8.548359870910645
02006503881,apartment,0,8.5734,8.416409492492676
02006504002,apartment,0,8.6458,8.550155639648438
02006504703,apartment,0,8.7285,8.391002655029297
02006506951,apartment,0,8.4712,8.471017837524414
02006510444,apartment,0,8.0182,8.41694450378418
02006510479,apartment,0,8.2262,8.469447135925293
02006510509,apartment,0,8.2052,8.556129455566406
02006510800,apartment,0,8.7796,8.595680236816406
02006600850,apartment,0,8.6036,8.46377944946289
02006602691,apartment,0,8.6037,8.594635009765625
02006603167,apartment,0,8.6365,8.391697883605957
02006604147,apartment,0,8.7536,8.533631324768066
02006700626,apartment,0,8.3374,8.433902740478516
02006700693,apartment,0,8.2336,8.440340042114258
02006800809,apartment,0,8.6921,8.894376754760742
02006800841,apartment,0,8.7151,8.891377449035645
02006801341,apartment,0,9.0892,8.971395492553711
02006900633,apartment,0,8.8288,8.57995319366455
02006904541,apartment,0,8.7883,8.499515533447266
02007200732,apartment,0,8.8445,8.579023361206055
02007303949,apartment,0,8.406,8.579294204711914
02007303973,apartment,0,8.4631,8.564359664916992
02007303981,apartment,0,8.6082,8.634150505065918
02007304023,apartment,0,8.4905,8.579294204711914
02007304058,apartment,0,8.5809,8.580973625183105
02007400774,apartment,0,8.6427,8.592735290527344
02007400812,apartment,0,8.7542,8.554574966430664
02007402882,apartment,0,8.4873,8.57234001159668
02007500469,apartment,0,8.9934,8.55772590637207
02007503239,apartment,0,8.26,8.708601951599121
02007601672,apartment,0,8.7164,8.75876235961914
02007703221,apartment,0,9.2915,8.668821334838867
02007704390,apartment,0,8.9395,8.508557319641113
02007704633,apartment,0,8.5958,8.4899320602417
02007704749,apartment,0,8.5788,8.734967231750488
02007803011,apartment,0,8.6419,8.457663536071777
02007805006,apartment,0,8.673,8.767292022705078
02007807416,apartment,0,8.9538,8.532302856445312
02007809486,apartment,0,9.0738,8.544589042663574
02007810883,apartment,0,8.9122,8.391396522521973
02007812991,apartment,0,8.5761,8.65510082244873
02007813017,apartment,0,8.3722,8.60914134979248
02007903717,apartment,0,8.7248,8.664196014404297
02007904381,apartment,0,8.9393,8.474111557006836
02007906287,apartment,0,7.9729,8.60219669342041
02008002470,apartment,0,8.5959,8.763396263122559
02008004155,apartment,0,8.4381,8.455723762512207
02008004181,apartment,0,8.6631,8.485686302185059
02008004570,apartment,0,8.9652,8.454695701599121
02008005496,apartment,0,8.5586,8.462991714477539
02008007316,apartment,0,8.7829,8.44156265258789
02008010449,apartment,0,8.6125,8.604002952575684
02008010619,apartment,0,8.3594,8.58938980102539
02008101118,apartment,0,8.4605,8.448811531066895
02008300730,apartment,0,8.2057,8.756925582885742
02008600823,apartment,0,8.8858,8.601301193237305
02008602321,apartment,0,8.5065,8.71074104309082
02008701182,apartment,0,9.0691,8.74942684173584
02008801187,apartment,0,8.4517,8.593535423278809
02008801470,apartment,0,8.7223,8.86145305633545
02008802231,apartment,0,8.2787,8.628050804138184
02008901491,apartment,0,8.7692,8.566844940185547
02008903478,apartment,0,8.3331,8.704581260681152
02008905217,apartment,0,8.8953,8.533766746520996
02009001826,apartment,0,8.8224,8.733868598937988
02009004590,apartment,0,8.9692,8.447017669677734
02009005031,apartment,0,8.7536,8.443723678588867
02009008464,apartment,0,8.7633,8.80002212524414
02009102800,apartment,0,8.3143,8.546041488647461
02009104536,apartment,0,8.1729,8.596405982971191
02009108256,apartment,0,9.0502,9.184053421020508
02009108485,apartment,0,9.6309,9.172749519348145
02009108493,apartment,0,8.8784,9.172183990478516
02009200802,apartment,0,8.3584,8.594149589538574
02009201035,apartment,0,8.8516,8.851592063903809
02009201310,apartment,0,8.8329,8.851592063903809
02009401301,apartment,0,8.8183,8.67508602142334
02009401581,apartment,0,9.3831,8.710107803344727
02009409116,apartment,0,9.0793,8.570666313171387
02009409541,apartment,0,8.7358,8.596028327941895
02009409752,apartment,0,8.9168,8.566061973571777
02009414195,apartment,0,8.2576,8.669244766235352
02009414306,apartment,0,8.4458,8.705227851867676
02009504771,apartment,0,8.7896,8.63017749786377
02009506049,apartment,0,8.7226,8.511714935302734
02100603515,apartment,0,8.6875,8.643827438354492
02100604554,apartment,0,8.2421,8.525760650634766
02100604872,apartment,0,8.656,8.619207382202148
02100605925,apartment,0,8.3837,8.58073616027832
02100702068,apartment,0,8.7139,8.609647750854492
02100702335,apartment,0,8.4575,8.604209899902344
02100705751,apartment,0,8.7096,8.698047637939453
02100709283,apartment,0,8.1814,8.643535614013672
02100715658,apartment,0,8.2166,8.787602424621582
02100716255,apartment,0,8.2957,8.793807983398438
02100717431,apartment,0,8.415,8.792064666748047
02100717561,apartment,0,8.9336,8.7951021194458
02100718665,apartment,0,8.6568,8.831879615783691
02100719785,apartment,0,8.7998,8.742362022399902
02100901184,apartment,0,8.7008,8.815106391906738
02100901613,apartment,0,8.5733,8.785845756530762
02100902199,apartment,0,8.6713,8.892844200134277
02100902229,apartment,0,8.6107,8.889491081237793
02101502380,apartment,0,8.4888,8.678162574768066
02101601567,apartment,0,8.5172,8.53451156616211
02101900335,apartment,0,8.7694,8.529725074768066
02102101088,apartment,0,8.3413,8.461036682128906
02102104826,apartment,0,8.9787,8.762490272521973
02102105301,apartment,0,8.9445,8.74041748046875
02102201661,apartment,0,8.9767,8.536849021911621
02102202461,apartment,0,8.6141,8.498552322387695
02102202984,apartment,0,8.488,8.496788024902344
02102301532,apartment,0,8.6424,8.62381362915039
02102503356,apartment,0,9.0464,8.838447570800781
02102503771,apartment,0,9.2393,8.870652198791504
02102503860,apartment,0,9.281,8.83120346069336
02102503925,apartment,0,9.477,8.882390975952148
02102503951,apartment,0,9.3981,8.877434730529785
02102601145,apartment,0,9.0227,8.677905082702637
02102602516,apartment,0,9.117,8.708831787109375
02102604136,apartment,0,9.1828,8.704405784606934
02102604152,apartment,0,9.0521,8.691008567810059
02102605388,apartment,0,9.1637,8.778685569763184
02102606228,apartment,0,8.604,8.778685569763184
02102701263,apartment,0,8.7824,8.936179161071777
02103200705,apartment,0,8.4219,8.516288757324219
02103200772,apartment,0,8.5172,8.515974998474121
02103401247,apartment,0,8.7957,8.49333667755127
02103403711,apartment,0,9.0341,8.500782012939453
02103502817,apartment,0,8.6146,8.524085998535156
02103506421,apartment,0,8.4838,8.511293411254883
02104001552,apartment,0,8.4143,8.51904296875
02104003431,apartment,0,8.4884,8.713053703308105
02104101451,apartment,0,8.509,8.575716972351074
02104102510,apartment,0,8.3774,8.695857048034668
02104202167,apartment,0,8.384,8.586913108825684
02104202965,apartment,0,9.4545,9.077790260314941
02104203120,apartment,0,9.4683,9.077790260314941
02104301531,apartment,0,8.6919,8.456402778625488
02104301939,apartment,0,9.0619,8.678784370422363
02104303737,apartment,0,8.7516,8.757407188415527
02104303761,apartment,0,8.5257,8.736249923706055
02104401542,apartment,0,9.0257,8.71755599975586
02104408539,apartment,0,8.763,8.780238151550293
02104701643,apartment,0,8.9486,8.854486465454102
02104702038,apartment,0,8.7437,8.922506332397461
02104702046,apartment,0,8.8708,8.860075950622559
02104702240,apartment,0,8.8972,8.85423755645752
02104702348,apartment,0,8.7436,8.860075950622559
02104702542,apartment,0,8.8998,8.85423755645752
02104801583,apartment,0,8.7031,8.76865291595459
02104802784,apartment,0,8.9711,8.817018508911133
02104802865,apartment,0,9.0457,8.809785842895508
02105001750,apartment,0,9.2793,8.91661548614502
02105001793,apartment,0,9.2813,8.914063453674316
02105002439,apartment,0,9.2855,8.943463325500488
02105202497,apartment,0,8.84,8.869426727294922
02105202500,apartment,0,8.2453,8.869426727294922
02105202519,apartment,0,8.84,8.869426727294922
02105300065,apartment,0,8.8689,8.671404838562012
02105301894,apartment,0,9.0404,8.739583015441895
02105308732,apartment,0,9.3355,8.62452220916748
02105400418,apartment,0,9.298,9.223716735839844
02105500722,apartment,0,8.5316,8.565580368041992
02105501176,apartment,0,8.5685,8.651834487915039
02105501907,apartment,0,8.4039,8.65786361694336
02105502164,apartment,0,8.6198,8.666353225708008
02105507417,apartment,0,8.4882,8.814274787902832
02105507743,apartment,0,8.5788,8.78386402130127
02105509721,apartment,0,8.894,8.772351264953613
02105510795,apartment,0,8.8823,8.773765563964844
02105602339,apartment,0,8.9815,8.885553359985352
02105602851,apartment,0,8.336,9.009172439575195
02105700926,apartment,0,9.0941,8.71934986114502
02105701841,apartment,0,8.733,8.4911527633667
02105702147,apartment,0,8.6848,8.505758285522461
02105801552,apartment,0,9.4175,9.019769668579102
02105802982,apartment,0,9.2753,8.877028465270996
02105803024,apartment,0,9.246,8.881568908691406
02105803067,apartment,0,9.2514,8.87128734588623
02106301952,apartment,0,8.5542,8.567292213439941
02106303084,apartment,0,9.0631,8.97143840789795
02106502273,apartment,0,8.4404,8.808804512023926
02106504179,apartment,0,8.7038,8.611687660217285
02106505061,apartment,0,8.7041,8.815008163452148
02106511094,apartment,0,8.9964,9.007852554321289
02106602227,apartment,0,8.7638,8.514496803283691
02106602278,apartment,0,8.5481,8.6843900680542
02106602634,apartment,0,9.0698,8.831111907958984
02106603101,apartment,0,8.3517,8.526516914367676
02106705719,apartment,0,8.6924,8.816332817077637
02106705794,apartment,0,8.8206,8.79104232788086
02106801637,apartment,0,8.5462,8.497178077697754
02106803052,apartment,0,7.3355,8.585582733154297
02106803095,apartment,0,7.3355,8.585582733154297
02106808135,apartment,0,9.5114,8.920177459716797
02106808674,apartment,0,9.1751,8.927730560302734
02106808720,apartment,0,9.1985,8.925520896911621
02107003017,apartment,0,8.525,8.647832870483398
02107201579,apartment,0,8.9496,8.664168357849121
02107301761,apartment,0,8.8187,8.941448211669922
02107301808,apartment,0,8.869,9.027419090270996
02107301867,apartment,0,8.8303,8.941448211669922
02107302251,apartment,0,8.8252,9.027803421020508
02107302456,apartment,0,8.995,9.027419090270996
02107302782,apartment,0,9.0101,9.029535293579102
02107302863,apartment,0,9.0034,9.02396011352539
02107302901,apartment,0,8.9753,9.027803421020508
02107303304,apartment,0,8.9074,9.020464897155762
02107401659,apartment,0,8.7865,8.60435676574707
02107406421,apartment,0,8.5584,8.576982498168945
02107504164,apartment,0,8.7109,8.484423637390137
02107602281,apartment,0,8.7263,8.415157318115234
02107701830,apartment,0,8.7298,8.54019832611084
02107801274,apartment,0,8.8432,8.608522415161133
02108202651,apartment,0,8.0518,8.567914962768555
02108301331,apartment,0,9.0082,8.944164276123047
02108503889,apartment,0,8.8008,8.535714149475098
02108603263,apartment,0,8.5172,8.614681243896484
02109003316,apartment,0,8.547,8.66375732421875
02109004134,apartment,0,8.3694,8.736209869384766
02109102731,apartment,0,8.4631,8.662110328674316
02109104351,apartment,0,9.0742,8.626367568969727
02109104600,apartment,0,8.7765,8.626367568969727
02109104880,apartment,0,8.61,8.561878204345703
02109701528,apartment,0,8.388,8.597807884216309
02110201401,apartment,0,8.7675,8.575552940368652
02110203651,apartment,0,8.7228,8.78513240814209
02110203870,apartment,0,9.2167,8.67906379699707
02110203870,apartment,0,8.9344,8.67906379699707
02110204400,apartment,0,8.9831,8.663711547851562
02110204737,apartment,0,8.8916,8.670628547668457
02110401354,apartment,0,8.4903,8.6062593460083
02110402539,apartment,0,8.6291,8.585997581481934
02110402547,apartment,0,8.516,8.585426330566406
02110403780,apartment,0,8.8388,8.819713592529297
02110403802,apartment,0,8.6649,8.843459129333496
02110404906,apartment,0,8.8099,8.819104194641113
02110404973,apartment,0,8.59,8.818964004516602
02110405309,apartment,0,8.5205,8.894301414489746
02110406402,apartment,0,9.454,9.00147819519043
02110407050,apartment,0,9.5227,8.99828052520752
02110407077,apartment,0,9.6241,8.955154418945312
02110407441,apartment,0,8.6108,8.925668716430664
02110407573,apartment,0,8.9075,8.935247421264648
02110407662,apartment,0,9.6497,9.00584888458252
02110407727,apartment,0,9.4823,8.948265075683594
02110407778,apartment,0,9.3034,8.92893123626709
02110408332,apartment,0,9.0969,8.999288558959961
02110408715,apartment,0,9.6497,9.000336647033691
02110600561,apartment,0,8.6176,8.567051887512207
02111401455,apartment,0,8.9001,9.148582458496094
02111402419,apartment,0,8.9093,9.126277923583984
02111403709,apartment,0,8.9432,9.098387718200684
02111404578,apartment,0,8.872,9.099013328552246
02111404764,apartment,0,8.98,9.103487968444824
02200501412,apartment,7,8.9832,8.829987525939941
02200503075,apartment,7,8.7117,8.722875595092773
02200503644,apartment,7,8.9687,8.721593856811523
02200504896,apartment,7,9.1209,8.829339981079102
02200600771,apartment,0,9.0049,8.5311861038208
02200604211,apartment,0,9.013,8.863664627075195
02200604319,apartment,0,8.9029,8.693652153015137
02200604629,apartment,0,9.0852,8.701595306396484
02200613768,apartment,0,8.947,8.991947174072266
02200613814,apartment,0,8.941,8.991947174072266
02200614497,apartment,0,8.3587,8.990029335021973
02200614683,apartment,0,8.6634,8.991876602172852
02201301220,apartment,7,8.1993,8.473604202270508
02201400709,apartment,7,7.9576,8.64510726928711
02201400717,apartment,7,8.5454,8.643119812011719
02201401926,apartment,7,8.8333,8.59273624420166
02202402969,apartment,7,9.0658,8.828750610351562
02202404491,apartment,7,8.9508,8.934340476989746
02202800905,apartment,0,8.6146,8.341882705688477
02202801049,apartment,0,8.2581,8.357706069946289
02202801545,apartment,0,7.4709,8.837958335876465
02202803335,apartment,0,8.7248,8.8272705078125
02203007443,apartment,0,8.5586,8.628551483154297
02203007885,apartment,0,8.6995,8.630648612976074
02203008271,apartment,0,8.7772,8.625567436218262
02203101016,apartment,0,8.5245,8.457355499267578
02203102004,apartment,0,8.5713,8.53011417388916
02203102403,apartment,0,9.1003,8.8546781539917
02203102721,apartment,0,9.3729,8.845597267150879
02203104570,apartment,0,8.7566,8.748945236206055
02203202270,apartment,0,8.8689,8.878145217895508
02203202939,apartment,0,9.3945,8.828099250793457
02203300541,apartment,0,8.978,8.709613800048828
02203300736,apartment,0,8.7971,8.681480407714844
02203400714,apartment,0,8.9435,8.772693634033203
02203700866,apartment,0,8.3894,8.5211763381958
02203700912,apartment,0,8.4929,8.52672004699707
02203701099,apartment,0,8.5098,8.522492408752441
02203702321,apartment,0,8.6797,8.724177360534668
02203702397,apartment,0,8.7044,8.737152099609375
02203702771,apartment,0,8.8845,8.940653800964355
02203703059,apartment,0,9.0076,8.832918167114258
02203703474,apartment,0,9.1497,8.821749687194824
02203703571,apartment,0,9.0205,8.87302303314209
02203703628,apartment,0,8.795,8.941088676452637
02203704063,apartment,0,9.0516,8.864269256591797
02204101974,apartment,0,8.6261,8.503173828125
02204102131,apartment,0,8.6261,8.549541473388672
02204103616,apartment,0,8.6295,8.5740385055542
02204202061,apartment,0,8.8426,8.910653114318848
02204402958,apartment,0,8.9792,8.660699844360352
02204405353,apartment,0,9.3119,8.956092834472656
02204405949,apartment,0,9.0251,8.992056846618652
02204405991,apartment,0,8.9749,8.964822769165039
02204406041,apartment,0,9.1955,8.96027660369873
02204406996,apartment,0,8.8701,8.8165864944458
02204500542,apartment,0,8.6034,8.544686317443848
02204500690,apartment,0,8.9145,8.544686317443848
02204501484,apartment,0,8.637,8.532649993896484
02204601578,apartment,0,8.7838,8.53686237335205
02204801615,apartment,0,8.4431,8.4642972946167
02204801781,apartment,0,8.7208,8.782674789428711
02204801844,apartment,0,8.0952,8.787940979003906
02204804551,apartment,0,8.8833,8.944634437561035
02204804703,apartment,0,9.0086,8.974161148071289
02204804991,apartment,0,9.0204,8.975613594055176
02204806846,apartment,0,8.8444,9.023802757263184
02204807370,apartment,0,8.9984,9.03272533416748
02204807419,apartment,0,8.9845,9.03309440612793
02204807427,apartment,0,9.0037,9.03309440612793
02204807494,apartment,0,9.1194,9.03516960144043
02204904112,apartment,0,9.2982,8.966742515563965
02205102192,apartment,7,8.5222,8.709853172302246
02205200828,apartment,0,8.7855,8.427335739135742
02205204191,apartment,0,9.0141,8.798568725585938
02205204920,apartment,0,9.0141,8.799588203430176
02205205145,apartment,0,8.8036,8.70716667175293
02205205331,apartment,0,8.7287,8.703446388244629
02205301519,apartment,0,8.7248,8.620473861694336
02205301535,apartment,0,8.3311,8.59213924407959
02205301871,apartment,0,8.4722,8.59199047088623
02205302701,apartment,0,8.4707,8.55294418334961
02205304739,apartment,0,8.7754,8.717596054077148
02205500708,apartment,0,9.0027,8.5292387008667
02205602349,apartment,0,8.5172,8.460494041442871
02205603299,apartment,0,8.6244,8.474776268005371
02205606387,apartment,0,7.7091,8.811638832092285
02205608657,apartment,0,9.131,8.804923057556152
02205700782,apartment,0,8.6185,8.545790672302246
02205702688,apartment,0,8.4985,8.542769432067871
02205804626,apartment,0,8.4437,8.519627571105957
02205805878,apartment,0,8.7788,8.664996147155762
02205901052,apartment,0,8.447,8.477829933166504
02205901249,apartment,0,8.5929,8.552628517150879
02205902717,apartment,0,8.6959,8.561912536621094
02206005875,apartment,0,7.8442,8.736527442932129
02206601168,apartment,0,8.5707,8.463494300842285
02206602741,apartment,0,8.8164,8.619632720947266
02206603373,apartment,0,8.7248,8.654609680175781
02206603462,apartment,0,8.5621,8.637434005737305
02206605341,apartment,0,8.7541,8.778029441833496
02206605384,apartment,0,8.8579,8.785754203796387
02206700999,apartment,0,8.5903,8.495443344116211
02206703386,apartment,0,8.407,8.595465660095215
02206703904,apartment,0,8.8739,8.687108039855957
02206703912,apartment,0,8.9131,8.689010620117188
02206801043,apartment,0,8.7902,8.488578796386719
02206802112,apartment,0,8.9872,8.497846603393555
02206803259,apartment,0,8.7119,8.511357307434082
02206903059,apartment,0,8.6392,8.470447540283203
02206903334,apartment,0,8.5472,8.477987289428711
02206903717,apartment,0,8.5505,8.435015678405762
02206904470,apartment,0,8.6763,8.58304214477539
02207001504,apartment,0,8.5458,8.683267593383789
02207003191,apartment,0,8.3623,8.4273042678833
02207302512,apartment,0,8.9757,8.959362030029297
02207401121,apartment,0,8.4045,8.498251914978027
02207402738,apartment,0,8.1377,8.63896656036377
02207403459,apartment,0,8.4341,8.543096542358398
02207403696,apartment,0,8.511,8.54589557647705
02207501477,apartment,0,8.4898,8.513590812683105
02207600874,apartment,0,8.7717,8.419172286987305
02207601617,apartment,0,8.8167,8.775116920471191
02207701522,apartment,0,8.5681,8.473523139953613
02207702057,apartment,0,8.7441,8.566374778747559
02207900908,apartment,0,8.4494,8.516632080078125
02207901645,apartment,0,9.1806,9.093238830566406
02208001311,apartment,0,8.9792,8.439034461975098
02208002490,apartment,0,8.661,9.047933578491211
02208101162,apartment,0,8.6146,8.535059928894043
02208101677,apartment,0,8.2592,8.453299522399902
02208105095,apartment,0,8.729,8.573136329650879
02208107098,apartment,0,8.7529,8.489617347717285
02208107322,apartment,0,9.2328,8.908612251281738
02208400445,apartment,7,8.5564,8.600680351257324
02208600932,apartment,0,8.2861,8.479390144348145
02209101166,apartment,0,8.5862,8.555891990661621
02209101174,apartment,0,8.5862,8.562040328979492
02300800888,apartment,7,8.4995,8.949220657348633
02300802023,apartment,7,8.4383,8.836786270141602
02300802058,apartment,7,8.4055,8.942522048950195
02300802678,apartment,7,8.6451,8.956518173217773
02300802686,apartment,7,8.6451,8.956518173217773
02301200841,apartment,7,8.1428,8.450841903686523
02301902137,apartment,7,9.0162,8.796302795410156
02301902420,apartment,7,8.8679,8.783644676208496
02301902587,apartment,7,8.9541,8.783712387084961
02302101081,apartment,7,8.4815,8.719266891479492
02302402332,apartment,7,8.9012,8.868261337280273
02302402634,apartment,7,8.6624,9.003847122192383
02302403428,apartment,7,8.8714,9.010167121887207
02302403551,apartment,7,8.8379,9.003847122192383
02302404661,apartment,7,9.0491,8.868261337280273
02302501527,apartment,7,8.7096,8.686010360717773
02302504267,apartment,7,8.6637,8.92291259765625
02302504755,apartment,7,8.9379,8.939229011535645
02302504925,apartment,7,9.1021,8.935857772827148
02302603941,apartment,7,8.9941,8.941707611083984
02303200415,apartment,7,7.9699,8.516820907592773
02303203007,apartment,7,8.9332,8.858402252197266
02303401801,apartment,7,7.4572,8.7463960647583
02303601029,apartment,7,8.7225,8.418851852416992
02303701112,apartment,7,8.5876,8.490713119506836
02303701465,apartment,7,8.4684,8.517740249633789
02304600794,apartment,7,8.6975,8.547431945800781
02304701851,apartment,7,8.8854,8.805538177490234
02305301571,apartment,7,8.9253,8.701741218566895
02305302241,apartment,7,9.2313,8.91500186920166
02305800673,apartment,7,8.2804,8.555795669555664
02305801254,apartment,7,8.6819,8.68130874633789
02305905548,apartment,7,8.6226,8.573967933654785
02305907672,apartment,7,9.1804,8.790105819702148
02306000476,apartment,7,8.8172,8.974772453308105
02306000646,apartment,7,8.9241,8.963558197021484
02306000816,apartment,7,8.9111,8.964345932006836
02306300828,apartment,7,8.3156,8.55128288269043
02306401217,apartment,7,8.9952,8.760309219360352
02306401292,apartment,7,9.028,8.760047912597656
02306802432,apartment,7,8.4684,8.58143424987793
02306806225,apartment,7,8.9296,8.796388626098633
02306807221,apartment,7,8.7397,8.848726272583008
02307101136,apartment,7,8.9706,8.852153778076172
02307400206,apartment,7,9.6572,9.008369445800781
02307401271,apartment,7,8.9232,8.915009498596191
02307601309,apartment,7,8.6481,8.690791130065918
02307800786,apartment,7,9.1263,9.005657196044922
02307904956,apartment,7,8.6263,8.612759590148926
02307907491,apartment,7,8.8799,8.715184211730957
02308803134,apartment,7,8.4827,8.965566635131836
02308803169,apartment,7,8.4061,8.931236267089844
02308803193,apartment,7,8.6609,8.931236267089844
02308803241,apartment,7,8.7146,8.870660781860352
02308803495,apartment,7,8.5942,8.932875633239746
02308803770,apartment,7,8.7665,8.888141632080078
02309000949,apartment,7,8.7705,8.704644203186035
02309401587,apartment,7,9.0134,8.895939826965332
02309401625,apartment,7,8.9502,8.898933410644531
02309801461,apartment,7,8.8919,8.769600868225098
02310103020,apartment,7,8.8599,8.646780014038086
02400103569,apartment,7,8.5692,8.681209564208984
02400400911,apartment,7,8.6725,8.480127334594727
02400501068,apartment,7,8.3561,8.432268142700195
02400603251,apartment,7,8.5346,8.430290222167969
02400603286,apartment,7,8.3323,8.425235748291016
02401501673,apartment,7,9.0263,8.658772468566895
02401504834,apartment,7,8.809,8.637733459472656
02401600973,apartment,7,8.4219,8.499065399169922
02401601678,apartment,7,8.7612,8.59317398071289
02401900500,apartment,7,8.534,8.594795227050781
02402500921,apartment,7,8.4833,8.370414733886719
02402501499,apartment,7,8.379,8.475298881530762
02402504129,apartment,7,8.645,8.502055168151855
02402504961,apartment,7,8.7054,8.667991638183594
02402508256,apartment,7,8.7957,8.669852256774902
02402602627,apartment,7,8.7511,8.560382843017578
02403802557,apartment,7,8.7993,8.635771751403809
02403802654,apartment,7,9.1447,8.751495361328125
02403803499,apartment,7,9.0335,8.7404146194458
02404002317,apartment,7,8.3468,8.457891464233398
02404004611,apartment,7,8.6968,8.6410493850708
02404004751,apartment,7,8.7238,8.643699645996094
02404004999,apartment,7,9.1362,8.685073852539062
02404005091,apartment,7,7.8773,8.705638885498047
02404005707,apartment,7,8.323,8.763882637023926
02404005715,apartment,7,8.6797,8.754707336425781
02404005790,apartment,7,8.7248,8.763162612915039
02404006746,apartment,7,9.2031,8.746501922607422
02404302183,apartment,7,8.571,8.852577209472656
02404900544,apartment,7,8.4631,8.731147766113281
02405601826,apartment,7,8.5694,8.643026351928711
02405605198,apartment,7,8.9386,8.992782592773438
02405902451,apartment,7,8.9054,8.87259578704834
02406102386,apartment,7,8.4122,8.536941528320312
02406102866,apartment,7,8.632,8.733959197998047
02406102890,apartment,7,8.6675,8.719926834106445
02406102963,apartment,7,8.6076,8.722476959228516
02406200671,apartment,7,9.2221,8.443352699279785
02406202771,apartment,7,8.937,8.816224098205566
02406202836,apartment,7,8.9438,8.850274085998535
02407101863,apartment,7,8.4678,8.471807479858398
02407106113,apartment,7,8.1851,8.518461227416992
02407203569,apartment,7,8.4074,8.559453010559082
02407204182,apartment,7,8.1271,8.533828735351562
02407206339,apartment,7,8.7406,8.853231430053711
02407900928,apartment,7,8.8417,8.807815551757812
02407900952,apartment,7,8.6882,8.806901931762695
02408101141,apartment,7,8.6125,8.539145469665527
02408300541,apartment,7,8.5786,8.58295726776123
02408301262,apartment,7,8.3715,8.52374267578125
02408301981,apartment,7,8.6559,9.017312049865723
02408302277,apartment,7,8.741,9.013324737548828
02408302404,apartment,7,8.7839,9.014669418334961
02500401766,apartment,9,8.6226,8.253487586975098
02501001354,apartment,9,7.6391,8.139935493469238
02501501519,apartment,9,8.2275,7.924588203430176
02503500773,apartment,9,8.1228,8.261734008789062
02503502032,apartment,9,7.7658,8.084346771240234
02503502164,apartment,9,8.1022,8.032195091247559
02503502474,apartment,9,8.1703,8.132161140441895
02504000960,apartment,9,7.7379,7.9725494384765625
02504200641,apartment,9,7.8859,7.973344326019287
02505704295,apartment,9,8.0551,8.08216381072998
02507100486,apartment,0,8.3688,8.241508483886719
02601601353,apartment,9,8.2245,8.271286964416504
02602600751,apartment,9,7.811,8.169652938842773
02603500325,apartment,9,7.9111,8.216739654541016
02605201139,apartment,9,8.2245,8.179780960083008
02605202941,apartment,9,8.6024,8.554939270019531
02606401190,apartment,9,8.4668,8.214289665222168
02606401255,apartment,9,8.3489,8.167132377624512
02606600886,apartment,9,7.3673,8.079145431518555
02700205431,apartment,9,8.497,8.411031723022461
02700205820,apartment,9,8.4403,8.40365219116211
02700207491,apartment,9,8.4019,8.41250991821289
02700207866,apartment,9,8.2095,8.449779510498047
02701201586,apartment,9,8.3941,8.348036766052246
02701201950,apartment,9,8.4751,8.38455581665039
02701202371,apartment,9,8.3733,8.387765884399414
02701203031,apartment,9,8.1001,8.393061637878418
02701203643,apartment,9,8.162,8.370511054992676
02701204003,apartment,9,8.5425,8.339896202087402
02701204399,apartment,9,7.7551,8.366889953613281
02701204569,apartment,9,8.0915,8.616962432861328
02701204585,apartment,9,8.0915,8.635374069213867
02701204747,apartment,9,8.5172,8.608497619628906
02702202306,apartment,9,8.5791,8.419002532958984
02702202365,apartment,9,8.2008,8.434992790222168
02702301088,apartment,9,8.4219,8.436994552612305
02702303749,apartment,9,8.7343,8.433244705200195
02702400884,apartment,9,8.5848,8.418314933776855
02702401694,apartment,9,8.4258,8.443476676940918
02702402097,apartment,9,8.4258,8.444375991821289
02702500625,apartment,9,8.8144,8.485806465148926
02702501516,apartment,9,8.8339,8.500076293945312
02702501532,apartment,9,8.4125,8.408712387084961
02702501788,apartment,9,8.8144,8.486851692199707
02702502237,apartment,9,8.6104,8.397087097167969
02702502555,apartment,9,8.8144,8.485806465148926
02702502598,apartment,9,8.8001,8.503345489501953
02703100760,apartment,9,8.8585,8.199325561523438
02703202873,apartment,9,8.5392,8.579303741455078
02703203497,apartment,9,8.4048,8.561408996582031
02703204231,apartment,9,8.323,8.445964813232422
02703204477,apartment,9,8.3581,8.447502136230469
02703206380,apartment,9,8.4266,8.568329811096191
02703207670,apartment,9,8.6183,8.572504997253418
02703300581,apartment,9,8.3296,8.550811767578125
02703300751,apartment,9,8.5926,8.55351734161377
02703301022,apartment,9,8.7068,8.550811767578125
02703301650,apartment,9,8.4584,8.546406745910645
02703301936,apartment,9,8.581,8.570230484008789
02703302061,apartment,9,8.5994,8.562318801879883
02704402787,apartment,9,8.3328,8.620477676391602
02704402914,apartment,9,8.4309,8.618492126464844
02705300511,apartment,9,8.294,8.132838249206543
02705700447,apartment,9,8.2019,8.051031112670898
02705700587,apartment,9,8.371,7.984993934631348
02706502207,apartment,9,8.7553,8.596614837646484
02706505176,apartment,9,8.1963,8.533361434936523
02706505893,apartment,9,8.4974,8.53257942199707
02707100706,apartment,9,8.1543,8.170980453491211
02707100749,apartment,9,8.2721,8.177217483520508
02707101516,apartment,9,8.1417,8.177224159240723
02707101613,apartment,9,8.1417,8.195674896240234
02707101982,apartment,9,8.1543,8.164522171020508
02707801453,apartment,9,8.8178,8.379900932312012
02707804101,apartment,9,9.0184,8.425015449523926
02707804533,apartment,9,8.8757,8.405719757080078
02707805750,apartment,9,8.6846,8.739368438720703
02707900206,apartment,9,8.534,8.280601501464844
02707901407,apartment,9,8.5505,8.279130935668945
02707903851,apartment,9,8.4118,8.284513473510742
02707905542,apartment,9,8.7727,8.448092460632324
02707906018,apartment,9,8.7391,8.452466011047363
02707906891,apartment,9,8.7285,8.45145034790039
02707912840,apartment,9,8.7403,8.646430969238281
02707914789,apartment,9,8.6665,8.616724967956543
02707917419,apartment,9,8.9158,8.50430679321289
02708702823,apartment,9,8.5797,8.365165710449219
02708702874,apartment,9,8.6805,8.375446319580078
02708704291,apartment,9,8.5797,8.318635940551758
02708704575,apartment,9,7.9736,8.315488815307617
02708705253,apartment,9,8.3814,8.379258155822754
02708800353,apartment,9,8.5885,8.35801887512207
02708801503,apartment,9,8.5329,8.349859237670898
02708802674,apartment,9,8.5637,8.343193054199219
02708804235,apartment,9,8.4512,8.343193054199219
02708804634,apartment,9,8.5936,8.343193054199219
02800902310,apartment,9,8.691,8.347404479980469
02801001430,apartment,9,8.1789,8.022238731384277
02801101885,apartment,9,8.0869,8.018470764160156
02801103632,apartment,9,8.2063,8.668800354003906
02801400955,apartment,9,8.1043,8.371994972229004
02802005715,apartment,9,8.5569,8.201469421386719
02802012126,apartment,9,8.7674,8.168136596679688
02802013416,apartment,9,8.0116,7.914327621459961
02802019201,apartment,9,8.2735,8.16877555847168
02802026593,apartment,9,7.3184,8.485597610473633
02802026836,apartment,9,8.678,8.487187385559082
02802028928,apartment,9,8.2513,8.636744499206543
02802029177,apartment,9,9.0654,8.632586479187012
02802101587,apartment,9,8.4764,8.235125541687012
02802101757,apartment,9,8.576,8.217412948608398
02802403710,apartment,9,7.8113,8.145561218261719
02802404581,apartment,9,8.2821,8.223299980163574
02802501801,apartment,9,8.893,8.581439971923828
02802502980,apartment,9,8.3034,8.56564998626709
02802901761,apartment,9,7.9418,7.9651031494140625
02802902032,apartment,9,7.5243,7.825402736663818
02803101572,apartment,9,8.784,8.544777870178223
02803703165,apartment,9,7.956,8.817487716674805
02803703262,apartment,9,7.9607,8.8167724609375
02803707071,apartment,9,8.3245,8.781617164611816
02803707314,apartment,9,8.8302,8.801473617553711
02803707861,apartment,9,8.9879,8.930255889892578
02803708337,apartment,9,8.9423,8.932626724243164
02803803798,apartment,9,8.6638,8.381986618041992
02803804166,apartment,9,8.9147,8.405733108520508
02803804395,apartment,9,8.7065,8.380938529968262
02803804832,apartment,9,8.7836,8.388782501220703
02803806649,apartment,9,8.4589,8.708836555480957
02803809575,apartment,9,8.5425,8.417106628417969
02803810816,apartment,9,8.38,8.419391632080078
02803813203,apartment,9,8.6734,8.36245346069336
02803813671,apartment,9,8.1723,8.36245346069336
02803814811,apartment,9,8.3884,8.400749206542969
02804602249,apartment,9,8.6527,8.425745964050293
02804602648,apartment,9,8.7721,8.425745964050293
02805100956,apartment,9,8.3737,7.862076282501221
02805101065,apartment,9,8.1942,7.871643543243408
02805201191,apartment,9,8.4783,8.023874282836914
02805301341,apartment,9,7.8886,7.900683403015137
02805502159,apartment,9,8.6243,8.432567596435547
02805700880,apartment,9,7.66,8.066326141357422
02805702263,apartment,9,8.0554,8.444515228271484
02805801611,apartment,9,8.7243,8.834285736083984
02805801814,apartment,9,8.6418,8.825692176818848
02806100828,apartment,9,8.3303,8.680720329284668
02806101263,apartment,9,8.7504,8.67247200012207
02806901111,apartment,9,8.7041,8.695318222045898
02806901421,apartment,9,8.7623,8.675374031066895
02806903130,apartment,9,8.4659,8.681955337524414
02806903343,apartment,9,8.6248,8.616920471191406
02806910951,apartment,9,8.2808,8.541974067687988
02806913683,apartment,9,8.9029,8.67478084564209
02806913721,apartment,9,8.6797,8.66557502746582
02806913829,apartment,9,8.6284,8.637808799743652
02806914851,apartment,9,8.4479,8.545737266540527
02806915031,apartment,9,8.3354,8.545737266540527
02806915341,apartment,9,8.55,8.516975402832031
02806915554,apartment,9,8.5598,8.591636657714844
02806917611,apartment,9,8.4514,8.667662620544434
02900205727,apartment,9,8.2394,8.390817642211914
02900205891,apartment,9,8.6934,8.393304824829102
02900206030,apartment,9,8.7746,8.369148254394531
02900207355,apartment,9,8.4722,8.277334213256836
02900401410,apartment,9,8.285,8.09996223449707
02900908299,apartment,9,8.5825,8.5704345703125
02900908965,apartment,9,7.5865,8.698802947998047
02901000819,apartment,9,8.1689,8.056610107421875
02901001300,apartment,9,8.2295,8.071222305297852
02901004695,apartment,9,8.4549,8.170492172241211
02901013511,apartment,9,8.5272,8.729386329650879
02901013627,apartment,9,8.8637,8.728343963623047
02902102798,apartment,9,7.6324,8.202138900756836
02902200821,apartment,9,8.4108,7.958599090576172
02902403216,apartment,9,7.8558,8.201347351074219
02903301621,apartment,9,8.3306,8.28492259979248
02904001689,apartment,9,8.3143,8.134246826171875
02904004513,apartment,9,8.8414,8.382034301757812
02904004572,apartment,9,8.7361,8.370291709899902
02904005341,apartment,9,8.7928,8.361249923706055
02904006060,apartment,9,8.7123,8.361249923706055
02904007288,apartment,9,8.2945,8.50484848022461
02904401482,apartment,9,8.3418,8.42403793334961
02904402446,apartment,9,8.3139,8.543359756469727
02904402829,apartment,9,8.5449,8.53912353515625
02904403094,apartment,9,8.6042,8.53912353515625
02904403108,apartment,9,8.5889,8.540761947631836
02904403418,apartment,9,8.6197,8.557126998901367
02904403493,apartment,9,8.6377,8.54195499420166
02904403531,apartment,9,8.415,8.578365325927734
02904601198,apartment,9,9.2103,8.755487442016602
02904701257,apartment,9,8.1277,8.353228569030762
02904902937,apartment,9,8.7654,8.312223434448242
02904904026,apartment,9,8.7685,8.337812423706055
02904904301,apartment,9,8.9174,8.329391479492188
02904907920,apartment,9,8.3969,8.489156723022461
02904908919,apartment,9,8.9196,8.494421005249023
02904909001,apartment,9,8.8336,8.478536605834961
02905201649,apartment,9,8.3862,8.404072761535645
02905502304,apartment,9,8.6932,8.561033248901367
02906701505,apartment,9,8.3221,8.019941329956055
02907201514,apartment,9,8.8003,8.766246795654297
02908201852,apartment,9,8.2264,8.560933113098145
02908203650,apartment,9,8.1637,8.53034496307373
02908203911,apartment,9,8.7934,8.462882995605469
03000303731,apartment,9,8.3176,8.142194747924805
03000304411,apartment,9,8.4276,8.230672836303711
03000306277,apartment,9,8.2144,8.246495246887207
03000308172,apartment,9,8.4133,8.432018280029297
03000308571,apartment,9,8.5948,8.411142349243164
03000308865,apartment,9,8.5558,8.414190292358398
03000500669,apartment,9,8.5619,8.375358581542969
03001401168,apartment,9,8.9063,8.185808181762695
03001501049,apartment,9,8.5773,8.228450775146484
03001801603,apartment,9,8.5755,8.553156852722168
03002301698,apartment,9,8.5968,8.531681060791016
03002301728,apartment,9,8.5967,8.531681060791016
03002302678,apartment,9,8.7685,8.368709564208984
03002401285,apartment,9,8.7109,8.60533332824707
03002401439,apartment,9,8.2789,8.600032806396484
03002401447,apartment,9,8.7614,8.608811378479004
03002901741,apartment,9,8.4764,8.382671356201172
03002904813,apartment,9,8.6882,8.453804016113281
03003001361,apartment,9,8.2274,8.136632919311523
03003001833,apartment,9,8.191,8.20442008972168
03003904388,apartment,9,8.5575,8.479076385498047
03005203239,apartment,9,8.0934,8.470930099487305
03005401693,apartment,9,8.4879,8.203103065490723
03006201027,apartment,9,8.3021,8.091529846191406
03006204425,apartment,9,8.431,8.198104858398438
03006204662,apartment,9,8.2203,8.20035171508789
03006300807,apartment,9,8.4378,8.128819465637207
03006301277,apartment,9,8.4783,8.151474952697754
03006302613,apartment,9,8.4721,8.360886573791504
03006401670,apartment,9,8.7384,8.402706146240234
03006402367,apartment,9,8.8976,8.400594711303711
03006503759,apartment,9,8.7036,8.373537063598633
03006505212,apartment,9,8.6404,8.43189811706543
03006802063,apartment,9,8.9697,8.571771621704102
03008601091,apartment,9,8.7556,7.979142189025879
03008900747,apartment,9,8.4772,8.289815902709961
03010500696,apartment,9,8.4499,8.096635818481445
03010506864,apartment,9,7.9922,8.368895530700684
03010506996,apartment,9,7.6557,8.441389083862305
03010507259,apartment,9,7.8921,8.449789047241211
03010509596,apartment,9,9.4592,8.765978813171387
03010702061,apartment,9,8.8595,8.449557304382324
03010702221,apartment,9,7.5446,8.397146224975586
03010702711,apartment,9,8.6797,8.449789047241211
03010702752,apartment,9,8.7443,8.444267272949219
03011701199,apartment,9,7.8277,8.056964874267578
03011701611,apartment,9,7.7875,8.634052276611328
03011701903,apartment,9,7.6672,8.623495101928711
03011704937,apartment,9,8.3445,8.713640213012695
03011705216,apartment,9,8.601,8.715351104736328
03011707766,apartment,9,8.6096,8.643448829650879
03011900744,apartment,9,7.8789,7.994071960449219
03012200886,apartment,9,8.2597,8.042454719543457
03012500774,apartment,9,8.3053,8.106441497802734
03012500804,apartment,9,8.3542,8.103768348693848
03012903046,apartment,9,8.6821,8.09683895111084
03012903763,apartment,9,8.7555,8.098213195800781
03012906835,apartment,9,8.4457,8.281416893005371
03015601342,apartment,9,8.5563,8.39513111114502
03015900528,apartment,9,8.5061,8.095002174377441
03100301676,apartment,9,8.8855,8.741003036499023
03100305590,apartment,9,8.9945,8.308236122131348
03100409906,apartment,9,8.5982,8.35235595703125
03100801946,apartment,9,8.3604,8.365997314453125
03101201314,apartment,9,9.2082,8.80506420135498
03101201322,apartment,9,8.9696,8.805441856384277
03101201381,apartment,9,8.5641,8.805822372436523
03101201829,apartment,9,8.3349,8.812968254089355
03101201977,apartment,9,9.3326,8.81458854675293
03101202442,apartment,9,9.0899,8.826482772827148
03101402379,apartment,9,8.9227,8.630833625793457
03101402441,apartment,9,8.8339,8.475506782531738
03101402603,apartment,9,9.0112,8.604820251464844
03101402621,apartment,9,8.7901,8.489744186401367
03101402689,apartment,9,8.7227,8.617390632629395
03101402891,apartment,9,8.9035,8.498086929321289
03101403103,apartment,9,8.8516,8.489744186401367
03101403121,apartment,9,8.9316,8.596195220947266
03101403510,apartment,9,8.8183,8.619158744812012
03101403537,apartment,9,8.8183,8.619158744812012
03101403596,apartment,9,8.8846,8.475506782531738
03101403881,apartment,9,8.941,8.644235610961914
03102100694,apartment,9,7.9759,7.966257572174072
03102300901,apartment,9,8.743,8.21506118774414
03102301010,apartment,9,8.9002,8.213364601135254
03102301126,apartment,9,8.6745,8.213237762451172
03102303307,apartment,9,8.7215,8.205862998962402
03102901239,apartment,9,8.7403,8.701681137084961
03104001278,apartment,9,8.3526,8.154111862182617
03104201382,apartment,9,8.1807,8.047613143920898
03105200584,apartment,9,7.902,8.576438903808594
03106101334,apartment,9,7.8579,7.9701433181762695
03107400866,apartment,9,8.0652,8.127847671508789
03108501208,apartment,9,8.5387,8.301689147949219
03109000784,apartment,9,8.3994,8.17275333404541
03109001128,apartment,9,7.4911,8.175853729248047
03109001519,apartment,9,8.5172,8.374661445617676
03109001659,apartment,9,8.5957,8.403544425964355
03109700379,apartment,9,8.6204,8.088376998901367
03110202042,apartment,9,8.791,8.276397705078125
03110202093,apartment,9,8.2808,8.08180046081543
03110800810,apartment,9,8.6785,8.293166160583496
03110803070,apartment,9,8.8414,8.82087516784668
03110803178,apartment,9,9.0634,8.803360939025879
03110803331,apartment,9,8.9776,8.815858840942383
03110803674,apartment,9,7.6252,8.798362731933594
03110804867,apartment,9,8.3829,8.812448501586914
03111000761,apartment,9,8.4307,8.19853401184082
03111001334,apartment,9,8.3291,8.189327239990234
03111004341,apartment,9,8.3915,8.180757522583008
03111004562,apartment,9,8.4605,8.177194595336914
03111005003,apartment,9,8.7969,8.533565521240234
03111005488,apartment,9,8.6507,8.427257537841797
03111007138,apartment,9,8.7721,8.399895668029785
03111009432,apartment,9,8.3838,8.462467193603516
03111011461,apartment,9,8.2583,8.446219444274902
03111600459,apartment,9,8.2255,8.208789825439453
03200201169,apartment,9,8.4746,8.095626831054688
03200601701,apartment,9,8.2005,8.090723037719727
03200605375,apartment,9,8.3605,8.630830764770508
03200606622,apartment,9,8.9952,8.683830261230469
03200801077,apartment,9,8.5444,8.605436325073242
03200801131,apartment,9,8.4383,8.607950210571289
03200801182,apartment,9,8.5033,8.61660385131836
03201800971,apartment,9,8.5325,8.24154281616211
03201801267,apartment,9,8.5769,8.167496681213379
03202001401,apartment,9,8.3432,8.242996215820312
03202001647,apartment,9,8.4149,8.247764587402344
03202101404,apartment,9,8.2415,8.184379577636719
03202201522,apartment,9,8.287,8.14144515991211
03202204981,apartment,9,8.8854,8.561817169189453
03202205498,apartment,9,8.6565,8.564559936523438
03202205587,apartment,9,8.9987,8.557428359985352
03202205935,apartment,9,8.9713,8.565290451049805
03202206011,apartment,9,9.0619,8.563806533813477
03203300931,apartment,9,7.8841,7.957768440246582
03203301164,apartment,9,8.1571,8.105627059936523
03203301199,apartment,9,8.4128,8.119733810424805
03203302225,apartment,9,8.4625,8.393123626708984
03203401241,apartment,9,7.5346,8.213522911071777
03203901536,apartment,9,7.8449,8.045587539672852
03204103870,apartment,9,8.2742,8.253396034240723
03204301206,apartment,9,8.3453,7.888646125793457
03204400948,apartment,9,8.0228,7.933349609375
03204401227,apartment,9,7.6251,7.931103706359863
03204601072,apartment,9,8.6533,7.990240573883057
03204901238,apartment,9,8.2918,8.278043746948242
03205001508,apartment,9,8.4306,8.083454132080078
03205002776,apartment,9,7.7517,8.051727294921875
03205201868,apartment,9,8.6934,8.378557205200195
03205501047,apartment,9,8.3751,8.374324798583984
03205801164,apartment,9,8.2217,7.954323768615723
03206200301,apartment,9,8.2751,8.114986419677734
03206601274,apartment,9,7.6585,7.881528854370117
03206601479,apartment,9,8.1731,8.801080703735352
03206602343,apartment,9,7.488,8.821115493774414
03207300936,apartment,9,8.337,8.383414268493652
03212200413,apartment,9,8.7236,8.582391738891602
03212201088,apartment,9,8.8542,8.603790283203125
03212201101,apartment,9,8.7231,8.612503051757812
03212201339,apartment,9,8.851,8.61196231842041
03212701307,apartment,9,8.1683,7.904940605163574
03212701439,apartment,9,8.2212,8.095165252685547
03212701730,apartment,9,8.3205,8.020730018615723
03212900989,apartment,9,8.1424,7.920233249664307
03213201456,apartment,9,8.2639,8.418399810791016
03213201812,apartment,9,8.2226,8.354304313659668
03213502121,apartment,9,8.3377,7.884028911590576
03213503312,apartment,9,8.5478,8.480077743530273
03213503606,apartment,9,8.9154,8.53587532043457
03213503967,apartment,9,8.7139,8.53587532043457
03213504254,apartment,9,8.8629,8.525997161865234
03213504467,apartment,9,8.6507,8.494705200195312
03213504602,apartment,9,8.6287,8.480158805847168
03213505153,apartment,9,8.5598,8.475971221923828
03213601624,apartment,9,8.2967,8.1822509765625
03213602035,apartment,9,7.824,7.711976051330566
03213602493,apartment,9,8.5664,8.559317588806152
03213801011,apartment,9,7.997,8.59463119506836
03213801011,apartment,9,9.0186,8.592741012573242
03214100971,apartment,9,8.41,8.072124481201172
03214601601,apartment,9,7.9374,7.991971492767334
03214601792,apartment,9,7.6836,7.991971492767334
03214900560,apartment,9,8.2913,7.948343276977539
03214901583,apartment,9,7.7373,7.993823051452637
03216401839,apartment,9,7.7701,8.155218124389648
03216402223,apartment,9,8.5004,8.556173324584961
03216501361,apartment,9,8.2704,8.395223617553711
03217301307,apartment,9,8.5318,8.325953483581543
03217302885,apartment,9,8.4248,8.321837425231934
03217402367,apartment,9,8.1416,7.980733871459961
03217402839,apartment,9,8.3183,7.867306709289551
03217900812,apartment,9,8.3976,8.153739929199219
03300200822,apartment,0,8.5646,8.455881118774414
03300203211,apartment,0,8.363,8.467041015625
03300203384,apartment,0,8.2199,8.605185508728027
03300501059,apartment,0,7.9699,8.43330192565918
03300503418,apartment,0,8.3726,8.510139465332031
03300504430,apartment,0,8.2409,8.556034088134766
03300504635,apartment,0,8.1028,8.594559669494629
03300506727,apartment,0,8.196,8.541498184204102
03300605911,apartment,0,9.1258,9.066457748413086
03300606004,apartment,0,8.902,9.066457748413086
03300606365,apartment,0,9.237,9.064386367797852
03301001475,apartment,0,8.9893,8.864934921264648
03301003966,apartment,0,8.5929,8.811657905578613
03301102298,apartment,0,8.6973,8.719035148620605
03301102859,apartment,0,8.489,8.719612121582031
03301102891,apartment,0,8.6661,8.711918830871582
03301103979,apartment,0,8.6689,8.453380584716797
03301105157,apartment,0,8.4659,8.733654022216797
03301202659,apartment,0,8.666,8.75450611114502
03301203401,apartment,0,8.5072,8.792481422424316
03301305105,apartment,0,8.8177,8.879764556884766
03301403761,apartment,0,8.5913,8.615315437316895
03301403867,apartment,0,8.0472,8.57164192199707
03301407307,apartment,0,8.6052,8.649950981140137
03301407420,apartment,0,8.69,8.644207000732422
03301504922,apartment,0,8.5172,8.579717636108398
03301513271,apartment,0,8.6095,8.670044898986816
03301805280,apartment,0,8.9102,8.53219985961914
03301900429,apartment,0,8.447,8.531051635742188
03301900585,apartment,0,8.1992,8.33260726928711
03302204019,apartment,0,8.0819,8.550759315490723
03302204132,apartment,0,8.3489,8.5430326461792
03302204183,apartment,0,8.315,8.53781509399414
03302301162,apartment,0,7.915,8.492952346801758
03302309988,apartment,0,8.1807,8.587250709533691
03302601956,apartment,0,7.9452,8.439440727233887
03302602642,apartment,0,8.4808,8.618430137634277
03302604351,apartment,0,8.363,8.526751518249512
03302604629,apartment,0,8.0446,8.487157821655273
03302906110,apartment,0,8.3075,8.688655853271484
03302907273,apartment,0,8.866,8.836959838867188
03302907494,apartment,0,8.801,8.837459564208984
03302907958,apartment,0,8.5972,8.874135971069336
03303008191,apartment,0,8.6603,8.59166431427002
03303010625,apartment,0,8.5477,8.464604377746582
03303014566,apartment,0,8.5764,8.848645210266113
03303101981,apartment,0,8.2013,8.528599739074707
03303103135,apartment,0,8.2861,8.601297378540039
03303103747,apartment,0,8.7354,8.669820785522461
03303104034,apartment,0,8.6398,8.630403518676758
03303106444,apartment,0,8.2694,8.352226257324219
03303107173,apartment,0,8.2777,8.51252555847168
03303400903,apartment,0,8.1807,8.598159790039062
03303404275,apartment,0,8.6493,8.534236907958984
03303408971,apartment,0,8.1257,8.477986335754395
03303602298,apartment,0,8.1956,8.178513526916504
03303605890,apartment,0,7.667,8.235943794250488
03303702217,apartment,0,8.096,8.277718544006348
03303702810,apartment,0,7.7351,8.329967498779297
03303705240,apartment,0,8.2627,8.41623592376709
03303708436,apartment,0,8.3102,8.56334400177002
03303903107,apartment,0,8.0995,8.09830093383789
03303905711,apartment,0,8.7614,8.724420547485352
03303906122,apartment,0,8.6924,8.72762680053711
03303907137,apartment,0,8.5172,8.72771167755127
03303907145,apartment,0,8.8567,8.72762680053711
03304002121,apartment,0,8.3422,8.574090003967285
03304003886,apartment,0,8.896,8.586918830871582
03304100636,apartment,0,8.3075,8.346733093261719
03304604375,apartment,0,8.1435,8.393239974975586
03304605118,apartment,0,8.1773,8.405400276184082
03304605568,apartment,0,8.0838,8.402667999267578
03304605878,apartment,0,8.3559,8.418168067932129
03304609113,apartment,0,8.3529,8.324590682983398
03304613463,apartment,0,7.7787,8.843620300292969
03304615822,apartment,0,9.028,8.837384223937988
03304615946,apartment,0,9.1114,8.833175659179688
03304616284,apartment,0,9.1429,8.853763580322266
03304618015,apartment,0,8.8005,8.739946365356445
03304618503,apartment,0,8.7534,8.752372741699219
03304618635,apartment,0,8.8251,8.713000297546387
03304619781,apartment,0,8.7772,8.751887321472168
03304619941,apartment,0,8.8071,8.741729736328125
03304620192,apartment,0,8.9735,8.71759033203125
03304702131,apartment,0,8.0387,8.527088165283203
03304709762,apartment,0,8.6638,8.73615550994873
03304709991,apartment,0,8.9433,8.727084159851074
03304710396,apartment,0,8.5495,8.725406646728516
03304901051,apartment,0,7.9022,8.568093299865723
03305002557,apartment,0,8.1509,8.29471492767334
03305103000,apartment,0,8.6284,8.637194633483887
03305300450,apartment,0,8.2894,8.328872680664062
03305601493,apartment,0,8.2808,8.268838882446289
03305703253,apartment,0,8.3229,8.190925598144531
03305703733,apartment,0,8.5041,8.44891357421875
03305708311,apartment,0,8.5619,8.59997844696045
03305709235,apartment,0,8.5231,8.630678176879883
03305709383,apartment,0,8.6018,8.632880210876465
03306200360,apartment,0,8.6927,8.441142082214355
03306200832,apartment,0,8.589,8.565070152282715
03306201111,apartment,0,8.8717,8.565011024475098
03306202290,apartment,0,8.7376,8.48989200592041
03306801951,apartment,0,8.5666,8.37354564666748
03306802395,apartment,0,8.5389,8.195383071899414
03307300237,apartment,0,8.2048,8.131682395935059
03400102369,apartment,0,8.8575,8.678915977478027
03400102407,apartment,0,8.8899,8.691520690917969
03400200522,apartment,0,8.1727,8.218317985534668
03400602302,apartment,9,8.1242,8.085277557373047
03400700231,apartment,9,8.6858,8.580427169799805
03400702498,apartment,9,8.8982,8.623632431030273
03400704423,apartment,9,8.7554,8.524897575378418
03400705314,apartment,9,8.9098,8.573911666870117
03400902772,apartment,0,8.4302,8.4874267578125
03401001371,apartment,0,8.5962,8.305699348449707
03401003208,apartment,0,8.4615,8.55617618560791
03401200194,apartment,9,8.9252,8.757452011108398
03401800795,apartment,0,8.0705,8.101489067077637
03401801201,apartment,0,8.6115,8.271588325500488
03402101912,apartment,9,8.2501,8.403850555419922
03402301342,apartment,9,8.7171,8.633481979370117
03403201181,apartment,0,8.3994,8.229252815246582
03403201414,apartment,0,8.2171,8.309883117675781
03403203239,apartment,0,8.3787,8.32880687713623
03403501809,apartment,9,8.5172,8.52450180053711
03403507904,apartment,9,8.4331,8.446593284606934
03403507939,apartment,9,7.9454,8.48803997039795
03403508021,apartment,9,8.5432,8.361797332763672
03403701220,apartment,0,8.1678,8.267292976379395
03403701451,apartment,0,8.5245,8.307768821716309
03403701697,apartment,0,8.3143,8.31125545501709
03403903631,apartment,1,8.1069,8.318456649780273
03403904369,apartment,1,8.4621,8.369058609008789
03404502027,apartment,1,8.655,8.52180290222168
03404604156,apartment,1,7.9719,8.315836906433105
03404801717,apartment,1,8.1952,8.132097244262695
03405100690,apartment,1,8.4102,8.282623291015625
03405700566,apartment,1,8.7279,8.346460342407227
03405700728,apartment,1,8.5111,8.392412185668945
03405701465,apartment,1,7.6417,8.147375106811523
03405900603,apartment,1,8.4988,8.246371269226074
03405900621,apartment,1,8.6178,8.391775131225586
03406001432,apartment,1,8.5411,8.548858642578125
03406102395,apartment,1,8.9053,8.478676795959473
03406302734,apartment,1,8.5172,8.528694152832031
03406501419,apartment,1,8.3915,8.324219703674316
03407701306,apartment,1,8.6457,8.52482795715332
03407701535,apartment,1,8.6873,8.522566795349121
03407900708,apartment,1,8.6962,8.360801696777344
03408001103,apartment,1,8.6883,8.365877151489258
03408101329,apartment,1,8.5172,8.084628105163574
03408200874,apartment,1,8.1089,8.202554702758789
03408302421,apartment,1,8.7643,8.488845825195312
03408302782,apartment,1,8.7716,8.49206256866455
03408303029,apartment,1,8.7377,8.495187759399414
03408303207,apartment,1,8.2828,8.486715316772461
03408502366,apartment,0,8.7687,8.746119499206543
03408600961,apartment,0,8.2295,8.27397346496582
03408801045,apartment,0,8.1807,8.469483375549316
03408802831,apartment,0,8.8849,8.497726440429688
03408803005,apartment,0,8.6433,8.51579761505127
03408803234,apartment,0,8.6897,8.528063774108887
03500101143,apartment,9,8.4241,8.569833755493164
03500104754,apartment,9,8.4751,8.405538558959961
03500105858,apartment,9,8.4566,8.437585830688477
03500106757,apartment,9,8.4533,8.409232139587402
03500109251,apartment,9,8.7125,8.547843933105469
03500110118,apartment,9,8.2423,8.512004852294922
03500501494,apartment,9,8.6032,8.509580612182617
03500502350,apartment,9,8.4981,8.481849670410156
03500502873,apartment,9,8.6412,8.473047256469727
03500901921,apartment,9,8.7403,8.743555068969727
03500901980,apartment,9,8.6995,8.742435455322266
03502406091,apartment,1,8.2449,8.256887435913086
03502407010,apartment,1,9.0571,8.650167465209961
03503301046,apartment,1,8.6638,8.410393714904785
03504401419,apartment,9,8.1213,8.325482368469238
03504600969,apartment,9,8.4752,8.736997604370117
03504601868,apartment,9,8.2723,8.739724159240723
03504801646,apartment,9,8.2295,8.590015411376953
03504801700,apartment,9,8.294,8.59005355834961
03505902985,apartment,9,8.0053,8.263017654418945
03505905186,apartment,9,8.4795,8.304738998413086
03506001515,apartment,9,7.8937,8.416255950927734
03506201141,apartment,9,8.101,8.345873832702637
03507202611,apartment,9,8.8457,8.676567077636719
03507301032,apartment,9,8.9325,8.592500686645508
03507302276,apartment,9,8.8236,8.67452621459961
03508002004,apartment,9,8.6507,8.670766830444336
03508202496,apartment,9,8.4219,8.566329956054688
03508202623,apartment,9,8.8018,8.528182983398438
03508300781,apartment,9,8.3041,8.437695503234863
03508303047,apartment,9,8.2843,8.26551342010498
03508303284,apartment,9,8.3291,8.273435592651367
03508304612,apartment,9,8.3682,8.26715087890625
03508309894,apartment,9,7.8187,8.980777740478516
03508309975,apartment,9,7.7344,8.982278823852539
03508311791,apartment,9,7.7248,8.944113731384277
03508802698,apartment,9,8.5839,8.429038047790527
03508802973,apartment,9,8.6156,8.41753101348877
03508804682,apartment,9,8.2742,8.556114196777344
03508805069,apartment,9,8.5862,8.541573524475098
03508805190,apartment,9,8.363,8.53564453125
03508900738,apartment,9,8.33,8.20468807220459
03508902420,apartment,9,8.8818,8.427923202514648
03508902501,apartment,9,8.4207,8.410478591918945
03509802640,apartment,9,8.3774,8.518505096435547
03509802659,apartment,9,8.4262,8.51834487915039
03509804971,apartment,9,8.558,8.520092964172363
03509805143,apartment,9,8.5874,8.54356575012207
03509805259,apartment,9,8.489,8.517326354980469
03509805275,apartment,9,8.6042,8.540355682373047
03509901193,apartment,9,8.2727,8.239511489868164
03510301544,apartment,9,8.1091,8.143120765686035
03510303113,apartment,9,8.8356,8.732404708862305
03510303539,apartment,9,8.6316,8.708870887756348
03510303652,apartment,9,8.3706,8.707547187805176
03510307011,apartment,9,8.0164,8.51840877532959
03510307331,apartment,9,8.6316,8.528375625610352
03600303252,apartment,0,8.5791,8.806504249572754
03600306601,apartment,0,8.6735,8.772237777709961
03600307592,apartment,0,8.9771,8.905359268188477
03600309501,apartment,0,9.242,8.768040657043457
03600317776,apartment,0,9.0206,8.873024940490723
03600321447,apartment,0,8.7793,9.129609107971191
03600326481,apartment,0,9.3218,9.049947738647461
03600402390,apartment,0,9.0807,8.728283882141113
03600403095,apartment,0,8.548,8.586090087890625
03600403524,apartment,0,8.6861,8.614142417907715
03600504101,apartment,0,9.1362,8.644423484802246
03600602330,apartment,0,8.8457,8.726738929748535
03600602349,apartment,0,8.7243,8.68163776397705
03600602721,apartment,0,8.7518,8.71624755859375
03600701169,apartment,0,8.614,8.820043563842773
03600701576,apartment,0,8.8876,8.690568923950195
03600701673,apartment,0,9.0211,8.701257705688477
03600702289,apartment,0,8.9866,8.711153030395508
03600703013,apartment,0,8.9802,8.64073371887207
03600704117,apartment,0,9.0863,8.753199577331543
03600704801,apartment,0,8.4592,8.75965690612793
03600802380,apartment,0,9.0503,8.736139297485352
03600803115,apartment,0,8.7163,8.694257736206055
03601100479,apartment,0,9.0401,8.746456146240234
03601201615,apartment,0,9.2512,9.166350364685059
03601203553,apartment,0,8.946,8.719145774841309
03601300699,apartment,0,8.5811,8.718567848205566
03601300923,apartment,0,8.6553,8.746809005737305
03601301172,apartment,0,8.8273,8.774210929870605
03601301229,apartment,0,8.6192,8.727954864501953
03601302500,apartment,0,8.7937,8.501381874084473
03601303132,apartment,0,8.7497,8.795368194580078
03601305321,apartment,0,9.0926,9.088176727294922
03601305712,apartment,0,9.3927,9.113816261291504
03601502917,apartment,0,8.4307,8.65344524383545
03601901692,apartment,0,8.6949,8.62020492553711
03601901714,apartment,0,9.0445,8.618145942687988
03602202771,apartment,0,8.9678,8.707018852233887
03602203042,apartment,0,8.5653,8.68132209777832
03602203417,apartment,0,8.5316,8.659380912780762
03602203433,apartment,0,8.5172,8.642269134521484
03602700992,apartment,0,8.8589,8.636351585388184
03602701298,apartment,0,8.9604,8.726808547973633
03602701441,apartment,0,8.6863,8.6796293258667
03602701832,apartment,0,7.7832,8.64916706085205
03602702057,apartment,0,8.4978,8.686681747436523
03602703371,apartment,0,8.5942,8.6759672164917
03603001540,apartment,0,8.9319,8.56656265258789
03603102614,apartment,0,9.0768,8.589404106140137
03603105508,apartment,0,8.7987,9.012185096740723
03603105931,apartment,0,9.4531,9.005731582641602
03603106059,apartment,0,9.2213,9.005786895751953
03603106172,apartment,0,9.0127,9.058347702026367
03603700546,apartment,0,9.0525,8.774123191833496
03603700813,apartment,0,8.8118,8.745537757873535
03603702492,apartment,0,9.2856,9.129904747009277
03603800737,apartment,0,8.9615,8.760137557983398
03603802500,apartment,0,8.4759,8.645672798156738
03603901037,apartment,0,8.948,8.721037864685059
03603901371,apartment,0,8.7638,8.720907211303711
03603905709,apartment,0,8.3656,8.530835151672363
03603908147,apartment,0,8.3884,8.80029010772705
03603908236,apartment,0,8.3104,8.798965454101562
03603909283,apartment,0,9.1448,9.030868530273438
03603909380,apartment,0,7.791,9.033703804016113
03604001064,apartment,0,9.2552,8.561657905578613
03604001201,apartment,0,8.9172,8.720805168151855
03604503353,apartment,0,8.7769,8.733362197875977
03604504007,apartment,0,8.6975,8.781547546386719
03604509165,apartment,0,8.9195,8.791339874267578
03604510562,apartment,0,8.6327,8.684070587158203
03604602114,apartment,0,8.5101,8.741052627563477
03604602459,apartment,0,8.4964,8.651247024536133
03604704413,apartment,0,9.2524,8.990459442138672
03604802652,apartment,0,9.0905,8.704719543457031
03604804371,apartment,0,8.9424,8.737116813659668
03604807735,apartment,0,9.2287,9.078022003173828
03604901065,apartment,0,8.5172,8.714825630187988
03605000339,apartment,0,9.2175,8.465253829956055
03605001361,apartment,0,8.9149,9.10628604888916
03605101291,apartment,0,8.4771,8.871496200561523
03605101763,apartment,0,9.2894,9.068770408630371
03605201415,apartment,0,9.5182,8.886208534240723
03605800823,apartment,0,9.7098,9.05837345123291
03605800831,apartment,0,9.6387,9.056221008300781
03605901743,apartment,0,8.6442,8.807524681091309
03605902227,apartment,0,8.6868,8.810720443725586
03606000855,apartment,0,9.0677,8.736907958984375
03606100711,apartment,0,8.9511,8.740741729736328
03606101775,apartment,0,8.5931,8.893664360046387
03606401094,apartment,0,9.7039,9.172083854675293
03608100326,apartment,1,8.9104,8.94935417175293
03608201653,apartment,1,8.8455,8.744314193725586
03608203486,apartment,1,8.8883,8.974550247192383
03609401133,apartment,6,9.1672,8.700326919555664
03611601462,apartment,6,9.3093,8.863733291625977
03611702757,apartment,6,9.2244,8.77920150756836
03611703680,apartment,6,9.6675,9.019762992858887
03611705901,apartment,6,9.6444,8.564370155334473
03611706264,apartment,6,9.5865,8.822662353515625
03611706272,apartment,6,9.5005,8.771103858947754
03611706957,apartment,6,9.3225,9.081023216247559
03611707015,apartment,6,9.2753,9.080738067626953
03611707228,apartment,6,9.1953,9.170454025268555
03611707333,apartment,6,9.557,9.200419425964355
03612801058,apartment,6,8.7767,8.932960510253906
03612801635,apartment,6,8.8187,8.902454376220703
03612806564,apartment,6,9.0779,8.65633487701416
03612900838,apartment,6,9.028,9.004097938537598
03612900889,apartment,6,9.6023,8.893513679504395
03613000601,apartment,6,9.4415,8.912650108337402
03613802643,apartment,0,8.5172,8.851375579833984
03613802708,apartment,0,9.0975,8.811931610107422
03614800814,apartment,0,9.0562,8.75723934173584
03700301057,apartment,0,8.6936,8.78467845916748
03700500874,apartment,0,8.4391,8.557260513305664
03700501323,apartment,0,8.833,8.661985397338867
03700501617,apartment,0,8.6241,8.663346290588379
03700502052,apartment,0,8.7567,8.696466445922852
03700505248,apartment,0,8.5086,8.539407730102539
03700602170,apartment,0,9.3534,9.14502239227295
03700602618,apartment,0,9.0274,9.034770965576172
03700604629,apartment,0,9.0784,9.099807739257812
03700605641,apartment,0,9.1217,9.089396476745605
03700605668,apartment,0,9.2792,9.093819618225098
03700605821,apartment,0,9.1689,9.09616756439209
03700606461,apartment,0,9.0807,9.099807739257812
03700608071,apartment,0,8.2457,9.015525817871094
03700608081,apartment,0,9.4328,9.090137481689453
03700608306,apartment,0,9.002,9.049291610717773
03700608527,apartment,0,8.9618,9.09616756439209
03700800924,apartment,0,8.6624,8.660238265991211
03700801645,apartment,0,9.262,8.601982116699219
03700804261,apartment,0,8.7096,8.771773338317871
03700804466,apartment,0,8.4219,8.770386695861816
03700804751,apartment,0,9.1067,8.663321495056152
03700903669,apartment,0,8.4417,8.976704597473145
03700903855,apartment,0,8.4417,8.976704597473145
03701202176,apartment,0,8.5613,8.765362739562988
03701202966,apartment,0,8.6166,8.736394882202148
03701205914,apartment,0,8.7825,8.730537414550781
03701207984,apartment,0,8.5172,8.86234188079834
03701209464,apartment,0,8.1342,8.729522705078125
03701210098,apartment,0,8.5329,8.713807106018066
03701212473,apartment,0,9.3578,9.015445709228516
03701300933,apartment,0,8.5803,8.63590145111084
03701408734,apartment,0,8.8818,8.888354301452637
03701409323,apartment,0,8.4012,8.867464065551758
03701412871,apartment,0,8.6412,8.862760543823242
03701413576,apartment,0,8.4014,8.868125915527344
03701417369,apartment,0,8.9464,8.983370780944824
03701418411,apartment,0,9.1659,8.99597454071045
03701418551,apartment,0,9.3246,8.99699878692627
03701418561,apartment,0,8.7829,8.992691040039062
03701418799,apartment,0,9.0706,8.992951393127441
03701418829,apartment,0,9.0363,8.977151870727539
03701420319,apartment,0,9.2261,9.086418151855469
03701420513,apartment,0,9.0099,9.115450859069824
03701420548,apartment,0,9.082,9.119087219238281
03701420939,apartment,0,9.0769,9.100037574768066
03701420963,apartment,0,9.5051,9.099708557128906
03701705364,apartment,1,9.105,8.980705261230469
03701706077,apartment,1,9.455,9.011064529418945
03701900884,apartment,0,8.1173,8.526701927185059
03701900981,apartment,0,8.6957,8.749143600463867
03701901139,apartment,0,8.7875,8.749143600463867
03701901309,apartment,0,8.8388,8.747382164001465
03702003584,apartment,0,8.8551,8.791545867919922
03702004361,apartment,0,9.2103,9.040379524230957
03702102371,apartment,1,8.3912,8.701896667480469
03702104402,apartment,1,8.4785,8.613160133361816
03702107045,apartment,1,8.3642,8.759286880493164
03702200568,apartment,1,9.1805,8.763105392456055
03702202552,apartment,1,9.0848,8.618376731872559
03702202587,apartment,1,9.0325,8.619688987731934
03702301046,apartment,1,8.0155,8.753942489624023
03702301062,apartment,1,8.5213,8.711231231689453
03702400737,apartment,1,9.0627,8.649024963378906
03702401555,apartment,1,8.63,8.690437316894531
03702401733,apartment,1,8.7841,8.719094276428223
03702404120,apartment,1,8.8015,8.6184720993042
03702405186,apartment,1,8.9353,8.545082092285156
03702502149,apartment,1,8.7588,8.693666458129883
03702503072,apartment,1,8.6365,8.733698844909668
03702503250,apartment,1,8.6365,8.739473342895508
03702504842,apartment,1,8.9731,8.694976806640625
03702601244,apartment,1,8.7901,8.799464225769043
03702601899,apartment,1,8.5836,8.754144668579102
03702602798,apartment,1,8.971,9.049495697021484
03702603220,apartment,1,9.1204,9.048318862915039
03702603281,apartment,1,9.1584,9.054204940795898
03702802241,apartment,1,9.0008,9.116952896118164
03702803092,apartment,1,9.101,9.124382019042969
03703301600,apartment,1,8.8858,8.611848831176758
03703302690,apartment,1,8.7734,8.58483600616455
03703303999,apartment,1,8.4537,8.611069679260254
03703500591,apartment,1,8.5012,8.746899604797363
03703602929,apartment,1,8.9456,8.870213508605957
03703604743,apartment,1,8.5598,8.793183326721191
03703605057,apartment,1,8.8247,8.735085487365723
03703605960,apartment,1,8.9661,8.748495101928711
03703606381,apartment,1,8.6264,8.675898551940918
03703606398,apartment,1,8.5642,8.649237632751465
03703607866,apartment,1,8.7721,8.728778839111328
03703608137,apartment,1,8.8327,8.709112167358398
03703613505,apartment,1,9.4249,9.161365509033203
03703614145,apartment,1,9.1699,9.163970947265625
03703614161,apartment,1,8.8658,9.160900115966797
03703807768,apartment,1,8.9763,8.757705688476562
03703901543,apartment,1,8.9227,8.649839401245117
03704001589,apartment,1,8.4876,8.599215507507324
03704013854,apartment,1,9.0852,8.995027542114258
03704014516,apartment,1,8.8984,8.87248420715332
03704306886,apartment,1,8.0819,8.697897911071777
03704308900,apartment,1,8.763,8.62149429321289
03704311065,apartment,1,8.9192,8.512045860290527
03704312551,apartment,1,8.8853,8.742956161499023
03704313378,apartment,1,8.9687,8.72329330444336
03704402524,apartment,1,8.7366,8.963628768920898
03704402877,apartment,1,9.0849,8.93276596069336
03704404799,apartment,1,9.3034,8.976831436157227
03704408883,apartment,1,9.1658,8.928536415100098
03704409111,apartment,1,9.1197,8.928587913513184
03704409121,apartment,1,9.215,8.928587913513184
03704409308,apartment,1,9.162,8.908220291137695
03704409464,apartment,1,9.0894,8.955327987670898
03704409502,apartment,1,9.0674,8.930368423461914
03704409510,apartment,1,9.1558,8.90639591217041
03704409677,apartment,1,9.1697,8.901191711425781
03704409723,apartment,1,9.0195,8.9251070022583
03704409741,apartment,1,9.0795,8.934892654418945
03704409812,apartment,1,9.3738,8.898681640625
03704409898,apartment,1,9.4286,8.943151473999023
03704410101,apartment,1,9.3271,8.931885719299316
03704410225,apartment,1,9.1471,8.954547882080078
03704410381,apartment,1,9.2838,8.934003829956055
03704410594,apartment,1,9.2696,8.930139541625977
03704503266,apartment,1,8.3174,8.561322212219238
03704505714,apartment,1,8.4894,8.838808059692383
03704506540,apartment,1,9.2832,8.985175132751465
03704701351,apartment,1,8.7346,8.675268173217773
03704701882,apartment,1,8.3921,8.639457702636719
03704705179,apartment,1,8.9952,8.904491424560547
03705001752,apartment,1,8.7101,8.670709609985352
03705604406,apartment,1,8.5153,8.889373779296875
03705604503,apartment,1,8.73,8.897878646850586
03705605038,apartment,1,7.6755,8.888862609863281
03705605631,apartment,1,8.883,8.988849639892578
03705608827,apartment,1,9.3744,9.099128723144531
03705609602,apartment,1,9.6841,9.091344833374023
03705610171,apartment,1,9.367,9.108942031860352
03705610449,apartment,1,9.0941,9.087482452392578
03705610775,apartment,1,9.2539,9.112608909606934
03705610872,apartment,1,9.1854,9.105735778808594
03706000611,apartment,1,8.1593,8.653024673461914
03706402610,apartment,1,8.7712,8.655476570129395
03706408376,apartment,1,8.3944,8.738734245300293
03706703858,apartment,1,8.9002,8.709503173828125
03707103366,apartment,1,8.6819,8.659015655517578
03707103455,apartment,1,8.7313,8.65065860748291
03707104291,apartment,1,8.812,8.564056396484375
03707107493,apartment,1,8.8147,8.871418952941895
03707107663,apartment,1,9.064,8.832469940185547
03707108724,apartment,1,8.5738,9.07723331451416
03707400441,apartment,1,8.8717,8.629159927368164
03708100840,apartment,1,8.3442,8.625162124633789
03708302915,apartment,1,8.3407,8.532533645629883
03708304896,apartment,1,8.2725,8.670249938964844
03708307038,apartment,1,8.9844,8.978776931762695
03708800443,apartment,0,8.8899,8.986247062683105
03708800826,apartment,0,9.1134,9.035052299499512
03708900731,apartment,0,8.4927,8.680574417114258
03709100615,apartment,1,9.1291,9.126197814941406
03709101751,apartment,1,9.3362,9.124982833862305
03709302005,apartment,0,8.6881,8.825358390808105
03709304946,apartment,0,8.4746,8.75792407989502
03709400211,apartment,0,8.0044,8.644820213317871
03709400260,apartment,0,8.363,8.637693405151367
03709800218,apartment,0,9.1075,8.821600914001465
03709800986,apartment,0,8.7623,8.851798057556152
03709900611,apartment,1,9.0598,9.008865356445312
03709900891,apartment,1,8.8216,8.893390655517578
03709900972,apartment,1,9.0221,8.894563674926758
03710003121,apartment,1,9.2726,9.08841609954834
03710004306,apartment,1,9.1084,9.08193588256836
03710100811,apartment,1,8.5878,8.987762451171875
03710201217,apartment,1,8.8436,8.676509857177734
03710302382,apartment,1,8.9872,8.702751159667969
03710303151,apartment,1,8.3165,8.696762084960938
03710303974,apartment,1,9.144,8.628618240356445
03710304210,apartment,1,8.8318,8.575383186340332
03710304636,apartment,1,8.8426,8.707036972045898
03800102609,apartment,0,8.643,8.93300724029541
03800104261,apartment,0,9.405,8.94118881225586
03800203669,apartment,0,8.9763,8.949408531188965
03800700972,apartment,0,8.6948,8.477910995483398
03800901528,apartment,0,8.7527,8.710036277770996
03800901722,apartment,0,8.8919,8.73378849029541
03800902672,apartment,0,8.7113,8.687936782836914
03800904020,apartment,0,8.7668,8.693269729614258
03800904942,apartment,0,8.4219,8.768878936767578
03800913631,apartment,0,9.1397,9.038490295410156
03800913690,apartment,0,9.2263,9.130322456359863
03801101592,apartment,0,8.6687,8.614198684692383
03801300676,apartment,0,8.5817,8.851938247680664
03801400311,apartment,0,8.5382,8.547449111938477
03801801071,apartment,0,8.58,8.517972946166992
03801901173,apartment,0,8.6298,8.4849271774292
03802002652,apartment,0,8.829,8.927450180053711
03802105291,apartment,0,8.6637,8.403740882873535
03802113381,apartment,0,9.0038,8.679499626159668
03802116534,apartment,0,8.8071,8.649443626403809
03802300531,apartment,0,8.4467,8.28897762298584
03802301617,apartment,0,8.7403,8.831212043762207
03802400178,apartment,0,7.8813,8.183897972106934
03802901312,apartment,0,9.13,8.936103820800781
03802904389,apartment,0,8.9685,8.981520652770996
03802904461,apartment,0,9.1957,8.983835220336914
03802905466,apartment,0,8.8488,8.98974609375
03802905652,apartment,0,9.2247,8.98724365234375
03803202426,apartment,0,8.8876,8.521280288696289
03803203503,apartment,0,8.4219,8.961055755615234
03803204100,apartment,0,8.7556,8.946439743041992
03803204542,apartment,0,8.7945,8.946516036987305
03803301742,apartment,0,7.8472,8.197956085205078
03803301947,apartment,0,8.4933,8.393804550170898
03803304032,apartment,0,7.7376,8.145947456359863
03803401054,apartment,0,8.2967,8.308391571044922
03803501040,apartment,0,8.4007,8.141897201538086
03803600979,apartment,0,7.8824,8.208040237426758
03803601290,apartment,0,8.5323,8.243758201599121
03803601691,apartment,0,8.0911,8.121438026428223
03803602068,apartment,0,8.6006,8.592172622680664
03803602319,apartment,0,8.6959,8.590323448181152
03803602718,apartment,0,8.5542,8.467399597167969
03803800722,apartment,0,8.9111,8.796467781066895
03803801461,apartment,0,8.3088,8.385311126708984
03804005403,apartment,0,9.2797,9.151894569396973
03804005705,apartment,0,9.3048,9.194868087768555
03804006957,apartment,0,9.002,9.033963203430176
03804301282,apartment,0,8.8183,8.905109405517578
03804404871,apartment,0,8.6687,8.850375175476074
03804405142,apartment,0,8.8461,8.638774871826172
03804405851,apartment,0,8.6618,8.697550773620605
03804406637,apartment,0,8.7403,8.85734748840332
03804407242,apartment,0,8.633,8.877942085266113
03804407439,apartment,0,8.6957,8.834918975830078
03804407501,apartment,0,8.8164,8.78408432006836
03804407560,apartment,0,8.4995,8.875260353088379
03804407706,apartment,0,8.842,8.835289001464844
03804407749,apartment,0,8.7072,8.83259105682373
03804411851,apartment,0,8.7846,8.762011528015137
03804413897,apartment,0,8.207,8.463859558105469
03804418678,apartment,0,8.6651,8.756336212158203
03804425291,apartment,0,8.6442,8.702622413635254
03804427138,apartment,0,8.3688,8.742629051208496
03804428241,apartment,0,8.901,8.854992866516113
03804429203,apartment,0,8.9865,9.068142890930176
03804429221,apartment,0,8.5117,9.064891815185547
03804429750,apartment,0,9.2818,9.006365776062012
03804431951,apartment,0,9.103,9.023402214050293
03804432591,apartment,0,8.9421,9.033247947692871
03804434266,apartment,0,8.9992,9.056020736694336
03804434649,apartment,0,9.1029,9.072343826293945
03804434975,apartment,0,8.9756,9.073088645935059
03804435025,apartment,0,9.0439,9.056344032287598
03804435912,apartment,0,8.7302,9.108530044555664
03804436145,apartment,0,8.6997,9.129130363464355
03804436234,apartment,0,8.6831,9.121868133544922
03804436943,apartment,0,9.0068,9.126864433288574
03804437184,apartment,0,9.0729,9.121569633483887
03804437192,apartment,0,9.1397,9.118796348571777
03805302940,apartment,0,8.9583,9.015310287475586
03805303246,apartment,0,8.8919,8.97354507446289
03805303599,apartment,0,8.8049,8.988489151000977
03805304307,apartment,0,8.3847,8.980612754821777
03805304927,apartment,0,8.8911,8.95589542388916
03805305982,apartment,0,8.8966,8.947061538696289
03805501161,apartment,0,8.8079,8.685965538024902
03805901097,apartment,1,8.6638,8.621034622192383
03805901135,apartment,1,8.8942,8.596015930175781
03805901461,apartment,1,8.4954,8.488719940185547
03805902468,apartment,1,8.965,8.587722778320312
03805903677,apartment,1,9.0706,8.605330467224121
03805904967,apartment,1,8.3155,8.464618682861328
03806901791,apartment,1,8.8914,8.668044090270996
03806902798,apartment,1,8.8935,8.67647647857666
03807201531,apartment,1,8.6393,8.906854629516602
03807202870,apartment,1,9.0814,8.980810165405273
03807203168,apartment,1,9.0624,8.98599624633789
03807204911,apartment,1,9.324,8.99282455444336
03807206205,apartment,1,9.4371,9.011920928955078
03807303529,apartment,1,9.1751,8.812962532043457
03807304541,apartment,1,9.1119,8.859996795654297
03807307125,apartment,1,9.3694,8.88212776184082
03807401997,apartment,1,8.1268,8.490433692932129
03807501584,apartment,1,8.6624,8.81338119506836
03807502084,apartment,1,9.1032,8.811333656311035
03807900918,apartment,1,8.3165,8.466814041137695
03808200741,apartment,1,8.0761,8.393580436706543
03808301899,apartment,1,8.8551,8.948781967163086
03808303255,apartment,1,9.2032,8.90371322631836
03808303468,apartment,1,9.2057,8.951970100402832
03808303476,apartment,1,9.2061,8.951970100402832
03808303964,apartment,1,9.2035,8.906054496765137
03808400730,apartment,1,8.9827,8.993228912353516
03808401060,apartment,1,9.4544,8.993866920471191
03808401338,apartment,1,8.8872,8.987236022949219
03808401826,apartment,1,9.4452,8.977534294128418
03808503157,apartment,1,9.1483,8.842208862304688
03808902264,apartment,1,8.9061,8.845311164855957
03808902345,apartment,1,8.8809,8.834680557250977
03810300306,apartment,1,8.3774,8.76441764831543
03810300519,apartment,1,9.113,8.768011093139648
03810400785,apartment,1,9.059,8.7337007522583
03810401463,apartment,1,9.1711,8.736856460571289
03810701361,apartment,1,8.641,8.51882553100586
03811400568,apartment,0,8.5998,8.650992393493652
03901101683,apartment,1,8.3894,8.348756790161133
03901501053,apartment,1,8.1399,8.068458557128906
03902501332,apartment,1,8.6722,8.609516143798828
03902502606,apartment,1,8.614,8.47254467010498
03902502738,apartment,1,8.4449,8.507922172546387
03902601027,apartment,1,9.024,8.404991149902344
03902800518,apartment,1,7.634,8.439617156982422
03902801697,apartment,1,8.1665,8.326623916625977
03903001236,apartment,1,8.2548,8.097012519836426
03904001817,apartment,1,8.4083,8.530694007873535
03904001876,apartment,1,8.5036,8.536022186279297
03904100981,apartment,1,8.7808,8.385025024414062
03904101201,apartment,1,8.5685,8.668474197387695
03904102095,apartment,1,8.8114,8.676307678222656
03904302531,apartment,1,7.7994,8.11760425567627
03904303082,apartment,1,8.2114,8.22279167175293
03904303155,apartment,1,8.5012,8.216771125793457
03904305328,apartment,1,8.9193,8.668262481689453
03904305891,apartment,1,8.5168,8.751974105834961
03904307045,apartment,1,8.5506,8.746809005737305
03906507181,apartment,1,8.8049,8.763650894165039
03907101219,apartment,1,8.8804,8.496955871582031
03907104234,apartment,1,9.1776,8.713033676147461
03907400917,apartment,1,8.6548,8.683019638061523
03907608399,apartment,1,8.9114,8.668907165527344
03907608666,apartment,1,8.5744,8.690986633300781
03907701471,apartment,1,8.315,8.419517517089844
03907702123,apartment,1,8.2727,8.361722946166992
03907702948,apartment,1,8.5751,8.367768287658691
03907703669,apartment,1,8.5918,8.458784103393555
03907705343,apartment,1,8.9355,8.87642765045166
03907705467,apartment,1,8.9368,8.87642765045166
03907705602,apartment,1,8.9971,8.880019187927246
03907705718,apartment,1,8.7599,8.876033782958984
03907705912,apartment,1,8.7372,8.879039764404297
03907706617,apartment,1,8.7504,8.909807205200195
03907707222,apartment,1,8.8149,8.699666976928711
03907707397,apartment,1,8.85,8.699666976928711
03907707494,apartment,1,8.6337,8.709244728088379
03907707524,apartment,1,8.7663,8.70701789855957
03907708547,apartment,1,8.881,8.816018104553223
03907903315,apartment,1,8.4177,8.450264930725098
03907905326,apartment,1,9.034,8.597036361694336
03907905350,apartment,1,8.7179,8.58413314819336
03907905601,apartment,1,8.7367,8.581277847290039
03907905921,apartment,1,8.0044,8.58206558227539
03908002508,apartment,1,8.8739,8.365686416625977
03908003032,apartment,1,8.7959,8.424631118774414
03908201063,apartment,1,8.7017,8.293383598327637
03908202264,apartment,1,9.1752,8.851551055908203
03908202809,apartment,1,8.6694,8.621703147888184
03908204747,apartment,1,8.9187,8.60880184173584
03913700765,apartment,1,8.6995,8.298542022705078
03914501383,apartment,1,8.6758,8.153286933898926
03914501618,apartment,1,8.1315,8.152650833129883
03914501650,apartment,1,8.5071,8.152650833129883
03915803057,apartment,1,8.7898,8.403287887573242
03915804479,apartment,1,8.5987,8.213555335998535
03915805270,apartment,1,8.6967,8.3448486328125
03915809349,apartment,1,8.8823,8.562389373779297
03915901156,apartment,1,8.3454,8.706393241882324
03915901407,apartment,1,8.3559,8.710551261901855
03915903043,apartment,1,8.6534,8.874137878417969
03915903655,apartment,1,9.1822,8.896309852600098
03916000535,apartment,1,8.5584,8.70315170288086
03916300751,apartment,1,8.3294,8.32343578338623
03916301381,apartment,1,8.3596,8.291263580322266
03916301403,apartment,1,8.2009,8.290063858032227
03916301802,apartment,1,8.816,8.446584701538086
03916402031,apartment,1,8.9959,8.610557556152344
03916402153,apartment,1,9.0793,8.615883827209473
03917100436,apartment,1,8.3305,8.303775787353516
03917101033,apartment,1,8.6953,8.312389373779297
03917102757,apartment,1,8.5313,8.418865203857422
03917200643,apartment,1,8.3297,8.238262176513672
03917501139,apartment,1,8.9227,8.317354202270508
03917501392,apartment,1,8.8173,8.317354202270508
03917503042,apartment,1,8.4992,8.463720321655273
03917700824,apartment,1,8.5952,8.428665161132812
03917801043,apartment,1,8.5546,8.138059616088867
03917801329,apartment,1,8.5172,8.205815315246582
03917802511,apartment,1,8.6624,8.533985137939453
03917900815,apartment,1,8.6864,8.344559669494629
03917901511,apartment,1,8.42,8.320606231689453
03917902028,apartment,1,8.3653,8.322101593017578
03918002047,apartment,1,8.5584,8.239082336425781
03918002292,apartment,1,7.9698,8.363283157348633
03918003167,apartment,1,8.9166,8.812398910522461
03918101282,apartment,1,8.5564,8.422977447509766
03918602257,apartment,1,8.6433,8.399909019470215
03918700593,apartment,1,8.1192,8.21938705444336
03918700852,apartment,1,8.4635,8.287785530090332
03919100468,apartment,1,8.5093,8.42666244506836
04000200720,apartment,1,8.0846,8.037187576293945
04000202138,apartment,1,8.6248,8.565948486328125
04001002681,apartment,9,8.5907,8.855445861816406
04001101483,apartment,9,8.872,8.665655136108398
04001203812,apartment,9,8.7508,8.427433013916016
04002401091,apartment,9,8.2688,8.814486503601074
04002601153,apartment,9,8.3183,8.321925163269043
04004001242,apartment,9,8.5889,8.68039321899414
04004001749,apartment,9,8.2775,8.63406753540039
04004300460,apartment,1,8.3743,8.275115966796875
04005100341,apartment,1,8.4399,8.166563987731934
04005203213,apartment,9,8.3701,8.595874786376953
04005204163,apartment,9,8.3602,8.600149154663086
04005300545,apartment,9,8.4534,8.493387222290039
04005700616,apartment,1,8.4118,8.296592712402344
04005700764,apartment,1,8.1832,8.221348762512207
04005800750,apartment,1,8.4828,8.266736030578613
04006000502,apartment,9,8.994,8.87476634979248
04006001495,apartment,9,8.9808,8.882739067077637
04006003226,apartment,9,9.0524,8.8569917678833
04006701136,apartment,1,8.999,8.550113677978516
04006800932,apartment,1,8.8794,8.406829833984375
04006800991,apartment,1,8.7435,8.404430389404297
04007400857,apartment,1,8.5542,8.161895751953125
04007600521,apartment,1,8.641,8.135393142700195
04007700877,apartment,1,8.1956,8.026365280151367
04008103252,apartment,1,8.3005,8.24421501159668
04008103988,apartment,1,8.7558,8.479276657104492
04008201319,apartment,1,8.294,8.187788009643555
04008201327,apartment,1,8.3586,8.191716194152832
04008201769,apartment,1,8.3689,8.191489219665527
04008202870,apartment,1,8.4265,8.670058250427246
04008202951,apartment,1,8.5077,8.624183654785156
04008202961,apartment,1,8.4828,8.618436813354492
04008203028,apartment,1,8.599,8.609663009643555
04008203338,apartment,1,8.8966,8.672674179077148
04008203516,apartment,1,8.7322,8.624856948852539
04008203532,apartment,1,8.9035,8.68124771118164
04008203591,apartment,1,8.8684,8.627233505249023
04008203648,apartment,1,9.1405,8.683074951171875
04008204059,apartment,1,8.5928,8.625371932983398
04008600515,apartment,1,8.5954,8.188424110412598
04009201398,apartment,1,8.2782,8.139303207397461
04009900741,apartment,1,8.854,8.791227340698242
04009901020,apartment,1,8.9177,8.710387229919434
04009901268,apartment,1,8.7848,8.792303085327148
04010700688,apartment,1,8.3946,8.184576988220215
04010900970,apartment,1,8.4442,8.42121696472168
04011000744,apartment,1,8.3757,8.76626968383789
04011001066,apartment,1,8.6727,8.75163459777832
04011301663,apartment,1,8.2331,8.665079116821289
04011302171,apartment,1,8.4941,8.660503387451172
04012001787,apartment,1,8.0135,8.160623550415039
04012201034,apartment,1,8.8199,8.362833023071289
04012901176,apartment,1,8.7636,8.606823921203613
04013000873,apartment,1,8.4086,8.248698234558105
04013200562,apartment,1,8.7501,8.344070434570312
04013500973,apartment,1,8.0399,8.11659049987793
04016101565,apartment,1,8.6319,8.344985961914062
04017800599,apartment,1,8.1718,8.081315994262695
04019000565,apartment,1,7.4485,8.582992553710938
04020002908,apartment,1,8.4654,8.195348739624023
04100100787,apartment,6,9.6948,8.791738510131836
04100201559,apartment,6,9.3038,8.61897087097168
04100201680,apartment,6,8.8975,8.587356567382812
04100203306,apartment,6,8.8273,8.873180389404297
04100500440,apartment,6,9.7118,8.888277053833008
04100603088,apartment,6,9.3894,8.717825889587402
04100800940,apartment,6,9.6091,8.757665634155273
04101000522,apartment,6,7.9747,9.13383674621582
04102902333,apartment,6,8.8597,8.763622283935547
04102910735,apartment,6,9.4727,8.853967666625977
04102911111,apartment,6,9.4568,8.95326042175293
04102911502,apartment,6,9.5541,8.952707290649414
04102911839,apartment,6,9.2062,8.826194763183594
04102911847,apartment,6,9.6914,8.959182739257812
04103000864,apartment,6,9.159,8.951818466186523
04103102896,apartment,6,9.2004,9.056612014770508
04103103019,apartment,6,9.2025,9.05264663696289
04103103167,apartment,6,9.3132,9.060707092285156
04103104120,apartment,6,9.0204,9.058374404907227
04103104260,apartment,6,9.1126,9.060707092285156
04103401141,apartment,6,9.4312,8.861223220825195
04103401230,apartment,6,9.4312,8.861223220825195
04103401656,apartment,6,9.2756,8.867834091186523
04103402563,apartment,6,9.4222,8.882027626037598
04103500816,apartment,6,9.202,8.735300064086914
04103601310,apartment,6,9.3984,8.851730346679688
04105100793,apartment,6,8.7903,8.41162109375
04105700758,apartment,6,9.5753,8.974590301513672
04105802161,apartment,6,8.9906,8.855521202087402
04106500701,apartment,6,8.4135,8.453743934631348
04106501147,apartment,6,8.9831,8.530835151672363
04107804755,apartment,6,9.6468,8.949304580688477
04107900746,apartment,6,8.9189,8.650554656982422
04107901106,apartment,6,8.4978,8.557356834411621
04107901726,apartment,6,8.7685,8.509872436523438
04107903222,apartment,6,8.9652,8.688232421875
04108002385,apartment,6,9.2506,8.793280601501465
04108202015,apartment,6,8.7714,8.731937408447266
04108202414,apartment,6,9.0997,8.47976303100586
04108202554,apartment,6,9.034,8.49278450012207
04108500601,apartment,6,9.5354,9.005290985107422
04108600843,apartment,6,8.9672,8.586322784423828
04108802381,apartment,6,9.1862,8.530405044555664
04108901274,apartment,6,9.2704,9.162391662597656
04108901770,apartment,6,9.5383,9.202009201049805
04108902912,apartment,6,9.128,9.128427505493164
04109100690,apartment,6,8.8162,9.018163681030273
04109300894,apartment,6,9.4757,9.216329574584961
04109300916,apartment,6,9.3379,9.216329574584961
04109301084,apartment,6,9.3104,9.238510131835938
04109401216,apartment,6,8.5079,8.666072845458984
04109500702,apartment,6,8.7081,8.42315673828125
04109500982,apartment,6,8.6022,8.533052444458008
04109502071,apartment,6,9.4623,9.058411598205566
04109602378,apartment,6,8.9952,8.672233581542969
04109703891,apartment,6,8.917,8.594408988952637
04109704200,apartment,6,8.7954,8.649608612060547
04109704901,apartment,6,9.0504,8.564033508300781
04109707511,apartment,6,9.2698,8.781522750854492
04109800528,apartment,6,9.0813,8.655768394470215
04109803411,apartment,6,8.8499,8.522501945495605
04109902002,apartment,6,8.8311,8.669915199279785
04110000572,apartment,6,9.3047,8.61083698272705
04110201055,apartment,6,8.1679,8.414597511291504
04110302821,apartment,6,9.4745,9.104458808898926
04110302821,apartment,6,9.178,9.085596084594727
04110303087,apartment,6,9.1811,9.085294723510742
04110303291,apartment,6,9.5009,9.085294723510742
04110303311,apartment,6,9.5827,9.074771881103516
04110304288,apartment,6,8.9479,8.978405952453613
04110304490,apartment,6,9.6327,9.085596084594727
04110401356,apartment,6,8.8641,8.911507606506348
04110402956,apartment,6,8.3602,9.001659393310547
04110403553,apartment,6,9.4461,9.0076322555542
04110403863,apartment,6,9.3029,8.95358657836914
04110403928,apartment,6,9.3396,8.949319839477539
04111002961,apartment,6,8.7484,8.973503112792969
04111102417,apartment,6,8.6943,8.5582914352417
04111102794,apartment,6,8.5277,8.532096862792969
04111104185,apartment,6,8.5235,8.489212036132812
04111200567,apartment,6,7.8442,8.544709205627441
04111202144,apartment,6,9.1486,8.6200532913208
04111302955,apartment,6,8.778,8.508997917175293
04111502601,apartment,6,8.9107,8.666410446166992
04111505333,apartment,6,9.1036,8.569883346557617
04111506550,apartment,6,8.8895,8.646093368530273
04111600751,apartment,6,8.7189,8.650635719299316
04111600913,apartment,6,8.9945,8.623809814453125
04111601839,apartment,6,9.0859,8.646700859069824
04111601911,apartment,6,9.229,8.651918411254883
04111602770,apartment,6,8.9747,8.558361053466797
04111704247,apartment,6,9.2503,8.97383975982666
04111800572,apartment,6,9.4572,8.635107040405273
04111801692,apartment,6,9.121,8.906234741210938
04111900682,apartment,6,8.3428,8.504639625549316
04111905099,apartment,6,9.0724,8.66899299621582
04112100949,apartment,6,9.536,9.013936042785645
04112100965,apartment,6,8.9949,8.94626235961914
04112202261,apartment,6,8.8672,8.611211776733398
04112204541,apartment,6,9.0706,8.984512329101562
04112301960,apartment,6,8.9872,8.586067199707031
04112302320,apartment,6,8.5731,8.488797187805176
04112402112,apartment,6,8.8726,8.419730186462402
04112601336,apartment,6,8.5761,9.066593170166016
04112601395,apartment,6,8.5703,9.070063591003418
04112603770,apartment,6,8.9412,9.011878967285156
04112603940,apartment,6,9.2576,9.006795883178711
04112604645,apartment,6,9.576,9.107678413391113
04112604777,apartment,6,9.1607,9.038932800292969
04112605013,apartment,6,9.5469,9.119441986083984
04112605080,apartment,6,9.0256,9.003429412841797
04112605498,apartment,6,9.079,8.977510452270508
04112700962,apartment,6,9.0533,8.424142837524414
04112700970,apartment,6,9.7169,8.424142837524414
04113500967,apartment,6,8.1229,8.642091751098633
04113501300,apartment,6,8.6207,8.564950942993164
04113602964,apartment,6,9.0614,8.710346221923828
04113701709,apartment,6,8.75,8.497346878051758
04113800944,apartment,6,8.7186,8.572552680969238
04113806640,apartment,6,8.4764,8.528202056884766
04113809771,apartment,6,8.7275,8.63917064666748
04113901155,apartment,6,8.948,8.641075134277344
04114002677,apartment,6,9.0075,8.663991928100586
04114005994,apartment,6,9.2045,9.11385440826416
04114200940,apartment,6,8.9724,8.520429611206055
04114201769,apartment,6,9.028,8.47724723815918
04114801448,apartment,6,9.1376,8.690000534057617
04114904867,apartment,6,8.8222,8.979087829589844
04114904972,apartment,6,9.028,8.909302711486816
04115100893,apartment,6,8.478,8.33506965637207
04115200898,apartment,6,8.7685,8.579809188842773
04115205733,apartment,6,8.745,8.561614990234375
04115206111,apartment,6,8.8164,8.586708068847656
04115206561,apartment,6,8.9144,8.55920696258545
04115207205,apartment,6,8.8105,8.54709529876709
04115800577,apartment,6,8.9892,9.069175720214844
04115800615,apartment,6,9.1012,9.060758590698242
04115800658,apartment,6,9.0055,9.053949356079102
04115800844,apartment,6,9.0618,9.070199966430664
04115801131,apartment,6,9.312,9.096822738647461
04115901160,apartment,6,8.5435,8.446836471557617
04116005606,apartment,6,8.8011,8.546380996704102
04116101117,apartment,6,8.7464,8.638410568237305
04116101702,apartment,6,8.9327,8.641806602478027
04116103187,apartment,6,8.8113,8.355987548828125
04116201881,apartment,6,8.8077,8.627706527709961
04116203750,apartment,6,9.2994,8.427210807800293
04116203955,apartment,6,9.294,8.560558319091797
04116204765,apartment,6,9.1103,8.752192497253418
04116301329,apartment,6,8.7453,8.564252853393555
04116301949,apartment,6,9.0542,8.519332885742188
04116303488,apartment,6,9.0027,8.520309448242188
04116303631,apartment,6,8.8626,8.536842346191406
04116308625,apartment,6,9.1667,8.87967300415039
04116404268,apartment,6,8.5412,8.882881164550781
04116500518,apartment,6,8.9614,8.794000625610352
04116500658,apartment,6,7.9362,8.796781539916992
04116600857,apartment,6,8.8138,8.755422592163086
04116601519,apartment,6,9.0762,8.7532958984375
04116601969,apartment,6,8.939,8.767570495605469
04116602892,apartment,6,9.0413,8.726807594299316
04116603759,apartment,6,9.3752,8.731603622436523
04116604992,apartment,6,9.5755,8.813838005065918
04116606022,apartment,6,8.928,8.706354141235352
04116622834,apartment,6,9.2103,8.885225296020508
04116700444,apartment,6,9.4185,8.949328422546387
04116701424,apartment,6,7.7862,8.90467643737793
04116702651,apartment,6,9.0237,8.93379020690918
04116703801,apartment,6,9.4867,9.051925659179688
04116704156,apartment,6,9.3184,9.044598579406738
04116704423,apartment,6,8.844,9.008663177490234
04116704611,apartment,6,9.5114,9.04021167755127
04116705543,apartment,6,9.0092,8.999252319335938
04116705748,apartment,6,9.535,9.043172836303711
04116705888,apartment,6,9.332,9.048852920532227
04116706078,apartment,6,9.535,9.049983024597168
04116706086,apartment,6,9.4642,9.049983024597168
04116800503,apartment,6,8.7267,8.385196685791016
04116801054,apartment,6,8.5913,8.400703430175781
04116801641,apartment,6,8.5633,8.574967384338379
04117004786,apartment,6,8.7386,8.828195571899414
04117004883,apartment,6,8.5492,8.813535690307617
04117103180,apartment,6,8.9227,8.465561866760254
04117902581,apartment,6,8.9968,8.866450309753418
04117902636,apartment,6,9.0349,8.89749813079834
04117902946,apartment,6,9.6819,9.077738761901855
04118202778,apartment,6,9.1481,8.994705200195312
04118203634,apartment,6,9.2763,8.994461059570312
04118405792,apartment,6,9.3596,8.878533363342285
04118501473,apartment,6,8.4821,8.513811111450195
04118502811,apartment,6,9.5015,8.989452362060547
04118600846,apartment,6,8.8287,8.551576614379883
04118801000,apartment,6,8.9005,8.569475173950195
04118801353,apartment,6,8.8928,8.566854476928711
04118802899,apartment,6,9.1593,8.800525665283203
04118803305,apartment,6,9.2197,8.793237686157227
04118904888,apartment,6,9.2569,8.78390121459961
04119002314,apartment,6,9.3108,8.870759963989258
04119002373,apartment,6,9.2608,8.870759963989258
04120100871,apartment,6,9.0489,8.950525283813477
04120300986,apartment,6,9.4425,9.069252967834473
04120301095,apartment,6,9.5665,9.068948745727539
04120301826,apartment,6,9.4967,9.067277908325195
04120303233,apartment,6,9.6707,9.061631202697754
04120303314,apartment,6,9.3228,8.944499969482422
04120303561,apartment,6,9.2725,8.931163787841797
04120303616,apartment,6,9.4488,8.931163787841797
04120607658,apartment,6,9.0142,8.763128280639648
04120609227,apartment,6,9.0142,8.75696849822998
04120610152,apartment,6,9.0491,8.761896133422852
04120610179,apartment,6,8.8209,8.747029304504395
04120800733,apartment,6,8.5646,8.45384407043457
04120800792,apartment,6,8.7345,8.469182014465332
04120801004,apartment,6,8.8241,8.467157363891602
04120900924,apartment,6,8.8,8.435469627380371
04120901270,apartment,6,9.4682,8.760052680969238
04120902307,apartment,6,9.2512,8.846324920654297
04121201892,apartment,6,8.6037,8.545879364013672
04121201965,apartment,6,8.6995,8.56011962890625
04121306392,apartment,6,9.3663,8.952444076538086
04121306864,apartment,6,9.3847,8.975770950317383
04121307755,apartment,6,9.3759,8.974638938903809
04121307984,apartment,6,9.3663,8.945953369140625
04122401186,apartment,6,9.282,8.967658042907715
04122401496,apartment,6,9.3371,8.965168952941895
04122401941,apartment,6,9.4281,8.968231201171875
04122403626,apartment,6,8.5728,8.93484878540039
04122405718,apartment,6,9.3774,9.01331901550293
04122405734,apartment,6,9.3848,9.033126831054688
04122405785,apartment,6,9.4274,9.015026092529297
04122405858,apartment,6,9.4027,9.015909194946289
04122405904,apartment,6,9.3774,9.0198974609375
04122800870,apartment,6,8.4587,8.347896575927734
04122802441,apartment,6,8.9053,9.007500648498535
04123001033,apartment,6,8.4727,8.342167854309082
04123003311,apartment,6,8.9092,8.722761154174805
04123700349,apartment,6,8.5685,8.466928482055664
04123700942,apartment,6,8.9252,8.459549903869629
04123901166,apartment,6,9.1317,9.006736755371094
04123901212,apartment,6,9.2512,9.00729751586914
04123901263,apartment,6,9.0923,9.002842903137207
04123902065,apartment,6,9.2151,9.002842903137207
04123902383,apartment,6,9.217,9.002842903137207
04123902758,apartment,6,9.3974,8.976364135742188
04123902766,apartment,6,9.2424,8.974699974060059
04123902847,apartment,6,9.2807,9.006736755371094
04123902960,apartment,6,9.3843,8.974699974060059
04123903029,apartment,6,9.4335,8.993817329406738
04123903134,apartment,6,9.2446,8.991235733032227
04123903304,apartment,6,9.3681,8.992220878601074
04123903746,apartment,6,9.4418,8.99123764038086
04124000995,apartment,6,9.0562,8.81307601928711
04124101058,apartment,6,9.3675,8.892183303833008
04124101491,apartment,6,8.8538,8.916043281555176
04124300591,apartment,6,9.2009,8.821084976196289
04124300603,apartment,6,9.1842,8.971125602722168
04124301057,apartment,6,8.9481,8.961612701416016
04124301200,apartment,6,9.1498,8.972034454345703
04124500254,apartment,6,8.949,8.702546119689941
04125601070,apartment,6,8.9362,8.629911422729492
04125602662,apartment,6,8.8849,8.519287109375
04125603448,apartment,6,8.8162,8.657257080078125
04125603804,apartment,6,8.5924,8.398269653320312
04126201981,apartment,6,9.1117,8.725334167480469
04126400362,apartment,6,9.457,9.24501895904541
04127300531,apartment,6,8.8503,8.584317207336426
04128001775,apartment,6,9.083,8.710159301757812
04128007226,apartment,6,8.8698,8.8092679977417
04128100579,apartment,6,8.8412,8.789142608642578
04128600245,apartment,6,9.1991,8.701919555664062
04128600474,apartment,6,9.2563,8.700431823730469
04128700851,apartment,6,9.3257,8.997373580932617
04129100221,apartment,6,8.9594,8.579072952270508
04129103938,apartment,6,8.2859,8.497881889343262
04129104233,apartment,6,8.7704,8.526593208312988
04200100851,apartment,1,8.1285,8.699262619018555
04200100959,apartment,1,8.6323,8.678550720214844
04200101254,apartment,1,8.2213,8.677218437194824
04200802112,apartment,1,9.4191,9.119478225708008
04200804476,apartment,1,8.7051,8.949951171875
04201000869,apartment,1,8.3816,8.6834135055542
04201102424,apartment,1,8.898,8.480794906616211
04201103994,apartment,1,8.6797,8.72825813293457
04201207293,apartment,1,8.8914,8.87473201751709
04201302598,apartment,1,8.9089,8.378273963928223
04201303128,apartment,1,8.5172,8.26458740234375
04201305945,apartment,1,8.8457,8.79463005065918
04201307417,apartment,1,9.0385,8.74423885345459
04201307451,apartment,1,8.869,8.74390983581543
04201307751,apartment,1,9.4582,8.877344131469727
04201308057,apartment,1,8.9439,8.894981384277344
04201308146,apartment,1,9.2099,8.900812149047852
04201308456,apartment,1,9.1137,8.890151977539062
04201309169,apartment,1,9.0823,8.890151977539062
04201403556,apartment,1,9.3104,8.765792846679688
04201701581,apartment,1,8.2918,8.51690673828125
04201801594,apartment,1,9.0796,9.032745361328125
04201802256,apartment,1,9.2844,9.136701583862305
04201900592,apartment,1,8.4234,8.633462905883789
04201900657,apartment,1,8.5733,8.62338638305664
04202001001,apartment,1,8.8601,8.726670265197754
04202101146,apartment,1,8.8155,8.636940002441406
04202202333,apartment,1,8.9308,9.066139221191406
04202301031,apartment,1,8.7375,8.597879409790039
04202301145,apartment,1,8.7128,8.585171699523926
04202301161,apartment,1,8.6861,8.542854309082031
04203100641,apartment,1,8.2592,8.272682189941406
04203400546,apartment,1,8.4727,8.484772682189941
04203401267,apartment,1,8.6398,8.486613273620605
04204000983,apartment,1,8.6553,8.29261589050293
04204001882,apartment,1,8.8057,8.55223560333252
04204201075,apartment,1,9.1943,8.955066680908203
04204201377,apartment,1,9.1788,8.911670684814453
04204501168,apartment,1,8.668,8.651100158691406
04204600921,apartment,1,8.631,8.677631378173828
04205101155,apartment,1,8.5387,8.994997024536133
04205101287,apartment,1,8.7275,9.068214416503906
04205101449,apartment,1,9.1429,8.999494552612305
04205101805,apartment,1,8.8981,9.05683708190918
04205103891,apartment,1,9.027,9.032241821289062
04205502346,apartment,1,8.8797,8.33277702331543
04205502761,apartment,1,8.3056,8.32427978515625
04206507821,apartment,1,8.7432,8.867768287658691
04206508070,apartment,1,8.861,8.879354476928711
04206509964,apartment,1,8.8369,8.738763809204102
04206702136,apartment,1,8.6959,8.69003677368164
04207000968,apartment,1,8.24,8.634919166564941
04207300457,apartment,1,8.9453,9.045942306518555
04207300481,apartment,1,8.8308,9.062987327575684
04207300910,apartment,1,8.964,9.06794261932373
04207300953,apartment,1,9.0785,9.06654167175293
04207301860,apartment,1,9.0039,9.073038101196289
04207301879,apartment,1,8.8953,9.069868087768555
04207301984,apartment,1,9.2337,9.069095611572266
04207302158,apartment,1,9.0385,9.071195602416992
04207302328,apartment,1,8.9814,9.071992874145508
04207701826,apartment,1,8.6873,8.502970695495605
04208200731,apartment,1,8.8574,8.399406433105469
04208200766,apartment,1,8.5793,8.008359909057617
04208201185,apartment,1,8.8662,8.800162315368652
04208300558,apartment,1,8.947,8.698822021484375
04208300612,apartment,1,8.9349,8.700236320495605
04208401427,apartment,1,8.6169,8.313109397888184
04208401583,apartment,1,8.6295,8.308099746704102
04210601640,apartment,1,8.8183,8.707366943359375
04210601934,apartment,1,8.8294,8.707747459411621
04210702412,apartment,1,8.7635,8.689868927001953
04210703605,apartment,1,8.9665,8.607601165771484
04210704121,apartment,1,9.0154,8.741910934448242
04210801887,apartment,1,8.3816,8.351075172424316
04211201131,apartment,1,9.0225,8.565690040588379
04211503571,apartment,1,8.507,8.274717330932617
04211602233,apartment,1,9.0348,8.677665710449219
04211603426,apartment,1,8.9692,8.552440643310547
04211801317,apartment,1,8.7944,8.485513687133789
04211801511,apartment,1,8.8014,8.46467399597168
04211801643,apartment,1,8.9408,8.481826782226562
04211801848,apartment,1,8.0113,8.535024642944336
04211801872,apartment,1,9.1532,8.537068367004395
04212506254,apartment,1,8.3155,8.53951644897461
04212601729,apartment,1,8.478,8.484298706054688
04212602891,apartment,1,8.8313,8.658418655395508
04212603731,apartment,1,8.9998,8.857183456420898
04212801485,apartment,1,9.1046,8.90903091430664
04212801612,apartment,1,9.3122,8.904792785644531
04212802449,apartment,1,9.2254,9.100349426269531
04212802880,apartment,1,9.1967,9.06228256225586
04213002764,apartment,1,8.8585,8.58682632446289
04213101924,apartment,1,8.5365,8.41023063659668
04213103471,apartment,1,8.6732,8.808022499084473
04213103651,apartment,1,8.7286,8.80671215057373
04213103927,apartment,1,8.5164,8.804739952087402
04213104095,apartment,1,8.6461,8.819759368896484
04213201325,apartment,1,8.6485,8.335864067077637
04213302261,apartment,1,8.1582,8.214408874511719
04213501892,apartment,1,8.8849,8.121710777282715
04213806278,apartment,6,9.3224,9.113551139831543
04213806324,apartment,6,9.2994,9.089176177978516
04213806601,apartment,6,8.9901,9.103143692016602
04213807339,apartment,6,8.7605,8.889527320861816
04213807959,apartment,6,8.7227,8.87375259399414
04213808408,apartment,6,8.4704,8.87375259399414
04213809374,apartment,6,9.0242,8.841411590576172
04213900975,apartment,1,8.36,8.600841522216797
04214202775,apartment,1,8.7633,8.585335731506348
04214309251,apartment,1,8.9095,8.890631675720215
04214311647,apartment,1,9.0467,9.00136947631836
04214312694,apartment,1,8.9961,9.01258659362793
04214313593,apartment,1,8.8482,9.059814453125
04214401557,apartment,1,8.5317,8.637750625610352
04214407423,apartment,1,8.5665,8.605283737182617
04214408632,apartment,1,8.9087,8.578460693359375
04215801435,apartment,1,8.4721,8.51565933227539
04216100414,apartment,1,8.6253,8.482044219970703
04216200931,apartment,1,8.397,8.625619888305664
04216405592,apartment,1,8.5744,8.336896896362305
04216406254,apartment,1,8.5022,8.426202774047852
04216406572,apartment,1,8.5466,8.426948547363281
04216500714,apartment,1,8.8812,8.476927757263184
04216501567,apartment,1,8.9116,8.669258117675781
04216502946,apartment,1,8.7916,8.732837677001953
04216504541,apartment,1,9.053,8.901422500610352
04216505198,apartment,1,8.7608,8.863554000854492
04216600433,apartment,1,8.3986,8.35739803314209
04216600522,apartment,1,8.3702,8.39866828918457
04216600621,apartment,1,8.6738,8.585192680358887
04218100276,apartment,1,9.0379,8.696537017822266
04218100489,apartment,1,9.0319,8.687763214111328
04218100578,apartment,1,9.0078,8.636407852172852
04218100993,apartment,1,8.6975,8.69668197631836
04218101035,apartment,1,8.6971,8.687763214111328
04218101132,apartment,1,8.7688,8.67757797241211
04218101183,apartment,1,9.0197,8.700096130371094
04218101213,apartment,1,9.0893,8.689590454101562
04218101302,apartment,1,9.1887,8.636407852172852
04218101302,apartment,1,8.8818,8.637414932250977
04218101485,apartment,1,8.9018,8.625595092773438
04218101590,apartment,1,8.8362,8.703814506530762
04218101711,apartment,1,9.1355,8.695402145385742
04218101892,apartment,1,9.1756,8.69668197631836
04218102058,apartment,1,9.0265,8.636606216430664
04218102082,apartment,1,9.113,8.696844100952148
04218102090,apartment,1,8.8628,8.702531814575195
04218102198,apartment,1,8.8088,8.625642776489258
04218102260,apartment,1,9.1134,8.702848434448242
04218102341,apartment,1,9.1021,8.700096130371094
04218102384,apartment,1,8.8215,8.625642776489258
04218102651,apartment,1,9.1344,8.685934066772461
04218103062,apartment,1,9.1735,8.70136833190918
04218103216,apartment,1,9.174,8.702276229858398
04218103291,apartment,1,8.8435,8.770105361938477
04218103305,apartment,1,8.7937,8.774861335754395
04218103331,apartment,1,8.821,8.773284912109375
04218103501,apartment,1,8.776,8.770965576171875
04218103836,apartment,1,8.8459,8.774791717529297
04218104379,apartment,1,8.8541,8.770696640014648
04218104506,apartment,1,8.7109,8.763233184814453
04218105324,apartment,1,8.9128,8.755932807922363
04218500649,apartment,1,8.4291,8.168862342834473
04219102477,apartment,1,9.0775,8.659881591796875
04219102991,apartment,1,8.8095,8.659988403320312
04219103406,apartment,1,8.8859,8.653910636901855
04219104070,apartment,1,8.9906,8.788442611694336
04219104623,apartment,1,9.2338,8.814821243286133
04219800301,apartment,1,8.1474,8.611374855041504
04219802045,apartment,1,9.1548,9.099250793457031
04219802746,apartment,1,8.9159,9.084695816040039
04219803238,apartment,1,9.1298,9.164619445800781
04219803270,apartment,1,9.0745,9.165201187133789
04219803580,apartment,1,8.9731,9.171567916870117
04219803599,apartment,1,8.9921,9.157448768615723
04219803785,apartment,1,9.3334,9.152849197387695
04219803841,apartment,1,8.9286,9.164619445800781
04220100369,apartment,1,8.2698,8.630410194396973
04220102353,apartment,1,8.5685,8.831186294555664
04220300661,apartment,1,8.8601,8.767879486083984
04220400664,apartment,1,8.5017,8.473062515258789
04300500746,apartment,1,8.7586,8.572759628295898
04300500878,apartment,1,8.8722,8.575775146484375
04300500991,apartment,1,8.8752,8.57646369934082
04300501254,apartment,1,8.8511,8.575775146484375
04300501297,apartment,1,8.8506,8.572636604309082
04300501327,apartment,1,8.8405,8.57646369934082
04300501610,apartment,1,8.8363,8.574674606323242
04300501750,apartment,1,8.8677,8.569143295288086
04300501777,apartment,1,8.8521,8.594606399536133
04300501785,apartment,1,8.8597,8.561874389648438
04300501841,apartment,1,8.7494,8.56110954284668
04300501858,apartment,1,8.7935,8.592399597167969
04300501955,apartment,1,8.7805,8.592597007751465
04300501963,apartment,1,8.8506,8.561517715454102
04300502390,apartment,1,8.8506,8.592458724975586
04300502625,apartment,1,8.719,8.560258865356445
04300502846,apartment,1,8.8837,8.592674255371094
04301400461,apartment,1,9.1375,8.679962158203125
04301401458,apartment,1,8.8739,8.638859748840332
04301401520,apartment,1,8.9147,8.653511047363281
04301402292,apartment,1,8.9306,8.656791687011719
04303402605,apartment,1,8.5378,8.192059516906738
04303403075,apartment,1,8.3955,8.192059516906738
04303602086,apartment,1,8.5267,8.204495429992676
04304001434,apartment,1,8.7475,8.806721687316895
04304002074,apartment,1,8.6437,8.753929138183594
04304002783,apartment,1,8.8409,8.771257400512695
04304002961,apartment,1,8.7742,8.798761367797852
04304003089,apartment,1,8.7967,8.807379722595215
04305101092,apartment,1,8.9406,8.607196807861328
04305901862,apartment,1,8.5862,8.18314266204834
04306300404,apartment,1,8.5172,8.457232475280762
04306403084,apartment,1,8.8254,8.492424011230469
04306600971,apartment,1,8.294,7.945559501647949
04306601013,apartment,1,8.32,7.945671081542969
04306601511,apartment,1,8.0814,8.509927749633789
04306701761,apartment,1,8.4885,8.4507474899292
04306704963,apartment,1,8.9648,8.720052719116211
04307101006,apartment,1,8.7156,8.436433792114258
04307101669,apartment,1,8.5666,8.453803062438965
04307402170,apartment,1,7.9947,8.037652015686035
04307403606,apartment,1,7.8935,7.8635430335998535
04308001102,apartment,1,8.7963,8.695581436157227
04308001463,apartment,1,8.8615,8.696269989013672
04308001730,apartment,1,8.7948,8.684814453125
04308200822,apartment,1,7.9866,7.9992828369140625
04308300614,apartment,1,8.5006,8.154003143310547
04308400953,apartment,1,8.6712,8.165029525756836
04308503019,apartment,1,8.6194,8.799591064453125
04308504120,apartment,1,8.7232,8.795950889587402
04308504309,apartment,1,8.9227,8.678579330444336
04308504368,apartment,1,8.6878,8.69027328491211
04308504619,apartment,1,8.6019,8.681869506835938
04308601274,apartment,1,8.194,8.054769515991211
04309200583,apartment,1,8.3576,8.151124000549316
04309401600,apartment,1,8.9421,8.61335277557373
04309401627,apartment,1,8.8281,8.616315841674805
04309401813,apartment,1,8.7346,8.617377281188965
04309403832,apartment,1,9.0083,8.665534973144531
04309403840,apartment,1,8.7284,8.728008270263672
04309501133,apartment,1,9.2377,8.70042896270752
04309501850,apartment,1,9.1707,8.70042896270752
04309503039,apartment,1,9.3157,8.710977554321289
04309503713,apartment,1,8.948,8.693724632263184
04309504035,apartment,1,8.9814,8.654322624206543
04309700659,apartment,1,8.2798,8.147754669189453
04309700705,apartment,1,8.6999,8.194205284118652
04309701094,apartment,1,8.6216,8.511920928955078
04310200885,apartment,1,8.2963,8.622676849365234
04310201040,apartment,1,9.0672,8.688907623291016
04310201822,apartment,1,8.718,8.690821647644043
04310202004,apartment,1,8.706,8.690821647644043
04310203213,apartment,1,9.2323,8.68704605102539
04310204252,apartment,1,9.0484,8.636518478393555
04310204899,apartment,1,9.0257,8.650275230407715
04310205240,apartment,1,8.8357,8.643439292907715
04310205496,apartment,1,8.8957,8.660026550292969
04310300881,apartment,1,8.7186,8.641119003295898
04310302033,apartment,1,8.8834,8.638648986816406
04310502121,apartment,1,8.5509,8.535058975219727
04310503969,apartment,1,8.5434,8.549423217773438
04310600638,apartment,1,8.7667,8.53242015838623
04310600824,apartment,1,8.7113,8.528018951416016
04310600905,apartment,1,8.7685,8.508268356323242
04310600921,apartment,1,8.7584,8.500356674194336
04310600999,apartment,1,8.5832,8.52352237701416
04310601571,apartment,1,8.722,8.523422241210938
04310601685,apartment,1,8.2453,8.508268356323242
04310601731,apartment,1,8.8207,8.527552604675293
04310601871,apartment,1,8.6842,8.505427360534668
04310701175,apartment,1,8.6528,8.499791145324707
04310702821,apartment,1,8.7118,8.602304458618164
04310703232,apartment,1,8.6711,8.59704303741455
04310703380,apartment,1,8.6839,8.59742259979248
04310704255,apartment,1,8.7197,8.595006942749023
04311301707,apartment,1,8.7298,8.706663131713867
04311402368,apartment,1,8.5922,8.469006538391113
04311402767,apartment,1,8.616,8.46534252166748
04311901100,apartment,1,8.3774,8.211545944213867
04313900829,apartment,1,8.2611,8.499104499816895
04315400572,apartment,1,8.2489,8.103575706481934
04315401390,apartment,1,8.6456,8.375822067260742
04315601071,apartment,1,8.5495,8.3847017288208
04315800686,apartment,1,8.5259,8.350830078125
04317202379,apartment,1,8.453,8.331377029418945
04317800391,apartment,1,7.3961,8.097519874572754
04317901651,apartment,1,8.2538,7.975058555603027
04320002199,apartment,1,8.1078,8.613197326660156
04320002318,apartment,1,8.4498,8.613197326660156
04320002369,apartment,1,8.5496,8.633047103881836
04320002822,apartment,1,8.7934,8.642448425292969
04320003438,apartment,1,8.3162,8.6014986038208
04320003500,apartment,1,8.2116,8.620718955993652
04320004035,apartment,1,8.3729,8.6014986038208
04320004231,apartment,1,8.1125,8.61551284790039
04320004302,apartment,1,8.1185,8.607093811035156
04320300718,apartment,1,8.7361,8.66032886505127
04320302125,apartment,1,8.6464,8.682950019836426
04320400380,apartment,1,8.355,8.499739646911621
04320400593,apartment,1,8.5172,8.502386093139648
04320401670,apartment,1,8.5172,8.521458625793457
04320401980,apartment,1,8.2596,8.521156311035156
04320402197,apartment,1,8.5607,8.522655487060547
04320402480,apartment,1,8.5459,8.530786514282227
04320403541,apartment,1,8.1577,8.521993637084961
04401904648,apartment,9,8.527,8.447113037109375
04401905563,apartment,9,8.507,8.44678783416748
04402200415,apartment,9,8.6236,8.73119831085205
04402200611,apartment,9,8.6507,8.731077194213867
04402201101,apartment,9,8.6713,8.739909172058105
04402201756,apartment,9,8.6303,8.731077194213867
04402202477,apartment,9,8.7033,8.74064826965332
04402202485,apartment,9,8.7213,8.774018287658691
04402204471,apartment,9,8.2779,8.564844131469727
04402204968,apartment,9,8.8776,8.550983428955078
04402205591,apartment,9,8.3848,8.547091484069824
04402205654,apartment,9,8.5895,8.565027236938477
04402205689,apartment,9,8.3365,8.564844131469727
04402205808,apartment,9,8.3768,8.510953903198242
04404001282,apartment,9,8.7226,8.464984893798828
04404003641,apartment,9,8.5173,8.723856925964355
04404004052,apartment,9,8.8867,8.543940544128418
04404005652,apartment,9,8.7859,8.602161407470703
04404400527,apartment,9,8.5297,8.377877235412598
04404401851,apartment,9,8.8135,8.446619987487793
04406500677,apartment,9,7.5772,8.50825023651123
04407500271,apartment,9,7.5187,8.544366836547852
04407500311,apartment,9,7.5727,8.566507339477539
04407500352,apartment,9,7.5727,8.566507339477539
04407500360,apartment,9,7.5727,8.566507339477539
04407800488,apartment,9,8.561,8.507259368896484
04408700754,apartment,9,8.605,8.678621292114258
04408800880,apartment,9,8.6788,8.624841690063477
04408801305,apartment,9,8.4637,8.628040313720703
04409101196,apartment,9,7.4354,8.097367286682129
04409202553,apartment,9,8.6061,8.324912071228027
04409302183,apartment,9,8.722,8.444852828979492
04409302795,apartment,9,8.4888,8.436674118041992
04409303147,apartment,9,8.5172,8.436674118041992
04409303309,apartment,9,8.4495,8.426143646240234
04409601490,apartment,9,8.4186,8.140573501586914
04410801090,apartment,9,8.5022,8.324593544006348
04413001321,apartment,9,8.6458,8.334283828735352
04419602066,apartment,9,8.3961,8.255973815917969
04501303077,apartment,1,8.7359,8.712451934814453
04501305304,apartment,1,8.5374,8.527210235595703
04501306602,apartment,1,9.3239,8.962751388549805
04501403276,apartment,1,8.8818,8.947324752807617
04501403748,apartment,1,8.6813,8.923175811767578
04501801158,apartment,1,8.7881,8.625205993652344
04501802626,apartment,1,8.9731,8.802812576293945
04501802758,apartment,1,8.4431,8.804452896118164
04502101427,apartment,1,8.5172,8.69129753112793
04502101443,apartment,1,8.5172,8.689887046813965
04502102180,apartment,1,8.6782,8.80078125
04503200951,apartment,1,8.8686,8.684272766113281
04503901451,apartment,1,8.7096,8.650455474853516
04503902091,apartment,1,8.2997,8.495481491088867
04504001731,apartment,1,8.8012,8.650646209716797
04504200805,apartment,1,9.0677,8.767343521118164
04504202670,apartment,1,9.038,8.951528549194336
04504400987,apartment,1,8.401,8.507755279541016
04504401533,apartment,1,7.6781,8.62594223022461
04504401975,apartment,1,8.3856,8.634918212890625
04504500620,apartment,6,8.0243,8.348997116088867
04505901068,apartment,1,8.547,8.401985168457031
04506201191,apartment,1,8.7021,8.936704635620117
04506302486,apartment,1,8.8304,8.787836074829102
04506500458,apartment,6,8.4238,8.416842460632324
04506602218,apartment,6,8.3573,8.137372016906738
04506602579,apartment,6,8.9272,8.41491413116455
04506702409,apartment,6,8.7014,8.412154197692871
04506702603,apartment,6,8.4829,8.397642135620117
04506800796,apartment,6,8.4646,8.285787582397461
04507901111,apartment,1,8.538,8.64267635345459
04508001742,apartment,1,8.6021,8.695940971374512
04508402321,apartment,1,8.4175,8.448335647583008
04508403166,apartment,1,8.7248,8.447507858276367
04508405002,apartment,1,8.745,8.759164810180664
04508700713,apartment,6,8.5172,8.289587020874023
04508801579,apartment,6,8.9102,8.567706108093262
04510001861,apartment,1,8.3473,8.39596939086914
04510400586,apartment,6,8.8267,8.495492935180664
04510400721,apartment,6,8.7505,8.497817993164062
04510402449,apartment,6,8.6954,8.4764404296875
04510503431,apartment,6,9.0993,8.834784507751465
04510600631,apartment,6,8.5139,8.319225311279297
04510601034,apartment,6,9.1127,8.80263900756836
04510800622,apartment,6,7.6843,8.533985137939453
04512001204,apartment,1,8.3223,8.510733604431152
04512502841,apartment,6,8.6407,8.325786590576172
04512702075,apartment,6,8.8808,8.351375579833984
04512702131,apartment,6,8.761,8.34544563293457
04512702253,apartment,6,8.3586,8.332818984985352
04513601493,apartment,1,8.6777,8.473875999450684
04514001023,apartment,1,8.4952,8.47770881652832
04514101524,apartment,1,8.4833,8.614177703857422
04514106161,apartment,1,8.8088,8.953758239746094
04514501247,apartment,1,8.7305,8.36098861694336
04514501670,apartment,1,8.5387,8.364603042602539
04514800554,apartment,6,9.0373,8.54938793182373
04515900609,apartment,1,8.3915,8.487873077392578
04516501538,apartment,1,8.4647,8.523980140686035
04516502437,apartment,1,8.9097,8.4522123336792
04516602865,apartment,6,8.4386,8.323707580566406
04516702665,apartment,6,9.601,9.14925765991211
04518202953,apartment,6,8.7915,8.482690811157227
04518401573,apartment,6,8.5317,8.391904830932617
04518600487,apartment,6,8.7419,8.68686294555664
04519801842,apartment,6,8.4181,8.47585391998291
04519803713,apartment,6,9.028,8.344879150390625
04519803977,apartment,6,8.6392,8.407707214355469
04519804302,apartment,6,8.6462,8.354873657226562
04519804752,apartment,6,8.5459,8.382513046264648
04519805562,apartment,6,8.8292,8.509056091308594
04519901650,apartment,6,9.3088,8.88227653503418
04520100402,apartment,6,8.9105,8.562946319580078
04520100712,apartment,6,8.7351,8.369794845581055
04521301002,apartment,6,8.6018,8.505358695983887
04521400914,apartment,6,8.4085,8.299236297607422
04522901161,apartment,6,8.5844,8.446884155273438
04524001591,apartment,6,8.8605,8.376117706298828
04524001808,apartment,6,8.78,8.414329528808594
04524002200,apartment,6,8.5992,8.618501663208008
04524002596,apartment,6,8.6539,8.61662483215332
04524100741,apartment,6,8.9061,8.320829391479492
04524100822,apartment,6,8.6258,8.333426475524902
04524102515,apartment,6,8.8938,8.612186431884766
04526400726,apartment,1,8.2784,8.442270278930664
04527300407,apartment,6,9.0438,8.379938125610352
04527300946,apartment,6,8.9489,8.687305450439453
04527301063,apartment,6,9.0262,8.681379318237305
04527708155,apartment,1,8.2843,8.496896743774414
04527801406,apartment,1,8.6533,8.824220657348633
04528600390,apartment,1,9.197,9.052587509155273
04529200851,apartment,6,9.1078,8.729133605957031
04529301044,apartment,6,9.1193,8.621515274047852
04529803236,apartment,1,7.9729,8.028051376342773
04530501795,apartment,6,8.6785,8.615289688110352
04600600762,apartment,1,8.1817,8.035898208618164
04601102057,apartment,1,8.5359,8.332891464233398
04602009425,apartment,1,8.6012,8.20438003540039
04602011365,apartment,1,8.5429,8.290351867675781
04602011578,apartment,1,8.4734,8.296563148498535
04602011861,apartment,1,8.3774,8.293943405151367
04602013783,apartment,1,7.9225,8.311180114746094
04602014283,apartment,1,8.7734,8.309616088867188
04602014291,apartment,1,8.7661,8.307304382324219
04602300839,apartment,1,8.3349,8.204326629638672
04602303102,apartment,1,8.7584,8.544536590576172
04602303463,apartment,1,8.8999,8.537999153137207
04602303471,apartment,1,8.6223,8.544862747192383
04602303773,apartment,1,8.7806,8.636272430419922
04602902944,apartment,1,7.9436,7.9674072265625
04602903797,apartment,1,8.4372,8.111827850341797
04602906885,apartment,1,8.284,7.9512128829956055
04602907164,apartment,1,7.9503,8.03488826751709
04602910831,apartment,1,8.4672,8.167390823364258
04602912044,apartment,1,8.7518,8.160487174987793
04602912109,apartment,1,8.6372,8.292156219482422
04603001381,apartment,1,8.2596,8.190425872802734
04603002084,apartment,1,8.6882,8.18320083618164
04603002149,apartment,1,8.6473,8.189568519592285
04603002157,apartment,1,8.7347,8.208290100097656
04603301642,apartment,1,8.2962,8.097707748413086
04603303165,apartment,1,8.6759,8.335699081420898
04603303343,apartment,1,8.7791,8.347892761230469
04603303629,apartment,1,8.7184,8.34300708770752
04603400969,apartment,1,8.6066,8.394721031188965
04603501978,apartment,1,8.1807,8.240884780883789
04603503040,apartment,1,8.3949,8.598417282104492
04605402111,apartment,1,8.5817,8.427010536193848
04605402454,apartment,1,8.6648,8.429210662841797
04605701801,apartment,1,8.6622,8.556931495666504
04605801391,apartment,1,8.1391,8.04114055633545
04605802061,apartment,1,8.1807,7.980565071105957
04605803963,apartment,1,8.8812,8.39964485168457
04605901681,apartment,1,8.4885,8.208733558654785
04606000971,apartment,1,8.294,8.059606552124023
04606001161,apartment,1,8.1435,8.07486629486084
04606001984,apartment,1,8.2171,8.009435653686523
04606009845,apartment,1,8.4882,7.793811798095703
04606012341,apartment,1,8.8388,8.575578689575195
04606012846,apartment,1,8.7245,8.546916961669922
04606013184,apartment,1,8.8571,8.534059524536133
04606100877,apartment,1,8.1443,7.941359519958496
04606102195,apartment,1,8.8128,8.442362785339355
04606400897,apartment,1,8.5316,8.47322940826416
04606501057,apartment,1,7.9194,8.457662582397461
04608701096,apartment,1,8.3183,8.257612228393555
04610804468,apartment,1,8.2808,8.093185424804688
04611100669,apartment,1,8.129,8.542774200439453
04611301931,apartment,1,8.905,8.550873756408691
04611302156,apartment,1,8.9905,8.554645538330078
04611600602,apartment,1,7.8775,7.801470756530762
04615000571,apartment,1,8.4118,8.205507278442383
04615101600,apartment,1,8.406,8.050029754638672
04615200781,apartment,1,8.4118,8.052066802978516
04615200862,apartment,1,8.1456,8.063362121582031
04615901321,apartment,1,8.2192,7.773777961730957
04615902107,apartment,1,8.3536,7.9533185958862305
04616003858,apartment,1,7.8736,8.250551223754883
04616500282,apartment,1,8.5664,8.491251945495605
04616600651,apartment,1,8.9497,8.506282806396484
04616601941,apartment,1,8.6516,8.471352577209473
04618500875,apartment,1,8.3484,8.284170150756836
04618900555,apartment,1,8.0849,7.983170509338379
04619102997,apartment,1,7.8168,7.885940074920654
04619104523,apartment,1,8.2109,8.057567596435547
04619701254,apartment,1,8.3813,8.249897956848145
04619800767,apartment,1,8.1663,8.053672790527344
04620101621,apartment,1,8.3957,8.50144100189209
04620203459,apartment,1,8.974,8.758708953857422
04620203998,apartment,1,8.9127,8.578208923339844
04620204048,apartment,1,8.7494,8.581598281860352
04620701351,apartment,1,8.2643,7.932918548583984
04620702285,apartment,1,8.4925,8.170195579528809
04621800639,apartment,1,8.4326,8.222787857055664
04621803409,apartment,1,8.7436,8.586920738220215
04621803621,apartment,1,8.8504,8.592090606689453
04621803921,apartment,1,8.7397,8.59364128112793
04621803999,apartment,1,8.7685,8.593754768371582
04621804022,apartment,1,8.7508,8.59664249420166
04621804103,apartment,1,8.7764,8.59736442565918
04621804261,apartment,1,8.8574,8.59991455078125
04621903004,apartment,1,8.4805,8.502166748046875
04621904000,apartment,1,8.7723,8.515382766723633
04621904167,apartment,1,9.0944,8.51762866973877
04621904558,apartment,1,8.7309,8.527484893798828
04621905201,apartment,1,8.7372,8.531591415405273
04621905211,apartment,1,8.6147,8.522832870483398
04621905295,apartment,1,8.7372,8.529529571533203
04621905554,apartment,1,8.8398,8.531922340393066
04621905813,apartment,1,8.7725,8.529916763305664
04621905831,apartment,1,9.1537,8.531591415405273
04621905988,apartment,1,8.783,8.529529571533203
04621906240,apartment,1,8.815,8.527817726135254
04621906305,apartment,1,9.0942,8.519364356994629
04621906321,apartment,1,8.7219,8.52413558959961
04621906569,apartment,1,9.0387,8.520513534545898
04621906631,apartment,1,9.1252,8.527484893798828
04621907115,apartment,1,8.7679,8.527484893798828
04621907239,apartment,1,9.1329,8.52413558959961
04621907506,apartment,1,8.7588,8.526086807250977
04621907549,apartment,1,8.7588,8.526086807250977
04621907727,apartment,1,8.4412,8.57088851928711
04622502313,apartment,1,8.4288,8.434772491455078
04624101219,apartment,1,8.8138,8.639324188232422
04624101928,apartment,1,8.8138,8.62728214263916
04624202554,apartment,1,8.6813,8.68275260925293
04624202597,apartment,1,8.7298,8.67064094543457
04624202678,apartment,1,8.5445,8.678993225097656
04624202902,apartment,1,8.5395,8.670669555664062
04624202996,apartment,1,8.8183,8.673492431640625
04624203178,apartment,1,8.6751,8.652875900268555
04624203331,apartment,1,8.7349,8.670669555664062
04624203348,apartment,1,8.8575,8.676957130432129
04624301171,apartment,1,8.269,8.113829612731934
04624302850,apartment,1,8.607,8.624812126159668
04624303415,apartment,1,8.626,8.627031326293945
04624304349,apartment,1,8.686,8.65029239654541
04700401176,apartment,1,8.6682,8.437116622924805
04701400971,apartment,1,8.6729,8.454747200012207
04701701122,apartment,1,8.1951,8.02899169921875
04701702943,apartment,1,8.6849,8.09878921508789
04701802239,apartment,1,8.2351,8.160089492797852
04701805998,apartment,1,8.6277,8.645614624023438
04701806315,apartment,1,8.706,8.640901565551758
04701806536,apartment,1,8.1624,8.640901565551758
04703100525,apartment,1,8.8662,8.46900463104248
04703102323,apartment,1,8.8739,8.481778144836426
04703102331,apartment,1,8.6885,8.431198120117188
04703103125,apartment,1,8.7735,8.660709381103516
04703112507,apartment,1,8.6295,8.547070503234863
04703304066,apartment,1,8.5589,8.531100273132324
04703403447,apartment,1,8.6837,8.357386589050293
04703502194,apartment,1,8.5972,8.399810791015625
04703502291,apartment,1,8.6713,8.400432586669922
04703503621,apartment,1,8.2838,8.438343048095703
04703505630,apartment,1,8.7663,8.551704406738281
04703601265,apartment,1,8.3766,8.021838188171387
04703601321,apartment,1,8.4566,8.017053604125977
04703603039,apartment,1,8.4882,8.111730575561523
04703603608,apartment,1,8.187,8.113590240478516
04703603683,apartment,1,8.2013,8.100543975830078
04703606259,apartment,1,8.9204,8.35653305053711
04703701731,apartment,1,8.4507,8.344870567321777
04703800780,apartment,1,8.5083,8.046478271484375
04703803747,apartment,1,8.5265,8.354965209960938
04703901536,apartment,1,8.1405,8.143136978149414
04704002535,apartment,1,7.8604,8.04191780090332
04705001753,apartment,1,8.41,8.498655319213867
04705001885,apartment,1,8.24,8.572879791259766
04705005449,apartment,1,8.7301,8.877094268798828
04705005821,apartment,1,8.8231,8.880741119384766
04705005848,apartment,1,8.7267,8.877469062805176
04705005872,apartment,1,8.7374,8.879008293151855
04705006194,apartment,1,8.7891,8.877239227294922
04705006437,apartment,1,8.6781,8.905348777770996
04705006461,apartment,1,8.7264,8.901603698730469
04705006828,apartment,1,8.7948,8.900720596313477
04705401174,apartment,1,8.5515,8.37837028503418
04705401263,apartment,1,8.5055,8.37611198425293
04705401387,apartment,1,8.5846,8.35604476928711
04705401727,apartment,1,8.906,8.680726051330566
04705501081,apartment,1,8.7413,8.741653442382812
04705501756,apartment,1,8.7194,8.752771377563477
04705501969,apartment,1,8.903,8.72778034210205
04705502116,apartment,1,8.8587,8.684064865112305
04705502639,apartment,1,8.8863,8.683521270751953
04705502787,apartment,1,8.7151,8.682397842407227
04705502851,apartment,1,8.7198,8.682413101196289
04705502930,apartment,1,8.8146,8.684064865112305
04705503031,apartment,1,8.9692,8.682413101196289
04705701607,apartment,1,8.1736,8.003471374511719
04705703561,apartment,1,8.6335,8.362824440002441
04705801873,apartment,1,8.3827,7.99047327041626
04705902920,apartment,1,8.8866,8.288128852844238
04706006015,apartment,1,8.5937,8.47230339050293
04706100836,apartment,1,8.7571,8.419333457946777
04706101050,apartment,1,8.8006,8.418617248535156
04706601908,apartment,1,8.5523,8.440130233764648
04707702279,apartment,1,8.4844,8.455188751220703
04707702880,apartment,1,8.2901,8.342142105102539
04707703038,apartment,1,8.1538,8.10737419128418
04707901425,apartment,1,8.0472,8.30439281463623
04707907482,apartment,1,8.812,9.029814720153809
04707907598,apartment,1,9.1577,9.025697708129883
04707907679,apartment,1,8.9546,8.918926239013672
04708002017,apartment,1,8.3837,8.251681327819824
04708006128,apartment,1,8.8841,8.669451713562012
04708600747,apartment,1,8.6213,8.366493225097656
04708601328,apartment,1,8.6467,8.377399444580078
04708601492,apartment,1,8.3432,8.402873992919922
04709707588,apartment,1,8.71,8.488859176635742
04709707812,apartment,1,8.7843,8.488543510437012
04709708770,apartment,1,8.6433,8.546895980834961
04709709254,apartment,1,8.3688,8.557429313659668
04709709823,apartment,1,8.9227,8.651418685913086
04709709955,apartment,1,8.8896,8.64510726928711
04709710112,apartment,1,8.7374,8.545395851135254
04709710341,apartment,1,8.7122,8.650446891784668
04709710351,apartment,1,8.3377,8.546052932739258
04710001456,apartment,1,8.3371,8.406214714050293
04710100942,apartment,1,8.7767,8.175148010253906
04710101558,apartment,1,8.2171,8.13020133972168
04710101711,apartment,1,8.3282,8.17551040649414
04710101760,apartment,1,8.3768,8.077503204345703
04710101787,apartment,1,8.4039,7.993927955627441
04710201676,apartment,1,8.4338,8.18228816986084
04710301123,apartment,1,8.4607,8.203287124633789
04710301522,apartment,1,8.3822,8.252967834472656
04710304971,apartment,1,8.4132,8.207301139831543
04710407134,apartment,1,8.7612,8.463107109069824
04710407339,apartment,1,8.5348,8.314624786376953
04710407681,apartment,1,8.4566,8.55032730102539
04710507643,apartment,1,8.2886,8.029184341430664
04710508240,apartment,1,8.46,8.168054580688477
04710508259,apartment,1,8.5355,8.142834663391113
04710508615,apartment,1,8.5887,8.170312881469727
04710509212,apartment,1,8.4454,8.223431587219238
04710602476,apartment,1,8.2213,8.344993591308594
04710700796,apartment,1,8.5393,8.46346664428711
04710701172,apartment,1,8.4556,8.455039978027344
04711000437,apartment,1,7.96,8.06226921081543
04712100346,apartment,1,8.3261,8.429521560668945
04713200980,apartment,1,8.3596,8.45828914642334
04713201162,apartment,1,8.5172,8.460134506225586
04713900923,apartment,1,8.7099,8.891885757446289
04713901261,apartment,1,8.7587,8.896228790283203
04714600771,apartment,1,8.0916,8.28299331665039
04715100371,apartment,1,7.7206,8.849130630493164
04715901439,apartment,1,8.3103,8.065343856811523
04716000974,apartment,1,8.1654,7.913349628448486
04716003248,apartment,1,8.8467,8.54859733581543
04716003361,apartment,1,9.0907,8.548454284667969
04716003371,apartment,1,8.898,8.548357009887695
04716100995,apartment,1,8.6482,8.258140563964844
04716101381,apartment,1,8.4239,8.249853134155273
04716201511,apartment,1,8.9685,8.460273742675781
04716201929,apartment,1,8.5876,8.456178665161133
04716202224,apartment,1,8.6012,8.460345268249512
04716401782,apartment,1,8.1675,8.100279808044434
04716600661,apartment,1,8.3567,8.315255165100098
04716601706,apartment,1,8.3837,8.174033164978027
04716602370,apartment,1,8.0835,8.07199764251709
04716700488,apartment,1,8.1083,8.145196914672852
04716800334,apartment,1,8.6125,8.43725299835205
04716800687,apartment,1,8.3994,8.434942245483398
04717002369,apartment,1,8.4641,8.502677917480469
04717003179,apartment,1,8.2275,8.529092788696289
04717201132,apartment,1,8.2942,8.270207405090332
04717302710,apartment,1,8.5797,8.165497779846191
04717407687,apartment,1,8.523,8.646135330200195
04717407733,apartment,1,8.8109,8.649846076965332
04717407970,apartment,1,8.4188,8.643011093139648
04717408152,apartment,1,8.4975,8.65509033203125
04717503376,apartment,1,8.1591,7.996817111968994
04717504348,apartment,1,8.3283,8.495349884033203
04717607635,apartment,1,8.5307,8.308476448059082
04717608100,apartment,1,8.5592,8.23659896850586
04719301258,apartment,1,8.093,8.174657821655273
04719301614,apartment,1,8.3054,8.105880737304688
04719402951,apartment,1,8.4431,8.267400741577148
04719405673,apartment,1,9.0006,8.590010643005371
04719406157,apartment,1,8.7098,8.590010643005371
04719407188,apartment,1,8.5132,8.524238586425781
04719500900,apartment,1,8.1763,8.094551086425781
04719600972,apartment,1,8.0758,7.996284484863281
04719603580,apartment,1,8.0929,7.979419231414795
04719604056,apartment,1,8.6689,8.392890930175781
04719604171,apartment,1,8.6909,8.427034378051758
04719604684,apartment,1,8.4912,8.391792297363281
04719604692,apartment,1,8.607,8.418930053710938
04720102549,apartment,1,8.6507,8.579109191894531
04720103898,apartment,1,8.6266,8.573535919189453
04720201539,apartment,1,8.2914,7.982517242431641
04720201717,apartment,1,8.1934,7.982517242431641
04720201814,apartment,1,7.977,7.947213172912598
04720203833,apartment,1,9.0269,8.582199096679688
04720204058,apartment,1,8.5594,8.571290016174316
04720204287,apartment,1,8.8585,8.417396545410156
04720204635,apartment,1,8.8544,8.599630355834961
04720301630,apartment,1,8.3853,8.076898574829102
04720301851,apartment,1,8.5172,8.336506843566895
04720302815,apartment,1,8.531,8.271394729614258
04720303900,apartment,1,8.4148,7.971566200256348
04720305431,apartment,1,8.2295,8.001346588134766
04720306527,apartment,1,8.5756,7.929346084594727
04720306748,apartment,1,8.2272,7.897802829742432
04720307061,apartment,1,8.1348,7.9990034103393555
04720308015,apartment,1,8.541,8.225934982299805
04720401201,apartment,1,8.408,8.133075714111328
04720502121,apartment,1,8.2423,7.969021797180176
04720801161,apartment,1,8.3333,7.959726333618164
04720801811,apartment,1,8.4417,8.025445938110352
04720803229,apartment,1,8.4335,8.348394393920898
04720803369,apartment,1,8.6248,8.392681121826172
04721302169,apartment,1,8.3741,8.085721969604492
04721302861,apartment,1,8.2338,8.43958854675293
04721901178,apartment,1,8.4239,8.29638957977295
04721901208,apartment,1,8.4664,8.297391891479492
04722002411,apartment,1,8.2962,8.053653717041016
04722002479,apartment,1,8.2777,8.073486328125
04722002711,apartment,1,8.2668,8.08159065246582
04722607443,apartment,1,8.6757,9.072610855102539
04722608911,apartment,1,9.1999,9.032458305358887
04722609926,apartment,1,8.4769,8.967081069946289
04722609934,apartment,1,8.474,8.970073699951172
04723400567,apartment,1,8.9625,8.335326194763184
04723501622,apartment,1,8.2998,8.27032470703125
04723502653,apartment,1,8.8659,8.51722526550293
04723502947,apartment,1,8.7156,8.50924015045166
04724000937,apartment,1,8.3536,8.10668659210205
04725301159,apartment,1,8.5913,8.320818901062012
04726400517,apartment,1,8.4402,8.408985137939453
04726401254,apartment,1,8.5768,8.919610023498535
04726401416,apartment,1,8.7786,8.941471099853516
04726401505,apartment,1,8.985,8.918242454528809
04726401505,apartment,1,8.6152,8.918242454528809
04726401580,apartment,1,8.4013,8.906986236572266
04726401653,apartment,1,8.6148,8.918242454528809
04727805448,apartment,1,8.2079,8.303633689880371
04727901056,apartment,1,8.2548,8.422123908996582
04728401294,apartment,1,8.4431,8.572061538696289
04728407251,apartment,1,8.0126,8.347345352172852
04728407292,apartment,1,8.3156,8.355788230895996
04728502813,apartment,1,8.3349,8.533163070678711
04728507361,apartment,1,8.0525,8.333738327026367
04728509184,apartment,1,8.8995,8.996070861816406
04728509214,apartment,1,8.5994,8.895071029663086
04728509397,apartment,1,8.5689,8.898336410522461
04728509567,apartment,1,8.8058,8.89171028137207
04728509729,apartment,1,8.9072,8.889665603637695
04728510190,apartment,1,8.6146,8.89171028137207
04728701824,apartment,1,8.9111,8.80445671081543
04803701903,apartment,1,8.3669,8.086207389831543
04803703728,apartment,1,8.3516,8.33598518371582
04803906424,apartment,1,8.5535,8.179688453674316
04805901438,apartment,1,8.4331,8.388029098510742
04805903457,apartment,1,8.6096,8.388279914855957
04805903880,apartment,1,8.4505,8.38789176940918
04810009726,apartment,1,8.0505,7.893623352050781
04810014355,apartment,1,8.6197,8.042633056640625
04812300525,apartment,1,8.1926,8.339590072631836
04812401518,apartment,1,8.3251,8.30628776550293
04812401763,apartment,1,8.4142,8.321235656738281
04812401909,apartment,1,8.3395,8.336036682128906
04812402409,apartment,1,8.2892,8.301898956298828
04812402492,apartment,1,8.279,8.326160430908203
04812402506,apartment,1,8.2769,8.30628776550293
04812403650,apartment,1,8.3484,8.301105499267578
04818702048,apartment,1,7.4905,8.109735488891602
04824803667,apartment,1,8.3385,8.21371078491211
04824803764,apartment,1,8.3381,8.186052322387695
04824804795,apartment,1,8.5172,8.173089027404785
04827801320,apartment,1,7.8512,8.076126098632812
04827900851,apartment,1,8.369,8.223491668701172
04827901422,apartment,1,8.2909,8.266514778137207
04831002100,apartment,1,7.8706,7.953540802001953
04839200467,apartment,1,8.1233,8.088785171508789
04841200479,apartment,1,8.1987,7.933099746704102
04841200754,apartment,1,8.0701,7.875377178192139
04843100641,apartment,1,8.4931,8.34921646118164
04843101176,apartment,1,8.6013,8.349518775939941
04900601292,apartment,1,8.1569,8.001850128173828
04900603821,apartment,1,8.6578,8.432308197021484
04900607886,apartment,1,8.453,8.203919410705566
04901000578,apartment,1,8.2792,7.863802909851074
04901000632,apartment,1,8.4144,7.791611671447754
04903901688,apartment,1,7.6905,7.882601737976074
04904800583,apartment,1,8.3036,8.252531051635742
04904800907,apartment,1,7.8451,7.981334209442139
04904800923,apartment,1,7.9442,7.978784561157227
04905202892,apartment,1,8.4737,8.274909973144531
04905203228,apartment,1,8.4047,8.231762886047363
04905203392,apartment,1,8.5172,8.273737907409668
04905203783,apartment,1,8.569,8.274909973144531
04906001823,apartment,1,7.9866,7.982763290405273
04906001904,apartment,1,8.0562,8.039724349975586
04906002986,apartment,1,8.187,8.301036834716797
04906003478,apartment,1,8.2623,8.306737899780273
04906003540,apartment,1,8.1481,8.295743942260742
04906003699,apartment,1,8.3248,8.299320220947266
04906005543,apartment,1,8.3425,8.325867652893066
04906005764,apartment,1,8.2623,8.31204891204834
04906006140,apartment,1,7.6859,7.904725074768066
04906600816,apartment,1,8.9872,8.318998336791992
04906601375,apartment,1,8.7403,8.316595077514648
04906700675,apartment,1,8.1503,7.916191101074219
04906701124,apartment,1,8.055,7.859795570373535
04906702236,apartment,1,8.3664,8.384583473205566
04906801927,apartment,1,8.5103,8.226091384887695
04906802435,apartment,1,8.3697,8.194613456726074
04907503202,apartment,1,8.7468,8.47507095336914
04907900589,apartment,1,8.3868,8.179853439331055
04908000141,apartment,1,8.183,8.271331787109375
04908000921,apartment,1,8.1174,8.273307800292969
04908500665,apartment,1,8.3909,8.154894828796387
04908700478,apartment,1,8.0709,7.982904434204102
04909001001,apartment,1,8.3181,8.062021255493164
04909406026,apartment,1,7.835,8.218171119689941
04910101081,apartment,1,7.9311,7.9722161293029785
04910201221,apartment,1,7.9859,7.799631595611572
04910201629,apartment,1,8.0268,7.806975364685059
04910700651,apartment,1,8.1238,8.174537658691406
04910700811,apartment,1,8.1238,8.14193344116211
04911502126,apartment,1,7.7564,7.895420074462891
04911503270,apartment,1,8.3007,8.239601135253906
04911503416,apartment,1,8.1356,8.193605422973633
04911503912,apartment,1,8.4157,8.197900772094727
04911901381,apartment,1,8.6008,8.385255813598633
04911901985,apartment,1,8.6148,8.386988639831543
04911903538,apartment,1,8.6588,8.358465194702148
04911903910,apartment,1,8.5672,8.387391090393066
04912105619,apartment,1,8.5451,8.250724792480469
04912107549,apartment,1,8.4981,8.246679306030273
04912109509,apartment,1,8.4875,8.30124568939209
04912200425,apartment,1,8.1117,7.947220802307129
04912600601,apartment,1,8.278,8.371194839477539
04914306255,apartment,1,8.1851,8.066001892089844
04914306761,apartment,1,8.1698,8.060964584350586
04914310317,apartment,1,8.2468,8.08919906616211
04914310351,apartment,1,8.3774,8.086861610412598
04914311631,apartment,1,8.0208,8.062707901000977
04914313881,apartment,1,8.1225,8.061211585998535
04914328372,apartment,1,7.9866,8.057947158813477
04914331063,apartment,1,8.2253,8.10704231262207
04914331462,apartment,1,8.3473,8.227750778198242
04914332310,apartment,1,8.0635,8.056184768676758
04914334267,apartment,1,8.0652,8.180831909179688
04914336693,apartment,1,8.3385,8.19359016418457
04914337614,apartment,1,8.3986,8.228082656860352
04914501333,apartment,1,8.4154,8.26683235168457
04914501945,apartment,1,8.6965,8.273601531982422
04914502739,apartment,1,8.7096,8.278281211853027
04915200841,apartment,1,7.7475,7.96262264251709
04919300646,apartment,1,7.7863,7.894583225250244
04919300697,apartment,1,7.9939,7.894766807556152
04919703041,apartment,1,8.1964,8.078907012939453
04919703406,apartment,1,8.4711,8.078907012939453
04919705107,apartment,1,8.2199,8.225142478942871
04919705972,apartment,1,8.1751,8.218103408813477
04919706243,apartment,1,8.3787,8.215394020080566
04919803958,apartment,1,8.7469,8.132282257080078
04919804024,apartment,1,8.6646,8.122896194458008
04920401124,apartment,1,8.0217,7.9321088790893555
04920401541,apartment,1,8.1399,8.026571273803711
04922201882,apartment,1,8.565,8.288435935974121
04922900871,apartment,1,8.476,8.178466796875
04926501406,apartment,1,8.2714,8.291301727294922
04926502240,apartment,1,8.238,8.28309440612793
04928606124,apartment,1,8.3715,8.257133483886719
04928606760,apartment,1,8.2919,8.25411605834961
04928612736,apartment,1,8.6638,8.518526077270508
04929801885,apartment,1,8.3102,8.133866310119629
04942100569,apartment,1,8.2808,7.916934013366699
04945401144,apartment,1,8.2137,8.136019706726074
04946600256,apartment,1,7.633,7.978388786315918
04946600851,apartment,1,8.1385,8.016664505004883
04946600922,apartment,1,8.1543,8.015493392944336
04946603212,apartment,1,7.9619,8.007580757141113
04946603506,apartment,1,7.5789,8.001572608947754
04948100668,apartment,1,7.5844,7.776736259460449
04948100897,apartment,1,7.6193,7.828960418701172
05000501527,apartment,1,7.9705,8.423046112060547
05000801512,apartment,1,8.7343,8.437541007995605
05000801725,apartment,1,8.637,8.438872337341309
05001302153,apartment,1,8.4877,8.562948226928711
05001303427,apartment,1,8.5023,8.56757926940918
05001303982,apartment,1,8.4417,8.572877883911133
05001304636,apartment,1,8.5575,8.540229797363281
05002400787,apartment,1,8.294,8.416362762451172
05002402283,apartment,1,8.6583,8.397151947021484
05004404542,apartment,1,8.6566,8.434388160705566
05005002154,apartment,1,8.6548,8.561190605163574
05005100237,apartment,1,8.1304,8.182284355163574
05005101489,apartment,1,7.8982,8.164756774902344
05005102442,apartment,1,7.8085,8.285698890686035
05006501448,apartment,1,7.8,8.576789855957031
05007201375,apartment,1,8.3119,8.152514457702637
05007201995,apartment,1,8.5779,8.344164848327637
05007202118,apartment,1,8.7113,8.409993171691895
05007202185,apartment,1,8.7308,8.411004066467285
05007203092,apartment,1,8.2475,8.452398300170898
05007203361,apartment,1,8.3165,8.450258255004883
05009200945,apartment,1,8.3124,8.171213150024414
05012100182,apartment,1,8.4154,8.379740715026855
05012101308,apartment,1,8.3413,8.380437850952148
05012500253,apartment,1,8.2613,8.390209197998047
05012501977,apartment,1,8.0536,8.38985824584961
05012902483,apartment,1,8.1987,8.032367706298828
05012906799,apartment,1,8.305,8.550262451171875
05013400831,apartment,1,8.2423,8.335521697998047
05013601479,apartment,1,8.392,7.922277450561523
05013900591,apartment,1,8.0856,8.08339786529541
05013901936,apartment,1,8.4631,8.256576538085938
05013902363,apartment,1,8.4254,8.257173538208008
05013902533,apartment,1,8.2976,8.24158000946045
05015402368,apartment,1,8.2771,8.336709976196289
05015403356,apartment,1,8.2334,8.344758987426758
05015500841,apartment,1,7.8522,8.142824172973633
05015501005,apartment,1,7.972,8.126731872558594
05016101760,apartment,1,8.454,8.38546371459961
05016403295,apartment,1,8.5862,8.361236572265625
05016404089,apartment,1,8.1886,8.3600492477417
05016404305,apartment,1,8.6971,8.369665145874023
05016601811,apartment,1,8.3958,8.37030029296875
05016602476,apartment,1,8.3615,8.381553649902344
05017502361,apartment,1,7.9086,7.9119672775268555
05020001422,apartment,1,7.9111,8.260514259338379
05021501941,apartment,1,8.2816,8.226170539855957
05021902301,apartment,1,7.9749,8.1574125289917
05022205378,apartment,1,8.7061,8.574199676513672
05022205416,apartment,1,8.6498,8.578850746154785
05022206277,apartment,1,8.5752,8.571712493896484
05023802140,apartment,1,8.387,7.991135597229004
05023804331,apartment,1,8.4527,8.197953224182129
05023806324,apartment,1,8.187,8.197953224182129
05023807312,apartment,1,8.1342,8.026557922363281
05023807568,apartment,1,8.3473,8.199203491210938
05023808769,apartment,1,8.3324,8.203685760498047
05023809358,apartment,1,8.183,8.02664566040039
05023811301,apartment,1,8.1342,8.025379180908203
05023812103,apartment,1,7.9911,8.029272079467773
05023814386,apartment,1,8.2659,8.337559700012207
05023815137,apartment,1,8.3059,8.272076606750488
05023816729,apartment,1,7.9184,8.236837387084961
05100503890,apartment,9,7.8494,8.381044387817383
05100901675,apartment,9,7.977,8.014716148376465
05100905980,apartment,9,8.4118,8.30938720703125
05100906881,apartment,9,8.6246,8.358243942260742
05101100404,apartment,9,8.6495,8.253122329711914
05101100501,apartment,9,8.5788,8.235257148742676
05101101141,apartment,9,8.0326,8.21855354309082
05101704792,apartment,9,8.5828,8.228377342224121
05101705322,apartment,9,8.5603,8.219830513000488
05101706051,apartment,9,8.0238,8.24616527557373
05101706434,apartment,9,8.2089,8.242263793945312
05101708356,apartment,9,7.769,8.402851104736328
05101709123,apartment,9,7.8591,8.402851104736328
05101709174,apartment,9,7.8349,8.403682708740234
05102302698,apartment,9,8.8226,8.395841598510742
05103702940,apartment,9,8.209,8.308798789978027
05103703424,apartment,9,8.1128,8.306558609008789
05104600920,apartment,9,7.9202,7.998854637145996
05104603369,apartment,9,8.1729,8.076022148132324
05106101255,apartment,9,8.534,8.35887622833252
05106101621,apartment,9,8.3517,8.358318328857422
05106102286,apartment,9,8.0652,8.334016799926758
05106102464,apartment,9,8.37,8.147947311401367
05106300479,apartment,9,7.9866,7.942059516906738
05106300614,apartment,9,7.9905,7.91793155670166
05106501245,apartment,9,8.1668,7.9294328689575195
05107001769,apartment,9,8.0525,7.820217609405518
05108900651,apartment,9,7.8132,8.117311477661133
05108900783,apartment,9,8.0878,8.318556785583496
05115502471,apartment,9,8.709,8.505544662475586
05115503700,apartment,9,8.746,8.517051696777344
05117300701,apartment,9,8.5885,8.347360610961914
05117300718,apartment,9,8.6006,8.347936630249023
05125602124,apartment,9,8.4084,8.316228866577148
05125700584,apartment,9,8.1949,8.060303688049316
05125701602,apartment,9,7.9212,8.054821014404297
05125800635,apartment,9,8.323,8.355646133422852
05125901202,apartment,9,7.9434,8.276240348815918
05126000462,apartment,9,8.2978,8.312286376953125
05126100203,apartment,9,8.3194,8.166037559509277
05126100912,apartment,9,8.1358,8.161347389221191
05126201255,apartment,9,8.0295,8.037874221801758
05126205129,apartment,9,8.3994,8.003897666931152
05126205331,apartment,9,8.6763,8.371221542358398
05126205803,apartment,9,8.9692,8.523971557617188
05126206214,apartment,9,8.8998,8.504536628723145
05126800248,apartment,9,8.5774,8.030160903930664
05127801175,apartment,9,8.3211,8.149418830871582
05128000974,apartment,9,8.4924,8.334600448608398
05130600894,apartment,9,7.8116,8.336502075195312
05130601289,apartment,9,8.432,8.464120864868164
05130601718,apartment,9,8.0499,8.341890335083008
05130602196,apartment,9,8.2659,8.343944549560547
05130602234,apartment,9,8.2637,8.371877670288086
05130603451,apartment,9,8.2171,8.333298683166504
05130605268,apartment,9,8.1658,8.341266632080078
05130605993,apartment,9,8.3712,8.34122085571289
05130607244,apartment,9,8.1468,8.352184295654297
05130607899,apartment,9,8.2623,8.40202522277832
05130608070,apartment,9,7.8568,8.396459579467773
05130609093,apartment,9,8.3741,8.476707458496094
05130610385,apartment,9,8.2816,8.354290008544922
05130614097,apartment,9,8.3071,8.354635238647461
05130616405,apartment,9,8.3493,8.372902870178223
05130617134,apartment,9,8.2329,8.372659683227539
05130617371,apartment,9,8.2465,8.37116813659668
05130619056,apartment,9,8.4679,8.359301567077637
05130619439,apartment,9,8.4513,8.346555709838867
05130620089,apartment,9,8.4475,8.377798080444336
05130620135,apartment,9,8.4978,8.370952606201172
05130620380,apartment,9,8.478,8.370952606201172
05130621557,apartment,9,8.5006,8.33646011352539
05130622367,apartment,9,8.5869,8.348549842834473
05130622545,apartment,9,8.4219,8.344573020935059
05130701178,apartment,9,8.4347,8.196839332580566
05131500990,apartment,9,8.7628,8.513455390930176
05131502446,apartment,9,8.8223,8.51470947265625
05131504732,apartment,9,8.9071,8.680614471435547
05131701473,apartment,9,8.381,8.478849411010742
05131701971,apartment,9,8.3383,8.254253387451172
05132300472,apartment,9,7.3414,7.785276412963867
05132302769,apartment,9,8.2721,8.283686637878418
05132502776,apartment,9,7.5811,7.93748664855957
05132507131,apartment,9,7.573,7.901098251342773
05133600925,apartment,9,8.0003,7.850263595581055
05133801254,apartment,9,8.1909,8.245062828063965
05133801637,apartment,9,7.7799,8.252165794372559
05133805950,apartment,9,8.2749,8.227928161621094
05134101388,apartment,9,8.7796,8.25657844543457
05134102384,apartment,9,8.6785,8.253236770629883
05134102661,apartment,9,8.5684,8.259255409240723
05134103550,apartment,9,8.1175,8.195120811462402
05134103712,apartment,9,8.5862,8.3208646774292
05200101999,apartment,9,8.8171,8.509878158569336
05200202507,apartment,9,8.2599,8.128358840942383
05200204283,apartment,9,8.9046,8.431798934936523
05200204313,apartment,9,8.7615,8.420618057250977
05200206650,apartment,9,8.8684,8.435033798217773
05200300932,apartment,9,7.77,8.080913543701172
05200303737,apartment,9,8.4145,8.56179428100586
05200505755,apartment,9,7.6122,8.149980545043945
05200701325,apartment,9,8.422,8.279634475708008
05201200941,apartment,9,8.4034,8.28603744506836
05201201695,apartment,9,8.7261,8.307624816894531
05201201891,apartment,9,8.67,8.293363571166992
05201303145,apartment,9,8.4353,8.288405418395996
05201603181,apartment,9,8.394,8.310920715332031
05202401590,apartment,9,8.087,8.071564674377441
05202701055,apartment,9,8.1766,7.7774810791015625
05202701993,apartment,9,8.6622,8.475015640258789
05202801416,apartment,9,7.8383,8.040325164794922
05202901542,apartment,9,8.3328,8.173358917236328
05203200841,apartment,9,8.5952,8.302069664001465
05203301409,apartment,9,8.6818,8.31097412109375
05203302431,apartment,9,8.1951,8.223590850830078
05203402086,apartment,9,8.6915,8.594457626342773
05203602441,apartment,9,8.566,8.422693252563477
05204500391,apartment,9,8.8333,8.628108978271484
05204501037,apartment,9,8.4538,8.620504379272461
05204801227,apartment,9,8.8571,8.324738502502441
05204801588,apartment,9,8.598,8.337152481079102
05205001577,apartment,9,8.8414,8.539911270141602
05205001801,apartment,9,7.996,8.543325424194336
05205001879,apartment,9,8.735,8.544403076171875
05205002042,apartment,9,8.7699,8.543322563171387
05205002328,apartment,9,8.6268,8.537456512451172
05205002948,apartment,9,7.877,8.539928436279297
05205401427,apartment,9,8.2124,8.13495922088623
05205601213,apartment,9,8.3728,8.349225997924805
05205702842,apartment,9,8.0785,8.153702735900879
05205802456,apartment,9,8.643,8.473112106323242
05206100862,apartment,9,8.3205,8.127220153808594
05206201227,apartment,9,8.752,8.539151191711426
05206401811,apartment,9,7.9775,8.533723831176758
05206403865,apartment,9,8.8309,8.48404598236084
05206600857,apartment,9,7.8651,8.080035209655762
05206600903,apartment,9,8.0997,8.078356742858887
05206701157,apartment,9,8.3909,8.574751853942871
05208101904,apartment,9,8.2423,8.162586212158203
05208112299,apartment,9,8.4767,8.525958061218262
05208113775,apartment,9,7.8542,8.531864166259766
05208114461,apartment,9,8.8049,8.547491073608398
05208201062,apartment,9,7.9849,8.10721206665039
05208400553,apartment,9,8.8648,8.648527145385742
05208401290,apartment,9,9.0731,8.601072311401367
05209002632,apartment,9,8.4267,8.514388084411621
05209002667,apartment,9,8.3563,8.512260437011719
05209201813,apartment,9,8.646,8.571785926818848
05209204162,apartment,9,7.8852,8.4564790725708
05209205452,apartment,9,8.7424,8.456522941589355
05210601781,apartment,9,7.9875,8.031858444213867
05210601897,apartment,9,8.0864,8.055086135864258
05211501691,apartment,9,8.7685,8.415986061096191
05211900413,apartment,9,7.9303,7.914853096008301
05211901282,apartment,9,8.7243,8.416817665100098
05215601135,apartment,9,8.1117,8.27479076385498
05215800731,apartment,9,8.635,8.555816650390625
05222902242,apartment,9,7.7634,7.935146331787109
05223003098,apartment,9,8.3741,8.173312187194824
05223004000,apartment,9,8.566,8.463449478149414
05223005481,apartment,9,8.5511,8.515299797058105
05224604060,apartment,9,8.7275,8.427202224731445
05224604133,apartment,9,8.7323,8.397854804992676
05230900921,apartment,9,8.1152,8.06260871887207
05235800354,apartment,9,9.0601,8.5408935546875
05235800508,apartment,9,8.8648,8.521507263183594
05235800631,apartment,9,8.7885,8.539912223815918
05235801245,apartment,9,9.376,8.5408935546875
05235801377,apartment,9,9.0233,8.505781173706055
05235801423,apartment,9,8.7813,8.52076530456543
05301200951,apartment,9,8.8426,8.598212242126465
05302201550,apartment,9,8.294,8.677680969238281
05302202506,apartment,9,8.372,8.677680969238281
05302600846,apartment,9,8.1543,8.48025131225586
05303302520,apartment,3,8.4752,8.324617385864258
05303303101,apartment,3,8.5086,8.427988052368164
05303305074,apartment,3,8.771,8.356884956359863
05303305491,apartment,3,8.4219,8.337433815002441
05305000688,apartment,9,8.301,8.23812198638916
05305500656,apartment,9,8.3211,8.202637672424316
05308401004,apartment,9,8.7248,8.55252456665039
05309102000,apartment,9,8.5589,8.436389923095703
05309102906,apartment,9,7.9576,8.016904830932617
05311800781,apartment,9,7.4186,8.480413436889648
05312400882,apartment,3,7.5654,8.133552551269531
05314100754,apartment,9,8.2171,8.426551818847656
05328900839,apartment,3,8.7465,8.45218276977539
05333902844,apartment,9,8.3498,8.35283088684082
05333904073,apartment,9,8.1874,8.365825653076172
05333904456,apartment,9,8.5698,8.343534469604492
05333905746,apartment,9,8.7579,8.378864288330078
05365200667,apartment,9,8.207,8.221176147460938
05365800389,apartment,9,8.8338,8.657581329345703
05400200648,apartment,9,7.5865,7.828061103820801
05400301401,apartment,9,8.4093,8.321855545043945
05400302114,apartment,9,8.5172,8.325433731079102
05400500765,apartment,9,8.2714,8.045182228088379
05400601367,apartment,9,8.9627,8.37895393371582
05401402023,apartment,9,7.8841,8.410945892333984
05401601591,apartment,9,8.3139,8.112325668334961
05401602790,apartment,9,8.1678,8.065654754638672
05401801076,apartment,9,8.1353,8.070938110351562
05401803605,apartment,9,8.612,8.445711135864258
05401900767,apartment,9,8.5303,8.176643371582031
05401901992,apartment,9,8.6383,8.225944519042969
05401902239,apartment,9,8.5072,8.224767684936523
05401908441,apartment,9,8.8112,8.33894157409668
05402905320,apartment,9,8.6297,8.339160919189453
05402906378,apartment,9,8.7029,8.32415771484375
05402906386,apartment,9,8.7657,8.445032119750977
05402907447,apartment,9,8.4693,8.34191608428955
05403301240,apartment,9,8.5038,8.348580360412598
05403403264,apartment,9,8.9102,8.456710815429688
05404201568,apartment,9,8.6972,8.300491333007812
05404801557,apartment,9,8.7883,8.403069496154785
05404801832,apartment,9,7.9682,8.332174301147461
05404802431,apartment,9,8.535,8.358247756958008
05404804297,apartment,9,8.3368,8.319034576416016
05404805617,apartment,9,8.6228,8.377774238586426
05404901128,apartment,9,8.585,8.191520690917969
05404907207,apartment,9,8.5778,8.37462043762207
05404908289,apartment,9,8.7278,8.386637687683105
05405101907,apartment,9,8.294,8.273431777954102
05405102067,apartment,9,8.5778,7.966734409332275
05405104485,apartment,9,8.1575,8.195854187011719
05405203270,apartment,9,8.7916,8.491323471069336
05405204366,apartment,9,8.6863,8.493350982666016
05405204943,apartment,9,8.3129,8.698677062988281
05405205052,apartment,9,8.5072,8.551485061645508
05406701746,apartment,9,8.2374,8.084980010986328
05406702221,apartment,9,8.3572,8.115764617919922
05406703765,apartment,9,8.2445,8.106592178344727
05407003724,apartment,9,8.2782,8.310070991516113
05407301385,apartment,9,8.6166,8.20889949798584
05407301644,apartment,9,8.0546,8.298589706420898
05407301717,apartment,9,8.6432,8.219949722290039
05408102114,apartment,9,8.4896,8.414424896240234
05408200760,apartment,9,7.7124,8.5136137008667
05408201538,apartment,9,7.8788,8.526280403137207
05408205312,apartment,9,8.3379,8.513385772705078
05408403149,apartment,9,8.9431,8.67532730102539
05408600637,apartment,9,8.1037,8.034891128540039
05408603067,apartment,9,8.6836,8.322322845458984
05408604225,apartment,9,8.5426,8.366861343383789
05409402723,apartment,9,8.0882,8.046695709228516
05409701925,apartment,9,8.4573,8.187599182128906
05409702980,apartment,9,7.6115,8.469099044799805
05409703103,apartment,9,7.3104,8.235542297363281
05409805331,apartment,9,8.658,8.053239822387695
05410200055,apartment,9,8.2565,8.392601013183594
05410602382,apartment,9,8.937,8.414796829223633
05410602498,apartment,9,8.8474,8.414026260375977
05410602668,apartment,9,8.7139,8.414365768432617
05410602897,apartment,9,8.9897,8.416318893432617
05410603494,apartment,9,8.7745,8.414796829223633
05411100951,apartment,9,8.7463,8.667447090148926
05411100976,apartment,9,8.9086,8.667447090148926
05411101557,apartment,9,9.01,8.665367126464844
05411101581,apartment,9,9.1616,8.659708023071289
05411309999,apartment,9,7.5902,8.209722518920898
05411312892,apartment,9,8.8796,8.311066627502441
05411313597,apartment,9,8.7068,8.620874404907227
05411313864,apartment,9,9.1711,8.61075210571289
05411314011,apartment,9,9.1183,8.616647720336914
05411401674,apartment,9,8.5839,8.504085540771484
05411402255,apartment,9,8.5286,8.508649826049805
05411503760,apartment,9,8.6961,8.562110900878906
05411604631,apartment,9,8.8782,8.455117225646973
05411801044,apartment,9,7.3923,8.325862884521484
05412201431,apartment,9,8.4295,8.1094970703125
05412503284,apartment,9,9.1318,8.725508689880371
05412503411,apartment,9,8.98,8.725508689880371
05412601121,apartment,9,8.0247,8.093059539794922
05412601510,apartment,9,8.3404,7.913377285003662
05412605621,apartment,9,8.6236,8.542208671569824
05412700527,apartment,3,8.6883,8.648584365844727
05414001510,apartment,9,8.1117,8.183086395263672
05414001553,apartment,9,8.4677,8.21764850616455
05414001677,apartment,9,8.4374,8.234249114990234
05414400921,apartment,9,7.7266,7.769777297973633
05414701245,apartment,9,8.312,8.38043212890625
05414801959,apartment,3,8.4076,8.484236717224121
05415001026,apartment,3,7.824,7.958786964416504
05415802703,apartment,9,8.9074,8.455643653869629
05415804188,apartment,9,8.8004,7.8925981521606445
05415804501,apartment,9,8.7908,8.299372673034668
05415804706,apartment,9,9.0436,8.553808212280273
05415804927,apartment,9,9.0783,8.553284645080566
05416400501,apartment,3,8.5952,8.556007385253906
05416503246,apartment,9,7.8388,8.460943222045898
05416503912,apartment,9,8.8871,8.643243789672852
05417702722,apartment,9,8.6192,8.72729206085205
05419901218,apartment,9,7.5213,7.9313554763793945
05419902907,apartment,9,8.6641,8.326013565063477
05420001705,apartment,9,8.9453,8.615617752075195
05420308371,apartment,9,8.8604,8.574625015258789
05420805456,apartment,9,8.4952,8.624500274658203
05420806088,apartment,9,8.8945,8.639394760131836
05420806223,apartment,9,8.6331,8.575714111328125
05420806290,apartment,9,8.749,8.624500274658203
05420806304,apartment,9,8.6858,8.644539833068848
05421801985,apartment,9,8.5214,8.556966781616211
05422700831,apartment,9,8.2818,8.567485809326172
05422904362,apartment,9,8.6026,8.504918098449707
05423309573,apartment,9,8.1768,8.108725547790527
05423601487,apartment,9,8.8075,8.260367393493652
05423701791,apartment,9,8.801,8.126434326171875
05424102247,apartment,9,8.3702,8.27428913116455
05424300537,apartment,9,8.808,8.313928604125977
05424500749,apartment,9,8.4684,8.34160041809082
05501001063,apartment,3,8.3752,8.332267761230469
05501400804,apartment,3,8.5172,8.457572937011719
05501400839,apartment,3,8.7072,8.479854583740234
05501900475,apartment,3,8.7359,8.465337753295898
05501900521,apartment,3,8.3183,8.282121658325195
05501900629,apartment,3,8.6398,8.38134765625
05503200497,apartment,3,7.8816,8.060720443725586
05503600797,apartment,3,7.9345,7.975747108459473
05503900774,apartment,3,8.1285,8.331226348876953
05504401305,apartment,3,7.9782,7.932025909423828
05505100880,apartment,3,7.9335,7.902878761291504
05507000921,apartment,3,8.8161,8.471637725830078
05507601321,apartment,3,8.5536,8.441991806030273
05508101391,apartment,3,8.6507,8.614228248596191
05508201068,apartment,3,8.4168,8.515673637390137
05508501282,apartment,3,8.1781,8.296236991882324
05508501649,apartment,3,8.385,8.268543243408203
05509201630,apartment,3,8.9128,8.547869682312012
05509201975,apartment,3,8.9362,8.536569595336914
05509501928,apartment,3,8.2484,8.269805908203125
05509502142,apartment,3,7.4326,8.311695098876953
05509502193,apartment,3,8.2097,8.566919326782227
05509502241,apartment,3,8.294,8.562077522277832
05512500430,apartment,3,8.2463,8.130210876464844
05512501828,apartment,3,8.3349,8.258567810058594
05512502735,apartment,3,8.2983,8.171716690063477
05512503839,apartment,3,8.3897,8.212642669677734
05514001008,apartment,3,8.3209,8.17228889465332
05515400682,apartment,3,8.3501,8.117341995239258
05515401654,apartment,3,8.2768,8.145222663879395
05518102283,apartment,3,8.7679,8.563879013061523
05518201370,apartment,3,8.5454,8.540202140808105
05518201486,apartment,3,8.1706,8.37867259979248
05518402521,apartment,3,8.328,8.507553100585938
05518801300,apartment,3,8.4869,8.484251976013184
05518801637,apartment,3,8.4265,8.440444946289062
05519501424,apartment,3,8.2765,8.44666862487793
05519701245,apartment,3,8.5172,8.414369583129883
05519701695,apartment,3,7.8666,8.261320114135742
05519901015,apartment,3,8.3716,8.526653289794922
05520102821,apartment,3,8.2206,8.54416275024414
05520103445,apartment,3,8.3205,8.542518615722656
05520400512,apartment,9,8.6159,8.201732635498047
05520600953,apartment,9,8.9308,8.4227294921875
05520601003,apartment,9,8.8043,8.436323165893555
05521903313,apartment,9,8.8798,8.43616008758545
05521903321,apartment,9,8.8108,8.427322387695312
05522202173,apartment,9,7.2934,8.00373649597168
05522401508,apartment,3,8.7584,8.574929237365723
05524001213,apartment,3,8.3435,8.333300590515137
05524201735,apartment,3,8.3106,8.562200546264648
05524501356,apartment,3,8.0945,8.046945571899414
05525700867,apartment,3,8.2758,8.28795051574707
05525801371,apartment,3,8.2126,7.991973400115967
05525805472,apartment,3,7.5364,8.428201675415039
05527102398,apartment,3,8.3497,8.391132354736328
05527102401,apartment,3,7.9782,8.382694244384766
05527102495,apartment,3,8.7146,8.395246505737305
05528502081,apartment,3,8.6934,8.219348907470703
05533001336,apartment,3,8.4106,8.582149505615234
05533101055,apartment,3,7.9638,8.096884727478027
05533900640,apartment,3,7.5137,8.424737930297852
05537201331,apartment,3,8.24,8.262552261352539
05537300818,apartment,3,8.375,8.113728523254395
05537300885,apartment,3,8.0341,8.110346794128418
05538001105,apartment,3,8.3774,8.244372367858887
05539903420,apartment,3,8.2268,8.098677635192871
05540003195,apartment,3,8.0677,8.130922317504883
05601401195,apartment,3,8.2567,8.21717643737793
05602200983,apartment,3,8.0472,8.521474838256836
05602201173,apartment,3,8.1605,8.566373825073242
05604003751,apartment,3,8.3243,8.373685836791992
05605101080,apartment,3,8.2212,8.295734405517578
05605101854,apartment,3,7.8442,8.256763458251953
05605101935,apartment,3,7.6081,8.250003814697266
05605103032,apartment,3,7.8325,8.28038215637207
05605103474,apartment,3,8.2889,8.260190963745117
05605900889,apartment,3,8.1954,8.594922065734863
05605901672,apartment,3,8.0233,8.533659934997559
05606800713,apartment,9,8.4584,8.288103103637695
05606801248,apartment,9,8.4431,8.295148849487305
05606802937,apartment,9,8.5913,8.422760009765625
05606803615,apartment,9,8.0625,8.42365837097168
05607901661,apartment,3,9.0873,8.534852981567383
05607903508,apartment,3,8.49,8.537077903747559
05607905195,apartment,3,8.7881,8.484419822692871
05608700661,apartment,3,8.2562,8.11584186553955
05609001609,apartment,3,8.54,8.21721363067627
05609001676,apartment,3,8.6288,8.223636627197266
05609001781,apartment,3,8.6552,8.306955337524414
05609001803,apartment,3,8.6297,8.210044860839844
05609002451,apartment,3,8.5778,8.223636627197266
05609002524,apartment,3,8.5778,8.217357635498047
05609002532,apartment,3,8.6627,8.21721363067627
05609003997,apartment,3,8.4585,8.209190368652344
05609004330,apartment,3,8.6467,8.26296615600586
05609004438,apartment,3,8.5356,8.258472442626953
05609004861,apartment,3,8.6358,8.243789672851562
05609101409,apartment,3,8.8818,8.517104148864746
05609804019,apartment,9,8.3578,8.308504104614258
05609804299,apartment,9,8.3862,8.308504104614258
05609805724,apartment,9,8.3961,8.31653881072998
05609805880,apartment,9,8.3243,8.327291488647461
05609813379,apartment,9,8.7536,8.464828491210938
05611200672,apartment,3,8.8739,8.551668167114258
05611403174,apartment,3,8.2903,8.106581687927246
05612305532,apartment,9,8.8961,8.461199760437012
05612305753,apartment,9,8.7403,8.457359313964844
05612307081,apartment,9,7.9547,8.396883010864258
05613202567,apartment,3,8.8919,8.727152824401855
05614800352,apartment,9,8.2346,7.995254039764404
05615201045,apartment,9,8.3473,8.243083953857422
05615201436,apartment,9,8.4188,8.238607406616211
05615201533,apartment,9,8.4637,8.238607406616211
05615504560,apartment,9,9.2054,8.684608459472656
05615602708,apartment,9,8.75,8.6480073928833
05616402222,apartment,9,8.0962,7.892099380493164
05617103326,apartment,9,8.4356,8.485260963439941
05617300660,apartment,3,8.5374,8.450931549072266
05617301349,apartment,3,8.3933,8.307287216186523
05617500831,apartment,9,7.4805,8.11906623840332
05617501003,apartment,9,8.1578,8.123893737792969
05617703943,apartment,3,8.3075,8.398866653442383
05617704540,apartment,3,8.3326,8.380865097045898
05618002361,apartment,3,8.3113,8.31270980834961
05618300796,apartment,9,7.5426,7.966257095336914
05619501205,apartment,3,8.1347,8.035425186157227
05619901531,apartment,3,8.9497,8.559538841247559
05619902870,apartment,3,9.115,8.655149459838867
05619905561,apartment,3,9.0097,8.648262977600098
05619905871,apartment,3,9.115,8.661966323852539
05620103307,apartment,3,8.9623,8.631378173828125
05620300552,apartment,3,8.1231,8.241683006286621
05620301461,apartment,3,8.1875,8.213675498962402
05620603806,apartment,3,8.3933,8.181572914123535
05620606104,apartment,3,8.311,8.236265182495117
05620611371,apartment,3,8.6901,8.782547950744629
05620611450,apartment,3,8.6998,8.782547950744629
05621600721,apartment,9,8.3423,8.206818580627441
05622306477,apartment,3,8.4132,8.420249938964844
05623302221,apartment,3,7.814,8.109275817871094
05623802761,apartment,3,8.4431,8.429941177368164
05624402007,apartment,3,8.1001,8.053683280944824
05700201208,apartment,3,8.3413,8.372230529785156
05700701294,apartment,3,8.7068,8.301177978515625
05700701464,apartment,3,8.5061,8.30117416381836
05700701529,apartment,3,8.6115,8.301177978515625
05700703971,apartment,3,8.5172,8.365955352783203
05700704196,apartment,3,8.4764,8.409402847290039
05700704226,apartment,3,8.5817,8.403827667236328
05700704595,apartment,3,8.4787,8.325851440429688
05700704641,apartment,3,8.5172,8.403006553649902
05700705184,apartment,3,8.3217,8.32508659362793
05700705427,apartment,3,8.2752,8.32508659362793
05700706032,apartment,3,8.8049,8.40357780456543
05700706199,apartment,3,8.746,8.397443771362305
05700706733,apartment,3,8.9394,8.388847351074219
05700707111,apartment,3,9.028,8.471136093139648
05701401911,apartment,3,8.1117,8.500112533569336
05701401936,apartment,3,8.2146,8.501462936401367
05701502351,apartment,3,8.195,8.443256378173828
05701502554,apartment,3,8.3441,8.456875801086426
05701502791,apartment,3,8.163,8.457623481750488
05701701441,apartment,3,8.8426,8.409945487976074
05701701603,apartment,3,8.2151,8.412464141845703
05701702170,apartment,3,8.7675,8.421725273132324
05701802337,apartment,3,8.5574,8.541632652282715
05702000943,apartment,3,8.5149,8.470277786254883
05702001011,apartment,3,8.558,8.608038902282715
05702001516,apartment,3,8.577,8.60788345336914
05702002059,apartment,3,8.7344,8.566600799560547
05702002121,apartment,3,8.5113,8.608038902282715
05702002245,apartment,3,8.6486,8.504047393798828
05702002342,apartment,3,8.619,8.504047393798828
05702002482,apartment,3,8.7149,8.56600284576416
05702002776,apartment,3,8.686,8.674707412719727
05702003667,apartment,3,8.5899,8.440712928771973
05702003748,apartment,3,8.4615,8.454545974731445
05702003748,apartment,3,8.3349,8.454545974731445
05702200799,apartment,3,8.6125,8.53741455078125
05702201698,apartment,3,8.7201,8.538915634155273
05702203003,apartment,3,8.8888,8.537086486816406
05702203585,apartment,3,8.454,8.545544624328613
05702301056,apartment,3,8.6638,8.337959289550781
05704001981,apartment,3,7.7634,8.49803352355957
05704801137,apartment,3,7.9817,8.063769340515137
05704801870,apartment,3,8.7775,8.524344444274902
05704902308,apartment,3,8.3265,8.136502265930176
05704903827,apartment,3,8.294,8.586666107177734
05708501278,apartment,3,8.2481,8.18687629699707
05708701595,apartment,3,8.5172,8.458374977111816
05713501531,apartment,3,8.3349,8.370194435119629
05718001901,apartment,3,7.9576,8.400193214416504
05719100571,apartment,3,8.1117,8.149646759033203
05724301210,apartment,3,8.316,8.179266929626465
05724900629,apartment,3,8.1577,8.20579719543457
05724901412,apartment,3,8.0383,8.334074020385742
05726601254,apartment,3,8.2199,8.204410552978516
05728900372,apartment,3,8.1377,8.165124893188477
05800601194,apartment,3,7.6669,7.997613906860352
05800601283,apartment,3,8.0508,7.996784210205078
05800601399,apartment,3,7.6669,7.994689464569092
05800601933,apartment,3,7.9035,8.02690601348877
05800800936,apartment,3,8.2338,8.072757720947266
05800901619,apartment,3,8.5172,8.24701976776123
05801100822,apartment,3,8.0362,8.26502799987793
05801601392,apartment,3,8.1837,8.243555068969727
05801901035,apartment,3,8.5913,8.275732040405273
05802206276,apartment,3,7.7612,8.395515441894531
05802601396,apartment,3,8.4285,8.372249603271484
05802602791,apartment,3,8.4678,8.423933982849121
05802701560,apartment,3,8.1219,8.491046905517578
05803202304,apartment,3,8.2251,8.657316207885742
05804401734,apartment,3,8.2563,8.14462661743164
05804402481,apartment,3,8.2673,8.319064140319824
05804502832,apartment,3,8.6792,8.358818054199219
05805101130,apartment,3,8.6148,8.527090072631836
05805600625,apartment,3,8.4839,8.422615051269531
05805600641,apartment,3,8.4011,8.367835998535156
05805600651,apartment,3,8.4494,8.421407699584961
05805600706,apartment,3,7.9917,8.31768798828125
05805600714,apartment,3,7.9873,8.424626350402832
05806101495,apartment,3,8.4293,8.281351089477539
05807500482,apartment,3,8.6424,8.404491424560547
05807900626,apartment,3,8.2637,8.29162311553955
05808301041,apartment,3,7.7287,8.51479721069336
05808301106,apartment,3,7.7287,8.51479721069336
05808301191,apartment,3,7.7287,8.51479721069336
05808301246,apartment,3,7.7287,8.51479721069336
05808301521,apartment,3,8.5352,8.450186729431152
05809100368,apartment,3,7.4269,7.986328601837158
05809501648,apartment,3,8.0709,8.142463684082031
05809900941,apartment,3,8.1325,8.031133651733398
05810000983,apartment,3,8.2171,8.310851097106934
05810101161,apartment,3,8.4608,8.26003646850586
05810200801,apartment,3,8.4118,8.185537338256836
05810301010,apartment,3,8.129,8.124431610107422
05810302874,apartment,3,8.2653,8.328191757202148
05811000741,apartment,3,8.1662,8.400619506835938
05811900521,apartment,3,8.262,7.9769287109375
05811900945,apartment,3,7.4302,7.718310356140137
05813700951,apartment,3,8.4764,8.412435531616211
05814402776,apartment,3,7.8063,8.046005249023438
05815802141,apartment,3,8.6082,8.327049255371094
05815802700,apartment,3,8.6253,8.507282257080078
05815802727,apartment,3,8.5828,8.451831817626953
05815802794,apartment,3,8.7752,8.510035514831543
05815802891,apartment,3,8.6544,8.507320404052734
05815804495,apartment,3,8.6859,8.507320404052734
05815804721,apartment,3,8.5828,8.429980278015137
05815804770,apartment,3,8.665,8.456260681152344
05815805696,apartment,3,8.5499,8.508895874023438
05815805841,apartment,3,8.627,8.44223403930664
05815806900,apartment,3,8.6991,8.507780075073242
05815808342,apartment,3,8.5274,8.501913070678711
05815808423,apartment,3,8.566,8.493932723999023
05815808652,apartment,3,8.3434,8.48818302154541
05815808741,apartment,3,8.8239,8.512654304504395
05815809241,apartment,3,8.5811,8.48818302154541
05815809251,apartment,3,8.5536,8.493696212768555
05815809365,apartment,3,8.6704,8.498186111450195
05816101544,apartment,3,7.9706,8.12012004852295
05816401025,apartment,3,8.4317,8.395608901977539
05816501674,apartment,3,8.1384,8.172264099121094
05816502581,apartment,3,8.2295,8.299423217773438
05816700677,apartment,3,8.4684,8.376022338867188
05818401359,apartment,3,8.0914,7.950935363769531
05818901696,apartment,3,8.4882,8.383724212646484
05819601017,apartment,3,8.4616,8.25261116027832
05821900557,apartment,3,8.342,8.369256973266602
05821900654,apartment,3,8.3385,8.369793891906738
05822400868,apartment,3,8.1532,8.199031829833984
05822700772,apartment,3,8.0472,8.273347854614258
05823200791,apartment,3,8.0962,8.178874969482422
05900209891,apartment,3,8.1182,8.255148887634277
05902904226,apartment,3,8.6507,8.29396915435791
05902904412,apartment,3,8.6507,8.307146072387695
05902904420,apartment,3,8.0889,8.423303604125977
05903601073,apartment,3,7.8937,8.022272109985352
05904100973,apartment,3,8.0221,8.005000114440918
05904900821,apartment,3,8.1773,8.05866813659668
05904901402,apartment,3,8.4099,8.059268951416016
05904902727,apartment,3,8.4519,8.232389450073242
05905100731,apartment,3,8.2842,8.190183639526367
05905202060,apartment,3,8.2521,7.931682109832764
05905204675,apartment,3,8.2294,8.166362762451172
05905204713,apartment,3,8.2465,8.151021957397461
05905205434,apartment,3,8.3133,8.169919967651367
05905205981,apartment,3,8.5685,8.447010040283203
05905208263,apartment,3,8.5172,8.427936553955078
05905208832,apartment,3,8.5454,8.5157470703125
05905208883,apartment,3,7.824,8.506731033325195
05905901139,apartment,3,7.8994,7.956766128540039
05906200738,apartment,3,8.2396,8.031526565551758
05906200762,apartment,3,8.2363,8.040258407592773
05906201459,apartment,3,8.0266,8.053903579711914
05906202870,apartment,3,7.8744,8.142485618591309
05906302565,apartment,3,8.4254,8.288155555725098
05906501215,apartment,3,8.1174,8.086788177490234
05906902503,apartment,3,8.4449,8.274250984191895
05906904761,apartment,3,8.3877,8.26786994934082
05906904948,apartment,3,8.4482,8.26968765258789
05907704381,apartment,3,7.7771,8.097487449645996
05907704411,apartment,3,8.0766,8.153820037841797
05907704519,apartment,3,7.5848,8.042641639709473
05910601636,apartment,3,7.9749,8.233861923217773
05910601644,apartment,3,8.2824,8.231639862060547
05911001314,apartment,3,8.5791,8.366437911987305
05911001330,apartment,3,8.342,8.285684585571289
05912001271,apartment,3,8.2149,8.349769592285156
05912401571,apartment,3,8.5172,8.19107437133789
05916501171,apartment,3,8.7355,8.413688659667969
05916501579,apartment,3,8.7362,8.410435676574707
05916602022,apartment,3,8.3837,8.239245414733887
05917200815,apartment,3,7.9315,8.187211990356445
05919601507,apartment,3,7.9902,8.363004684448242
05922401319,apartment,3,8.3439,8.141839981079102
05922701185,apartment,3,8.3102,8.381068229675293
05922701215,apartment,3,8.4145,8.41540241241455
05923101904,apartment,3,8.3252,8.24959945678711
05923104652,apartment,3,8.2836,8.217803955078125
05925900480,apartment,3,7.7901,8.205071449279785
05926101220,apartment,3,8.1987,8.111863136291504
05927701752,apartment,3,8.4462,8.236705780029297
05927703143,apartment,3,8.397,8.330686569213867
06003403551,apartment,3,7.969,8.188377380371094
06003403578,apartment,3,8.1652,8.187478065490723
06003405066,apartment,3,8.1007,8.184370040893555
06004500585,apartment,3,7.9503,7.88272762298584
06006001462,apartment,3,8.1124,8.168170928955078
06006001608,apartment,3,8.0766,8.181462287902832
06006001640,apartment,3,8.0178,8.179758071899414
06006001659,apartment,3,8.1117,8.174375534057617
06006001713,apartment,3,8.1423,8.168821334838867
06008801733,apartment,3,8.4219,8.172327041625977
06008801741,apartment,3,8.294,8.171773910522461
06008801903,apartment,3,8.388,8.173568725585938
06012901518,apartment,3,8.1916,8.11594295501709
06015602589,apartment,3,8.1709,8.105417251586914
06015701331,apartment,3,7.8116,8.115550994873047
06015701390,apartment,3,8.0569,8.099190711975098
06015902345,apartment,3,7.9692,8.280403137207031
06017400568,apartment,3,8.1521,8.103092193603516
06018301504,apartment,3,7.9274,8.146622657775879
06018302081,apartment,3,8.2196,8.154741287231445
06018302179,apartment,3,8.2791,8.153398513793945
06020003302,apartment,3,7.4757,7.9244585037231445
06020200167,apartment,3,7.657,8.06519889831543
06024206305,apartment,3,8.3413,8.231403350830078
06025502307,apartment,3,8.1425,8.273360252380371
06026001506,apartment,3,8.0472,8.005568504333496
06026004122,apartment,3,7.6626,8.233827590942383
06026101861,apartment,3,7.8449,8.204690933227539
06026300619,apartment,3,7.7933,7.941657066345215
06026300872,apartment,3,7.6735,7.948627471923828
06027403284,apartment,3,7.8451,7.890218734741211
06029905341,apartment,3,8.3516,7.989173889160156
06029906003,apartment,3,8.0698,7.97910213470459
06029909703,apartment,3,8.2795,8.097908020019531
06032800547,apartment,3,7.8545,7.961382865905762
06100101254,apartment,3,8.101,8.03594970703125
06100701227,apartment,3,7.8977,7.906337738037109
06101501604,apartment,3,7.7719,8.299861907958984
06101501663,apartment,3,7.7719,8.299861907958984
06102603478,apartment,3,7.912,8.50075626373291
06103201756,apartment,3,8.1117,8.087220191955566
06103300614,apartment,3,8.2659,8.426467895507812
06103300681,apartment,3,8.0064,8.424509048461914
06103602890,apartment,3,8.0934,8.369232177734375
06103803098,apartment,3,8.0555,8.128372192382812
06103803195,apartment,3,8.3113,8.09771728515625
06104800882,apartment,3,8.0029,8.255485534667969
06107302530,apartment,3,8.9316,8.471574783325195
06107801057,apartment,3,8.0882,8.100641250610352
06109501670,apartment,3,8.3489,8.326164245605469
06109502332,apartment,3,8.503,8.325264930725098
06110301205,apartment,3,8.435,8.285798072814941
06110302295,apartment,3,8.3811,8.335691452026367
06111702319,apartment,3,8.5322,8.41889476776123
06114803973,apartment,3,8.3007,8.309146881103516
06114804139,apartment,3,8.4516,8.29248332977295
06115606187,apartment,3,8.7786,8.321318626403809
06115606357,apartment,3,8.6732,8.3109712600708
06115801028,apartment,3,8.3096,8.297796249389648
06116000479,apartment,3,8.2667,8.00190258026123
06202501881,apartment,9,8.6847,8.225826263427734
06202502312,apartment,9,8.5836,8.20836067199707
06203200379,apartment,9,8.2738,8.064665794372559
06203200417,apartment,9,8.2019,8.044306755065918
06203901989,apartment,9,9.2265,8.315672874450684
06204301985,apartment,9,8.4684,8.322168350219727
06204302310,apartment,9,8.5076,8.324115753173828
06205102171,apartment,9,8.3837,8.30431842803955
06206106160,apartment,9,7.9505,8.033202171325684
06206107681,apartment,9,7.9804,8.13818359375
06206108589,apartment,9,7.9576,8.132709503173828
06206108694,apartment,9,7.6699,8.124384880065918
06206109798,apartment,9,8.1176,8.141481399536133
06206110168,apartment,9,8.2267,8.136848449707031
06206111288,apartment,9,7.9795,8.271916389465332
06206111733,apartment,9,7.9825,8.269466400146484
06206113371,apartment,9,8.5456,8.346916198730469
06206113833,apartment,9,8.3441,8.341160774230957
06206121631,apartment,9,8.534,8.375236511230469
06206123261,apartment,9,7.8396,8.338898658752441
06206123626,apartment,9,8.4393,8.387937545776367
06206125335,apartment,9,8.0908,8.320106506347656
06206125548,apartment,9,8.3075,8.313257217407227
06206125548,apartment,9,8.3586,8.344305038452148
06206126854,apartment,9,8.4955,8.373087882995605
06206126994,apartment,9,8.2553,8.349065780639648
06208002788,apartment,9,8.6125,8.467293739318848
06208004063,apartment,9,8.7685,8.541300773620605
06208004748,apartment,9,9.0136,8.552811622619629
06208005361,apartment,9,8.4895,8.482359886169434
06208006031,apartment,9,8.5006,8.493738174438477
06208007364,apartment,9,8.8524,8.560317993164062
06208007712,apartment,9,8.6876,8.560983657836914
06208008840,apartment,9,8.4358,8.511360168457031
06208012260,apartment,9,8.4648,8.56351089477539
06208012546,apartment,9,8.7171,8.552204132080078
06208012831,apartment,9,8.7421,8.556930541992188
06208012872,apartment,9,8.5366,8.63114070892334
06208013127,apartment,9,8.8342,8.628129959106445
06208014115,apartment,9,8.7371,8.551448822021484
06208014123,apartment,9,8.7606,8.555912971496582
06208014204,apartment,9,8.6556,8.633320808410645
06208014336,apartment,9,8.71,8.563760757446289
06210508340,apartment,9,7.9282,8.451467514038086
06210508413,apartment,9,8.0326,8.381675720214844
06210509843,apartment,9,8.668,8.668224334716797
06210509878,apartment,9,8.9127,8.70511531829834
06210510299,apartment,9,8.4573,8.664847373962402
06210510450,apartment,9,8.2529,8.66800308227539
06210512161,apartment,9,8.2992,8.694708824157715
06210512283,apartment,9,8.241,8.67883014678955
06210513921,apartment,9,8.5061,8.358000755310059
06210514448,apartment,9,8.1445,8.359106063842773
06210514596,apartment,9,8.3974,8.372480392456055
06210516696,apartment,9,8.3973,8.564714431762695
06210517196,apartment,9,9.1334,8.521490097045898
06210518303,apartment,9,8.2707,8.476743698120117
06210518303,apartment,9,8.7969,8.452926635742188
06210519229,apartment,9,9.3248,8.50197982788086
06210605818,apartment,9,8.4848,8.282007217407227
06210605885,apartment,9,8.3295,8.264596939086914
06211005210,apartment,9,8.427,8.260965347290039
06211008351,apartment,9,8.2238,8.356586456298828
06211013159,apartment,9,8.6934,8.678407669067383
06211016281,apartment,9,8.6896,8.693061828613281
06211017782,apartment,9,8.7299,8.485994338989258
06211302223,apartment,9,8.731,8.427421569824219
06211302800,apartment,9,8.0404,8.438782691955566
06211400985,apartment,9,8.1413,7.869764804840088
06211601697,apartment,9,7.9411,7.975545883178711
06211602413,apartment,9,8.3822,8.1915922164917
06211603827,apartment,9,8.6446,8.537335395812988
06211801742,apartment,9,8.6378,8.412038803100586
06211803176,apartment,9,8.535,8.41383171081543
06211803397,apartment,9,8.5584,8.38265323638916
06211804156,apartment,9,8.4559,8.56686782836914
06211804164,apartment,9,8.6261,8.566676139831543
06211804210,apartment,9,8.7045,8.571330070495605
06212001014,apartment,9,8.0796,7.916144371032715
06212102031,apartment,9,8.507,8.084413528442383
06212203288,apartment,9,8.9536,8.359064102172852
06212203792,apartment,9,8.9648,8.485626220703125
06212204225,apartment,9,8.8251,8.478242874145508
06212300501,apartment,9,8.9833,8.537029266357422
06212301174,apartment,9,8.0894,8.410097122192383
06212301387,apartment,9,8.8383,8.507083892822266
06212301565,apartment,9,8.7675,8.412282943725586
06212301621,apartment,9,8.1989,8.507083892822266
06212301794,apartment,9,8.4872,8.4945068359375
06212302553,apartment,9,8.692,8.704055786132812
06212303649,apartment,9,8.4851,8.666873931884766
06212303721,apartment,9,8.6932,8.685138702392578
06212600848,apartment,9,8.1425,8.2644624710083
06212604797,apartment,9,8.7621,8.486832618713379
06212604916,apartment,9,8.6443,8.39002799987793
06212605361,apartment,9,8.534,8.39195442199707
06212605890,apartment,9,8.3019,8.471811294555664
06212606145,apartment,9,8.1003,8.479347229003906
06212606455,apartment,9,8.6443,8.392580032348633
06214300752,apartment,9,8.4974,8.35940933227539
06214603003,apartment,9,8.803,8.422460556030273
06216703821,apartment,9,8.9755,8.537983894348145
06217204691,apartment,9,8.5495,8.474367141723633
06219002164,apartment,9,8.1674,8.199999809265137
06219002202,apartment,9,8.1759,8.199206352233887
06219005031,apartment,9,8.4296,8.234342575073242
06219010396,apartment,9,8.4118,8.26444149017334
06219010574,apartment,9,8.3075,8.259265899658203
06219014790,apartment,9,8.4324,8.31655502319336
06219100468,apartment,9,8.1506,8.052491188049316
06219200500,apartment,9,8.0278,8.177244186401367
06219201671,apartment,9,8.3198,8.376997947692871
06221001889,apartment,9,8.7614,8.478479385375977
06221007321,apartment,9,8.5788,8.410564422607422
06221008311,apartment,9,8.7571,8.529436111450195
06221203112,apartment,9,7.3858,8.057063102722168
06221203112,apartment,9,7.3858,8.056939125061035
06221203821,apartment,9,8.1435,8.05081558227539
06221203902,apartment,9,8.1277,8.047935485839844
06221204046,apartment,9,8.6226,8.164777755737305
06221204623,apartment,9,8.5,8.160460472106934
06224201625,apartment,9,8.3562,8.510740280151367
06224202613,apartment,9,8.7685,8.556951522827148
06224204144,apartment,9,8.9227,8.571752548217773
06224204349,apartment,9,8.8061,8.625329971313477
06224404747,apartment,3,8.6284,8.351072311401367
06224405220,apartment,3,8.0555,8.337940216064453
06224405621,apartment,3,8.6148,8.315099716186523
06224405727,apartment,3,8.392,8.349855422973633
06224405751,apartment,3,8.6671,8.345125198364258
06224409129,apartment,3,8.0218,8.282798767089844
06224409382,apartment,3,7.9576,8.303991317749023
06224409749,apartment,3,7.3533,8.29604434967041
06224413819,apartment,3,7.7703,8.328241348266602
06224414335,apartment,3,7.4568,8.331869125366211
06224415315,apartment,3,8.1213,8.334976196289062
06224415358,apartment,3,8.2431,8.39156723022461
06224415633,apartment,3,7.8517,8.30931568145752
06224415791,apartment,3,7.9844,8.242059707641602
06224416680,apartment,3,7.3966,8.26765251159668
06224417350,apartment,3,7.9844,8.242191314697266
06224421587,apartment,3,8.2727,8.353117942810059
06224422516,apartment,3,8.1006,8.373442649841309
06224422605,apartment,3,8.2415,8.37846851348877
06302500370,apartment,9,8.1987,7.871400833129883
06305600708,apartment,9,7.882,8.028472900390625
06307001666,apartment,9,8.2548,8.338932037353516
06307001674,apartment,9,8.3618,8.339871406555176
06307002026,apartment,9,7.4285,8.366201400756836
06307703857,apartment,9,8.3576,8.18649959564209
06307704292,apartment,9,8.3183,8.189136505126953
06307707828,apartment,9,8.2199,8.156630516052246
06307708158,apartment,9,8.294,8.160200119018555
06307708336,apartment,9,8.2683,8.244148254394531
06307709170,apartment,9,8.2365,8.185857772827148
06308701361,apartment,9,8.2453,8.313573837280273
06308702021,apartment,9,8.1468,8.317927360534668
06308702188,apartment,9,7.4876,8.332834243774414
06308702765,apartment,9,8.2295,8.284777641296387
06310202448,apartment,9,8.3261,8.386153221130371
06310601768,apartment,9,7.806,8.00460147857666
06310901125,apartment,9,8.2736,8.396707534790039
06310901869,apartment,9,8.3586,8.388742446899414
06310901966,apartment,9,8.1043,8.338348388671875
06410901011,apartment,4,8.207,8.302326202392578
06410901267,apartment,4,8.4125,8.31196117401123
06410901275,apartment,4,8.3422,8.319515228271484
06410902441,apartment,4,8.3956,8.29930305480957
06410902638,apartment,4,8.3418,8.278297424316406
06410903316,apartment,4,8.294,8.340433120727539
06411901023,apartment,4,8.1829,8.280231475830078
06411903158,apartment,4,8.1474,8.295159339904785
06412201671,apartment,4,8.4084,8.237737655639648
06412301070,apartment,4,8.4521,8.183197021484375
06412501746,apartment,4,8.1154,8.029573440551758
06412502351,apartment,4,8.3695,8.270652770996094
06413101921,apartment,9,8.4549,8.519664764404297
06414801593,apartment,9,8.2396,8.427034378051758
06414802311,apartment,9,8.59,8.41395378112793
06415501437,apartment,4,8.1807,8.068567276000977
06415501445,apartment,4,8.2021,8.120213508605957
06415501471,apartment,4,8.2048,8.077238082885742
06416501635,apartment,9,8.3404,8.511788368225098
06417402681,apartment,9,8.2567,8.37831974029541
06419003334,apartment,4,8.5937,8.2742919921875
06422301618,apartment,4,8.7529,8.29346752166748
06422401957,apartment,4,8.2217,8.226282119750977
06422403453,apartment,4,8.4128,8.28137493133545
06422403577,apartment,4,8.2385,8.282988548278809
06422404816,apartment,4,8.3806,8.274221420288086
06503200757,apartment,4,7.9514,8.045578956604004
06504905150,apartment,4,7.8045,8.04249382019043
06505600671,apartment,4,8.1384,7.888481140136719
06508101544,apartment,4,8.312,8.327095031738281
06509402653,apartment,4,8.0999,8.15526008605957
06510000792,apartment,4,8.7403,8.323725700378418
06510502488,apartment,4,8.4912,8.206304550170898
06510502704,apartment,4,8.5172,8.206304550170898
06510504456,apartment,4,8.7725,8.20044994354248
06510701766,apartment,4,8.3349,8.140033721923828
06511000869,apartment,4,8.478,8.286346435546875
06512200721,apartment,4,8.2182,8.128870010375977
06512200756,apartment,4,8.6237,8.126023292541504
06512700511,apartment,9,8.1294,8.091951370239258
06606403553,apartment,4,8.1117,7.927511692047119
06609402851,apartment,4,8.323,8.077987670898438
06609403600,apartment,4,8.2059,8.037668228149414
06611901280,apartment,4,8.435,8.312057495117188
06611901302,apartment,4,8.4631,8.313859939575195
06612700963,apartment,4,8.4039,8.128746032714844
06612703628,apartment,4,8.5288,8.001235961914062
06615301679,apartment,4,8.3888,8.008800506591797
06626602195,apartment,4,8.4992,8.260418891906738
06629400631,apartment,4,8.5027,8.05765151977539
06629400641,apartment,4,8.6507,8.156766891479492
06634201201,apartment,4,7.8377,7.924625396728516
06652601745,apartment,4,8.2497,7.995138168334961
06660300635,apartment,4,8.3859,8.085039138793945
06660300988,apartment,4,8.3998,8.08482551574707
06663103008,apartment,4,8.3517,8.032604217529297
06663200305,apartment,4,8.3688,8.00732707977295
06663201018,apartment,4,8.1456,8.01849365234375
06665800989,apartment,4,7.836,8.07143783569336
06706102024,apartment,4,8.3966,7.976862907409668
06706102040,apartment,4,8.4991,7.940066814422607
06710700471,apartment,4,8.2475,8.087651252746582
06711301285,apartment,4,8.5728,8.369928359985352
06713400841,apartment,4,8.6059,8.014253616333008
06715201196,apartment,4,8.0496,7.945221424102783
06715201961,apartment,4,8.3245,8.045761108398438
06715302820,apartment,4,8.3638,8.06243896484375
06715303096,apartment,4,8.4024,8.062637329101562
06715902623,apartment,4,8.3371,8.062797546386719
06716901701,apartment,4,8.3547,8.121530532836914
06716902260,apartment,4,8.387,8.194622039794922
06716902392,apartment,4,8.3115,8.14447021484375
06717002182,apartment,4,8.0472,8.295284271240234
06717002204,apartment,4,8.5419,8.295284271240234
06717002492,apartment,4,8.4314,8.176149368286133
06717002905,apartment,4,8.7283,8.287846565246582
06717003057,apartment,4,8.4081,8.292147636413574
06717102012,apartment,4,8.1605,8.273641586303711
06717201231,apartment,4,7.8706,8.215289115905762
06717601426,apartment,4,8.2295,7.995685577392578
06718205117,apartment,4,8.1826,8.017646789550781
06718205818,apartment,4,7.9048,8.023811340332031
06718206466,apartment,4,8.0879,8.033357620239258
06718206997,apartment,4,8.0997,8.03067398071289
06718401821,apartment,4,8.5001,8.107571601867676
06718502413,apartment,4,8.2118,8.027158737182617
06718502553,apartment,4,7.4186,8.1895751953125
06718601845,apartment,4,8.2035,7.917118072509766
06718602507,apartment,4,8.2004,7.956823348999023
06718602825,apartment,4,8.3605,8.060022354125977
06718602833,apartment,4,8.4338,8.091704368591309
06718603503,apartment,4,8.4239,8.097221374511719
06718603791,apartment,4,8.4019,8.089866638183594
06718604208,apartment,4,8.7725,8.289121627807617
06718604836,apartment,4,8.4598,8.108946800231934
06718604852,apartment,4,8.8049,8.134265899658203
06718605328,apartment,4,8.4176,8.135098457336426
06718605980,apartment,4,8.5172,8.094236373901367
06718605999,apartment,4,8.596,8.126638412475586
06718606057,apartment,4,8.0348,8.072961807250977
06718607835,apartment,4,8.3913,8.176838874816895
06719101048,apartment,4,8.0905,7.906156539916992
06719101323,apartment,4,8.0905,7.910980224609375
06719101511,apartment,4,8.4974,8.16663646697998
06720603205,apartment,4,8.8692,8.364447593688965
06721401071,apartment,4,8.3593,7.942744255065918
06721602261,apartment,4,7.657,8.140411376953125
06722405842,apartment,4,9.089,8.370431900024414
06722405850,apartment,4,8.7812,8.376392364501953
06722408541,apartment,4,8.4504,8.141172409057617
06722408779,apartment,4,8.7767,8.140909194946289
06722601935,apartment,4,7.6557,7.831384658813477
06722701212,apartment,4,7.4644,7.802594184875488
06722702839,apartment,4,8.7536,8.243589401245117
06724701171,apartment,4,8.6392,8.166086196899414
06725002935,apartment,4,8.7125,8.128658294677734
06725003109,apartment,4,8.5022,8.089208602905273
06725400485,apartment,4,8.0943,7.855443000793457
06725400639,apartment,4,8.0208,7.913581371307373
06725400851,apartment,4,8.0897,7.9093828201293945
06726201206,apartment,4,8.0098,7.895035743713379
06726802609,apartment,4,8.6439,8.349823951721191
06726803591,apartment,4,8.609,8.103755950927734
06727000808,apartment,4,8.294,8.012588500976562
06727101061,apartment,4,8.5172,8.057193756103516
06727800332,apartment,4,8.6744,8.173879623413086
06727900868,apartment,4,8.8674,8.28274917602539
06728001409,apartment,4,8.4717,8.115415573120117
06728002855,apartment,4,8.3673,8.158583641052246
06728004629,apartment,4,8.4244,8.160170555114746
06728301291,apartment,4,8.3096,8.298924446105957
06728400486,apartment,4,8.2423,8.070207595825195
06728903356,apartment,4,7.8932,7.871336460113525
06729801077,apartment,4,8.0317,8.284561157226562
06734700909,apartment,4,8.4171,8.127603530883789
06734700941,apartment,4,8.3374,8.065618515014648
06735200500,apartment,4,8.0038,7.900846004486084
06735400410,apartment,4,7.9721,7.873241424560547
06735501349,apartment,4,8.08,8.025815963745117
06735502019,apartment,4,8.3774,8.107986450195312
06736102571,apartment,4,7.9021,7.846917152404785
06737700349,apartment,4,8.4746,8.038860321044922
06738301537,apartment,4,8.4547,8.029722213745117
06738502672,apartment,4,8.0331,7.902980804443359
06747401158,apartment,4,8.0905,7.802526473999023
06747401808,apartment,4,7.9523,7.798770904541016
06747500512,apartment,4,8.0375,7.794325828552246
06747500806,apartment,4,7.9523,7.815583229064941
06800504424,apartment,4,7.902,8.077269554138184
06800601251,apartment,4,7.8685,7.967091083526611
06800602337,apartment,4,8.2585,7.986670017242432
06800802891,apartment,4,8.8634,8.243074417114258
06800803529,apartment,4,8.5921,8.207027435302734
06800804010,apartment,4,8.898,8.310747146606445
06801100866,apartment,4,8.1622,8.01476001739502
06801101331,apartment,4,8.342,8.1832275390625
06801300628,apartment,4,8.0185,7.856161117553711
06801504037,apartment,4,8.6924,8.280435562133789
06801602731,apartment,4,8.0212,7.889719486236572
06801603892,apartment,4,8.635,8.006004333496094
06801604031,apartment,4,8.2618,8.028665542602539
06801604902,apartment,4,8.1562,8.204778671264648
06801800991,apartment,4,8.0064,7.868997573852539
06802000598,apartment,4,8.7298,8.24879264831543
06802301024,apartment,4,8.7519,8.389071464538574
06802301105,apartment,4,8.5042,8.382966995239258
06802701154,apartment,4,8.5172,8.205978393554688
06802701162,apartment,4,8.478,8.19140338897705
06802701197,apartment,4,8.5172,8.205978393554688
06802701219,apartment,4,8.478,8.19140338897705
06803401243,apartment,4,8.2978,8.002483367919922
06803500993,apartment,4,8.3559,8.050130844116211
06803501035,apartment,4,8.5905,8.031907081604004
06803800970,apartment,4,7.8584,7.8513712882995605
06803905357,apartment,4,8.5949,8.262504577636719
06804002059,apartment,4,8.408,8.06686782836914
06804002237,apartment,4,8.6995,8.31195068359375
06804100549,apartment,4,8.5043,8.120311737060547
06804100621,apartment,4,8.5299,8.12171745300293
06804100948,apartment,4,8.5045,8.1187105178833
06804104366,apartment,4,8.9227,8.280450820922852
06805000742,apartment,4,8.5329,8.120423316955566
06805201683,apartment,4,8.2463,8.117064476013184
06806000622,apartment,4,8.4869,8.07406997680664
06809501061,apartment,4,8.5024,7.919716835021973
06809601260,apartment,4,8.5473,8.246841430664062
06813500694,apartment,4,8.0682,8.203279495239258
06813601377,apartment,4,8.0343,7.922016143798828
06815101851,apartment,4,8.7473,8.270549774169922
06815301672,apartment,4,8.1454,7.715295791625977
06815500926,apartment,4,8.7725,8.198612213134766
06816201401,apartment,4,8.6006,8.229715347290039
06816600754,apartment,4,8.36,8.158035278320312
06816600894,apartment,4,8.6484,8.16331958770752
06816601238,apartment,4,8.5574,8.146249771118164
06816800796,apartment,4,8.5805,8.203836441040039
06819300506,apartment,4,8.3395,8.158485412597656
06819300786,apartment,4,8.2171,8.16403579711914
06819400861,apartment,4,7.502,7.865625381469727
06820503393,apartment,4,8.5055,8.17601203918457
06820702078,apartment,4,8.5349,8.158732414245605
06820702116,apartment,4,8.6086,8.164649963378906
06822600991,apartment,4,8.265,8.020641326904297
06822602739,apartment,4,8.1229,8.097881317138672
06823000538,apartment,4,8.0577,8.186019897460938
06823000767,apartment,4,7.693,8.186019897460938
06825601652,apartment,4,8.276,8.16547679901123
06825601725,apartment,4,8.0979,8.162860870361328
06826801809,apartment,4,8.1432,8.139280319213867
06828202422,apartment,4,8.4616,8.15192985534668
06828203143,apartment,4,8.1285,8.11570930480957
06828203232,apartment,4,7.9866,8.016209602355957
06835802006,apartment,4,7.9549,7.919129371643066
06835802340,apartment,4,8.0553,7.9201884269714355
06837100971,apartment,4,8.3664,8.07081413269043
06837101056,apartment,4,8.3907,8.06289291381836
06841900715,apartment,4,8.3413,8.279475212097168
06843200664,apartment,4,8.6197,8.205022811889648
06843200699,apartment,4,8.7796,8.205022811889648
06843401058,apartment,4,8.5994,8.271367073059082
06843700438,apartment,4,8.8635,8.326740264892578
06844201052,apartment,4,8.4151,8.003942489624023
06845001121,apartment,4,8.3459,8.099113464355469
06845701792,apartment,4,8.135,8.051400184631348
06845702489,apartment,4,8.2884,8.043350219726562
06848800716,apartment,4,8.7064,8.139567375183105
06850100947,apartment,4,8.1007,8.139091491699219
06850101277,apartment,4,8.4653,8.143171310424805
06850701126,apartment,4,8.1918,8.066028594970703
06853102053,apartment,4,8.1513,7.887709140777588
06853200586,apartment,4,8.8356,8.282909393310547
06853402774,apartment,4,8.6915,8.184518814086914
06854202401,apartment,4,8.4438,8.049835205078125
06854401801,apartment,4,8.3261,7.995203018188477
06854600596,apartment,4,8.3767,8.239370346069336
06854602408,apartment,4,8.8363,8.240264892578125
06856401019,apartment,4,8.8044,8.14253044128418
06900601170,apartment,4,8.7968,8.36962890625
06901301146,apartment,4,7.8932,8.05783748626709
06901702124,apartment,4,8.107,7.924687385559082
06901901062,apartment,4,8.0232,8.175291061401367
06901901097,apartment,4,8.5511,8.174093246459961
06901901348,apartment,4,8.276,8.136079788208008
06902301549,apartment,4,8.0671,7.868202209472656
06902700745,apartment,4,8.2722,8.015289306640625
06903300945,apartment,4,8.4547,7.949797630310059
06903401644,apartment,4,8.163,8.063328742980957
06903401776,apartment,4,8.3688,8.049822807312012
06904300663,apartment,4,8.4446,7.991199493408203
06904601191,apartment,4,8.1941,7.90265417098999
06904901101,apartment,4,8.3647,7.975502014160156
06904901551,apartment,4,8.6959,8.158552169799805
06904901942,apartment,4,8.3853,8.162887573242188
06904902949,apartment,4,7.9817,8.054627418518066
06905900508,apartment,4,8.3853,7.926022529602051
06905902012,apartment,4,8.2594,7.886251449584961
06905902251,apartment,4,8.5952,8.061944961547852
06905902381,apartment,4,8.5783,8.061258316040039
06906501089,apartment,4,7.9771,7.896194934844971
06906503091,apartment,4,8.7156,8.29161262512207
06907101671,apartment,4,8.2295,7.975790023803711
06907104202,apartment,4,7.5597,8.098602294921875
06907104210,apartment,4,7.5597,8.098602294921875
06907401274,apartment,4,8.2904,8.199214935302734
06907401479,apartment,4,8.2439,8.275249481201172
06907401592,apartment,4,8.5752,8.1871337890625
06907401851,apartment,4,8.4434,8.298013687133789
06907804131,apartment,4,8.6201,8.203797340393066
06907804263,apartment,4,8.6713,8.25223159790039
06907804433,apartment,4,8.4659,8.203678131103516
06907804549,apartment,4,8.6835,8.211479187011719
06907804557,apartment,4,8.5996,8.20724105834961
06907804824,apartment,4,8.4483,8.210150718688965
06907805618,apartment,4,8.25,8.207874298095703
06907805766,apartment,4,8.248,8.199905395507812
06907805812,apartment,4,8.4103,8.209638595581055
06907805898,apartment,4,8.4578,8.197534561157227
06907806071,apartment,4,8.8495,8.205802917480469
06908102157,apartment,4,8.2388,7.903453350067139
06908201181,apartment,4,9.2883,8.337875366210938
06908800954,apartment,4,8.9544,8.376681327819824
06909501233,apartment,4,8.1448,7.908764839172363
06909502175,apartment,4,8.0965,7.827854633331299
06909502434,apartment,4,8.7556,8.011594772338867
06909800788,apartment,4,8.1586,8.087615966796875
06911206146,apartment,4,8.2794,7.969264030456543
06912300790,apartment,4,8.454,8.087878227233887
06912300839,apartment,4,8.4188,7.997031211853027
06912904475,apartment,4,8.7226,8.228668212890625
06913601220,apartment,4,8.4379,8.187585830688477
06913601239,apartment,4,8.385,8.173822402954102
06913601492,apartment,4,8.5076,8.182636260986328
06914201269,apartment,4,8.408,8.241007804870605
06914201315,apartment,4,8.2461,8.167377471923828
06914600619,apartment,4,7.6348,7.891110897064209
06915000844,apartment,4,8.1438,7.8660359382629395
06915001328,apartment,4,8.2487,7.878990173339844
06915801219,apartment,4,8.4764,8.104299545288086
06915802223,apartment,4,8.1361,7.7069091796875
06916302402,apartment,4,7.9993,8.006425857543945
06916302781,apartment,4,8.1971,7.874448776245117
06916303141,apartment,4,7.7753,7.913736820220947
06916306246,apartment,4,8.0381,7.84318733215332
06916306513,apartment,4,7.972,7.912636756896973
06916306637,apartment,4,7.972,7.910933494567871
06916307196,apartment,4,8.2051,7.912973403930664
06916308478,apartment,4,8.0602,7.856832504272461
06916308656,apartment,4,8.2211,7.855607509613037
06916308842,apartment,4,7.9897,7.854270935058594
06916309431,apartment,4,8.442,7.919472694396973
06916312211,apartment,4,7.824,8.156269073486328
06916402741,apartment,4,8.5442,8.0867338180542
06916403217,apartment,4,8.5675,7.772315502166748
06916501278,apartment,4,8.0266,7.971202373504639
06916501685,apartment,4,7.3492,8.14202880859375
06916502606,apartment,4,8.7819,8.4464750289917
06916502649,apartment,4,8.46,8.425247192382812
06916502703,apartment,4,8.5092,8.236766815185547
06916502861,apartment,4,8.4417,8.295272827148438
06916502924,apartment,4,8.4338,8.285400390625
06916504005,apartment,4,8.4745,8.275798797607422
06916505044,apartment,4,8.5172,8.294949531555176
06916603135,apartment,4,8.3453,7.978612899780273
06916604174,apartment,4,8.7035,8.251558303833008
06916701307,apartment,4,7.4411,8.135904312133789
06916801336,apartment,4,8.1532,7.938531875610352
06916802863,apartment,4,8.167,8.009967803955078
06917500887,apartment,4,8.213,7.959421157836914
06917701955,apartment,4,8.7429,8.215099334716797
06919001764,apartment,4,8.4089,8.017690658569336
06920400901,apartment,4,8.3862,8.13966178894043
06920504790,apartment,4,7.7231,7.873373985290527
06920506432,apartment,4,8.5869,7.996190547943115
06920510596,apartment,4,8.5425,8.119363784790039
06920513005,apartment,4,8.6001,8.195277214050293
06920514427,apartment,4,8.3774,8.178780555725098
06920800764,apartment,4,8.0413,7.916012763977051
06921700674,apartment,4,7.6009,7.743503093719482
07000701129,apartment,4,8.1897,7.717440605163574
07001200956,apartment,4,7.9608,7.749232292175293
07002100777,apartment,4,7.8529,7.780819892883301
07003301199,apartment,4,8.1117,7.961919784545898
07003601435,apartment,4,7.6843,7.847772598266602
07003900378,apartment,4,8.3136,8.15368366241455
07003900386,apartment,4,8.2135,8.131715774536133
07004304272,apartment,4,8.4616,8.086424827575684
07004602117,apartment,4,8.4727,8.135177612304688
07004602176,apartment,4,8.4575,8.1241455078125
07004602230,apartment,4,8.4584,8.174753189086914
07004602265,apartment,4,8.4878,8.113203048706055
07004701271,apartment,4,7.9294,7.857309341430664
07004701913,apartment,4,8.1358,8.277798652648926
07007201288,apartment,4,8.0594,8.007017135620117
07008400888,apartment,4,8.8317,8.20932674407959
07008800861,apartment,4,8.5128,8.081033706665039
07009101469,apartment,4,8.1084,7.922588348388672
07009202729,apartment,4,8.1618,7.953064918518066
07009301913,apartment,4,8.1129,7.953132629394531
07010604711,apartment,4,8.0119,7.881199359893799
07011100954,apartment,4,8.7431,8.082452774047852
07011600736,apartment,4,8.7767,8.113668441772461
07011600991,apartment,4,8.6775,8.198622703552246
07013100552,apartment,4,8.5359,8.159873962402344
07013500887,apartment,4,8.7696,8.123226165771484
07014800566,apartment,4,8.2973,7.923139572143555
07014804464,apartment,4,7.7945,7.830714702606201
07014804545,apartment,4,8.1661,7.873621940612793
07015000873,apartment,4,8.5826,7.799983024597168
07015001561,apartment,4,8.2916,7.903463363647461
07015004496,apartment,4,8.0682,7.9156904220581055
07015006650,apartment,4,7.9353,7.850431442260742
07016102742,apartment,4,8.1315,7.892425537109375
07016104087,apartment,4,8.1467,7.883713245391846
07016110966,apartment,4,8.089,7.965737342834473
07016111563,apartment,4,8.2314,7.842377662658691
07016114066,apartment,4,7.9807,7.832170009613037
07016115615,apartment,4,8.4149,7.9588470458984375
07016119769,apartment,4,8.609,8.11272144317627
07016401367,apartment,4,8.4285,8.020539283752441
07016500993,apartment,4,8.1435,7.969709873199463
07016502236,apartment,4,7.8027,7.814967155456543
07016706672,apartment,4,7.7817,7.75214958190918
07016708829,apartment,4,8.1807,8.12228012084961
07017205881,apartment,4,8.3666,7.980987071990967
07017206428,apartment,4,8.5913,8.040562629699707
07017402502,apartment,4,7.754,7.800663948059082
07017603907,apartment,4,7.9807,7.892115116119385
07017604180,apartment,4,7.7666,7.76182746887207
07017605081,apartment,4,8.2884,8.14173698425293
07017605470,apartment,4,8.8049,8.139060020446777
07017800958,apartment,4,8.4081,8.081509590148926
07021901763,apartment,4,8.0554,7.78446626663208
07022303789,apartment,4,7.8089,7.705956935882568
07022304211,apartment,4,8.4289,7.951573371887207
07022304300,apartment,4,8.3349,7.949888229370117
07022304531,apartment,4,8.3245,7.9409918785095215
07022304971,apartment,4,7.744,7.9484782218933105
07022305080,apartment,4,8.1384,7.936880111694336
07023009167,apartment,4,8.0743,7.869935989379883
07023010671,apartment,4,8.1435,7.958380699157715
07023010785,apartment,4,8.1117,7.950292587280273
07023013067,apartment,4,8.6624,8.139005661010742
07023013202,apartment,4,8.7443,8.187740325927734
07029500504,apartment,4,8.3153,7.832981109619141
07029902262,apartment,4,7.9736,7.820584774017334
07030000439,apartment,4,8.0426,7.865730285644531
07030000811,apartment,4,8.0775,7.863711357116699
07030001461,apartment,4,8.045,7.889666557312012
07030100344,apartment,4,8.0317,7.7910261154174805
07030100611,apartment,4,8.1213,7.791333198547363
07030200683,apartment,4,7.7197,7.7857513427734375
07030400674,apartment,4,7.897,7.766044616699219
07030401001,apartment,4,7.4787,7.789315223693848
07030501063,apartment,4,7.9753,7.784414768218994
07030904370,apartment,4,8.1178,7.816482067108154
07030905105,apartment,4,8.0725,7.803074836730957
07030905385,apartment,4,8.2456,7.818357467651367
07032500366,apartment,4,8.4619,7.861782550811768
07032608329,apartment,4,8.5778,7.975250720977783
07032608566,apartment,4,8.548,7.973458290100098
07032609821,apartment,4,8.2453,8.012636184692383
07032611508,apartment,4,8.2409,8.011117935180664
07032611801,apartment,4,8.0716,8.018935203552246
07032612636,apartment,4,8.481,8.056938171386719
07032613128,apartment,4,8.6618,8.053391456604004
07032615392,apartment,4,8.6144,8.03209114074707
07032616356,apartment,4,7.8406,7.898585319519043
07033000146,apartment,4,8.3666,7.856076717376709
07036800186,apartment,4,7.8753,7.853498935699463
07037302279,apartment,4,8.7234,8.06944465637207
07039201003,apartment,4,7.7602,7.792343616485596
07041100219,apartment,4,8.1335,7.976569175720215
07041100375,apartment,4,8.1652,7.970379829406738
07041302008,apartment,4,8.5405,8.222600936889648
07041700712,apartment,4,7.8911,7.800180435180664
07041901572,apartment,4,8.2721,7.867803573608398
07103701679,apartment,4,7.8025,7.771815299987793
07105203102,apartment,4,7.934,7.84030294418335
07105203781,apartment,4,7.9749,7.835703372955322
07105204532,apartment,4,7.8823,8.007497787475586
07106001511,apartment,4,7.8539,7.802730560302734
07106002240,apartment,4,7.6833,7.802241802215576
07106002372,apartment,4,7.5157,7.80424165725708
07106002798,apartment,4,7.8322,7.803955078125
07106301574,apartment,4,7.6323,7.7094621658325195
07106403741,apartment,4,8.8457,8.010528564453125
07106404926,apartment,4,8.2479,7.992691993713379
07106405711,apartment,4,8.3994,8.036636352539062
07106405868,apartment,4,8.4821,8.116827011108398
07108301350,apartment,4,7.3306,8.119340896606445
07108301393,apartment,4,8.253,8.15359878540039
07108305641,apartment,4,7.9406,7.943551540374756
07108306123,apartment,4,7.8998,7.945590972900391
07108306441,apartment,4,8.0529,7.886846542358398
07108402203,apartment,4,7.8063,7.853334426879883
07110700879,apartment,4,7.9014,7.96243953704834
07112200415,apartment,4,7.7517,7.784099578857422
07113000703,apartment,4,7.8982,7.831101417541504
07113001432,apartment,4,7.7872,7.821351051330566
07114001347,apartment,4,8.0064,7.891937255859375
07114001460,apartment,4,7.8468,7.900933742523193
07114301081,apartment,4,8.3665,8.02857780456543
07114402236,apartment,4,7.902,7.854622840881348
07114403860,apartment,4,7.6857,7.763257026672363
07118803359,apartment,4,7.7848,7.861628532409668
07118803601,apartment,4,8.0923,7.862159729003906
07118803987,apartment,4,8.1507,7.911311149597168
07118806501,apartment,4,8.0192,7.773767948150635
07118807001,apartment,4,8.0894,7.774055480957031
07118807273,apartment,4,7.9239,7.775686264038086
07118807362,apartment,4,8.4545,7.775686264038086
07118807524,apartment,4,8.2954,7.771389007568359
07118809985,apartment,4,7.902,7.869392395019531
07121101191,apartment,4,8.0604,7.880762100219727
07121101564,apartment,4,8.2515,7.8826727867126465
07121101637,apartment,4,8.2696,7.886895179748535
07122002888,apartment,4,8.4514,8.11390495300293
07131004472,apartment,4,7.9971,7.798524856567383
07133901439,apartment,4,8.6507,8.13496208190918
07133902117,apartment,4,8.7218,8.09759521484375
07133902710,apartment,4,8.6837,8.07049560546875
07133903407,apartment,4,8.4281,8.096378326416016
07133904101,apartment,4,8.6546,8.099004745483398
07136002370,apartment,4,8.1775,7.995831489562988
07136003075,apartment,4,8.3253,7.993741989135742
07136807867,apartment,4,8.0225,7.906843185424805
07136812461,apartment,4,8.6713,8.144448280334473
07136814286,apartment,4,8.3025,8.019721031188965
07136817994,apartment,4,8.2861,8.066451072692871
07136821495,apartment,4,8.0219,8.163227081298828
07136821533,apartment,4,8.548,8.170949935913086
07136822130,apartment,4,8.7086,8.163227081298828
07136823838,apartment,4,8.5388,8.240930557250977
07136825954,apartment,4,8.4776,8.229157447814941
07136826578,apartment,4,8.3391,8.240253448486328
07136900921,apartment,4,8.0141,7.84770393371582
07137401244,apartment,4,8.1328,7.815564155578613
07137600875,apartment,4,8.3336,8.001569747924805
07137603580,apartment,4,8.0754,7.8857622146606445
07137604005,apartment,4,7.7877,7.883244514465332
07141601457,apartment,4,8.1588,7.894156455993652
07141604065,apartment,4,7.4405,8.104574203491211
07141604261,apartment,4,8.9905,8.104574203491211
07141605592,apartment,4,8.7082,8.136096954345703
07141803610,apartment,4,7.6671,7.9640631675720215
07142000880,apartment,4,7.8649,7.949122428894043
07142300280,apartment,4,8.0106,7.939233779907227
07142300426,apartment,4,8.4427,7.939725875854492
07142500638,apartment,4,7.9194,7.884336471557617
07143104698,apartment,4,7.8366,8.003737449645996
07143106674,apartment,4,8.0932,8.004127502441406
07143110711,apartment,4,8.0702,7.8949995040893555
07143110922,apartment,4,8.1512,7.93690299987793
07143111368,apartment,4,8.2861,7.938153266906738
07143111856,apartment,4,8.4345,7.936631679534912
07143113921,apartment,4,8.363,7.946056365966797
07143114197,apartment,4,8.5329,7.957056045532227
07143114881,apartment,4,8.5847,7.978145122528076
07143116157,apartment,4,8.2861,7.957056045532227
07143117935,apartment,4,8.3253,7.937612056732178
07143120480,apartment,4,8.3444,7.942943096160889
07143122191,apartment,4,8.3444,7.940140724182129
07143122653,apartment,4,8.3444,7.936665058135986
07143125105,apartment,4,8.5484,7.93682861328125
07143200913,apartment,4,8.1866,7.812825679779053
07143203920,apartment,4,8.4773,7.918327331542969
07143500585,apartment,4,8.0598,7.949827194213867
07143601187,apartment,4,8.1851,7.937744617462158
07143601217,apartment,4,8.1225,7.937823295593262
07143700363,apartment,4,8.2421,7.9393463134765625
07143802123,apartment,4,7.9964,8.139717102050781
07143802565,apartment,4,8.4454,8.13821792602539
07143802964,apartment,4,7.9796,8.139717102050781
07143802972,apartment,4,8.0765,8.135799407958984
07143802980,apartment,4,8.0765,8.13337230682373
07143803138,apartment,4,8.0195,8.141407012939453
07144001620,apartment,4,8.1003,8.135759353637695
07144001681,apartment,4,7.9552,8.099604606628418
07144001744,apartment,4,7.9875,8.104082107543945
07144004379,apartment,4,8.3349,8.22387409210205
07144008617,apartment,4,7.9552,8.22834587097168
07144009591,apartment,4,8.1147,8.226787567138672
07144012096,apartment,4,8.3994,8.2199068069458
07144200781,apartment,4,8.3576,8.212260246276855
07144202111,apartment,4,8.4494,8.209396362304688
07144202707,apartment,4,8.5172,8.211990356445312
07144300415,apartment,4,7.9168,7.874229907989502
07145002183,apartment,4,8.2777,8.124580383300781
07145002396,apartment,4,8.2509,8.118915557861328
07145101408,apartment,4,8.2421,8.117812156677246
07146403262,apartment,4,7.902,7.859713077545166
07146406921,apartment,4,8.2035,7.902966499328613
07146410544,apartment,4,7.8195,7.8408637046813965
07146414493,apartment,4,8.3729,8.288846015930176
07146415627,apartment,4,8.7531,8.309459686279297
07146600807,apartment,4,8.1025,7.909116268157959
07146601366,apartment,4,7.7733,7.861805438995361
07146602419,apartment,4,7.7461,7.775373458862305
07149103057,apartment,4,7.7576,7.812516212463379
07150100635,apartment,4,7.3858,7.966864585876465
07150200397,apartment,4,8.2118,7.91846227645874
07150200613,apartment,4,8.2538,7.926041603088379
07150200801,apartment,4,8.0905,7.9262237548828125
07150300413,apartment,4,7.9225,7.839202404022217
07150700764,apartment,4,8.4574,8.191410064697266
07150700901,apartment,4,8.2548,8.169145584106445
07150702198,apartment,4,8.4954,8.18460464477539
07150702661,apartment,4,8.5017,8.18460464477539
07151201631,apartment,4,8.5685,7.9945149421691895
07151201877,apartment,4,8.4219,7.99581241607666
07151803028,apartment,4,8.0227,8.142801284790039
07151804768,apartment,4,8.4192,8.177568435668945
07151805764,apartment,4,8.0747,8.176385879516602
07151805918,apartment,4,8.4518,8.180359840393066
07151807252,apartment,4,8.4077,8.193391799926758
07151807295,apartment,4,8.4219,8.191781997680664
07152000816,apartment,4,8.3837,8.34402847290039
07152201171,apartment,4,7.9034,7.767229080200195
07200801542,apartment,4,7.8659,8.091119766235352
07202201186,apartment,4,8.4475,8.129941940307617
07202304864,apartment,4,8.2316,7.928493499755859
07202305534,apartment,4,8.357,8.009378433227539
07202504774,apartment,4,8.9227,8.250955581665039
07203800652,apartment,4,8.8521,8.22946834564209
07203800881,apartment,4,8.2986,8.228921890258789
07203801012,apartment,4,9.1722,8.228731155395508
07203801098,apartment,4,8.7721,8.230459213256836
07203801136,apartment,4,8.4312,8.228832244873047
07203901491,apartment,4,8.2964,7.959641933441162
07203901874,apartment,4,8.2964,7.955361366271973
07204705343,apartment,4,8.7502,8.112441062927246
07204802632,apartment,4,8.2712,8.017416954040527
07205102189,apartment,4,7.8713,7.862691879272461
07205201462,apartment,4,8.1213,7.9464287757873535
07205204127,apartment,4,8.1311,7.89976692199707
07205208548,apartment,4,8.9613,8.108930587768555
07205302005,apartment,4,8.8581,8.181068420410156
07205302102,apartment,4,8.8503,8.181000709533691
07205400848,apartment,4,8.3439,7.840431213378906
07205402409,apartment,4,8.2712,7.706749439239502
07205501059,apartment,4,8.3804,8.179688453674316
07205602882,apartment,4,8.645,8.1370849609375
07206403425,apartment,4,8.0431,8.006019592285156
07206404669,apartment,4,8.0096,7.965305328369141
07206404723,apartment,4,7.966,7.9317145347595215
07206405381,apartment,4,8.0232,7.9377217292785645
07206405398,apartment,4,8.4151,7.964007377624512
07206405827,apartment,4,8.136,7.829736709594727
07206412671,apartment,4,8.4323,8.119110107421875
07206413757,apartment,4,8.589,8.13866138458252
07206416527,apartment,4,8.4462,8.287834167480469
07206416616,apartment,4,8.4314,8.291217803955078
07206601111,apartment,4,8.4159,7.868802070617676
07206802516,apartment,4,8.2489,7.908751487731934
07206803547,apartment,4,8.4402,8.13630199432373
07206804632,apartment,4,9.2827,8.150379180908203
07206804756,apartment,4,9.234,8.144872665405273
07206805159,apartment,4,8.8919,8.281986236572266
07206805711,apartment,4,8.8139,8.285196304321289
07206805779,apartment,4,8.8112,8.281412124633789
07207001363,apartment,4,8.4356,8.067922592163086
07207101465,apartment,4,8.3127,7.9162797927856445
07207101521,apartment,4,7.9481,7.912708282470703
07207102828,apartment,4,8.1132,7.877006530761719
07207104502,apartment,4,8.2521,7.78717041015625
07207104723,apartment,4,8.7388,7.98725700378418
07207201801,apartment,4,8.323,7.8434648513793945
07207201826,apartment,4,8.1689,7.847113609313965
07207302071,apartment,4,8.6553,8.062921524047852
07207303361,apartment,4,9.6433,8.006598472595215
07208701148,apartment,4,8.2816,7.7538652420043945
07208801835,apartment,4,8.3021,7.845088005065918
07209002766,apartment,4,8.1479,7.847028732299805
07209003762,apartment,4,8.5395,8.174449920654297
07210201513,apartment,4,8.1605,7.982769012451172
07210201815,apartment,4,8.5768,7.98300313949585
07210403841,apartment,4,7.8692,7.74855899810791
07210801987,apartment,4,8.4032,8.093358993530273
07210802029,apartment,4,8.2677,8.039325714111328
07210803149,apartment,4,8.4584,7.939706325531006
07210806679,apartment,4,7.8058,7.724583625793457
07210902287,apartment,4,8.3389,7.977486610412598
07211104139,apartment,4,9.1394,8.296614646911621
07211104831,apartment,4,8.5139,8.29463005065918
07211401621,apartment,4,8.5023,8.060867309570312
07211403667,apartment,4,8.7212,8.30473518371582
07211403691,apartment,4,8.6094,8.421625137329102
07211403780,apartment,4,8.6944,8.3060302734375
07211903491,apartment,4,8.6226,8.214568138122559
07212201235,apartment,4,8.2708,8.005608558654785
07212205567,apartment,4,8.8849,8.189739227294922
07212702323,apartment,4,8.8739,8.261165618896484
07212702641,apartment,4,8.6603,8.267979621887207
07212802344,apartment,4,8.4578,7.809295654296875
07212803189,apartment,4,8.1944,7.993178367614746
07212807532,apartment,4,8.7215,8.19308853149414
07212808350,apartment,4,8.5954,8.192476272583008
07212901881,apartment,4,8.5392,8.20100212097168
07212902391,apartment,4,8.5172,8.146644592285156
07212902462,apartment,4,8.1342,7.992960453033447
07212904503,apartment,4,7.7753,7.834283351898193
07212904716,apartment,4,8.3214,7.978120803833008
07212912743,apartment,4,8.4925,7.898777008056641
07212914258,apartment,4,8.6411,8.141736030578613
07212914746,apartment,4,8.351,8.092941284179688
07213001973,apartment,4,7.9999,7.9655890464782715
07213002279,apartment,4,7.8982,7.96237325668335
07213003194,apartment,4,8.5385,7.954151153564453
07213202669,apartment,4,7.9594,7.907170295715332
07213205366,apartment,4,8.5889,8.034804344177246
07213205854,apartment,4,7.8174,8.16171646118164
07213603698,apartment,4,8.0186,7.9051713943481445
07214702576,apartment,4,8.1319,7.8467864990234375
07216802683,apartment,4,8.3705,8.036048889160156
07216804252,apartment,4,8.7197,8.356998443603516
07216804619,apartment,4,8.1601,8.255715370178223
07216806182,apartment,4,8.5145,8.257648468017578
07216806670,apartment,4,8.7657,8.432642936706543
07217803421,apartment,4,8.254,7.9949774742126465
07218502954,apartment,4,8.2267,7.953868865966797
07218504329,apartment,4,8.8521,7.947393417358398
07218802801,apartment,4,8.2884,7.914480209350586
07218803237,apartment,4,8.4161,7.950709819793701
07218805949,apartment,4,8.1135,7.847548007965088
07218806341,apartment,4,8.2396,8.063577651977539
07220702566,apartment,4,8.9924,8.090584754943848
07222403612,apartment,4,7.9812,7.8966522216796875
07222803742,apartment,4,8.8468,8.125986099243164
07300100961,apartment,4,8.1706,7.909444808959961
07300501419,apartment,4,8.9403,8.078248023986816
07300704042,apartment,4,8.4286,7.845248222351074
07300704247,apartment,4,8.3004,7.845248222351074
07301004176,apartment,4,8.8739,8.318044662475586
07301004796,apartment,4,8.4779,8.446283340454102
07301006071,apartment,4,8.8105,8.394905090332031
07301800835,apartment,4,8.5172,8.256332397460938
07301802234,apartment,4,7.9941,8.142398834228516
07301802277,apartment,4,8.2358,8.171417236328125
07301802897,apartment,4,8.8967,8.19310188293457
07301904711,apartment,4,8.8919,8.391887664794922
07302001685,apartment,4,8.6013,7.913803577423096
07302102295,apartment,4,8.2499,8.049175262451172
07302204446,apartment,4,8.3672,8.00484561920166
07302207801,apartment,4,8.4167,8.026567459106445
07302208107,apartment,4,8.348,8.025306701660156
07303501096,apartment,4,8.3699,8.104267120361328
07304602147,apartment,4,8.0554,7.925702095031738
07304602309,apartment,4,8.0109,7.927948951721191
07305100692,apartment,4,7.9964,8.02180290222168
07305401374,apartment,4,7.8417,8.039693832397461
07305801119,apartment,4,8.3462,8.06138801574707
07315600353,apartment,4,8.4592,8.360071182250977
07315600612,apartment,4,8.7855,8.513442039489746
07315600833,apartment,4,8.474,8.362493515014648
07316101164,apartment,4,8.333,8.154088973999023
07316102446,apartment,4,8.4684,8.147417068481445
07325600976,apartment,4,8.1526,8.237164497375488
07326604223,apartment,4,8.5117,7.829920768737793
07326613303,apartment,4,8.3525,7.955735683441162
07326613354,apartment,4,8.2523,7.9531145095825195
07326613400,apartment,4,8.3023,7.953482627868652
07326709890,apartment,4,8.4776,7.917022705078125
07329700568,apartment,0,8.7659,8.405853271484375
07404304512,apartment,7,8.4157,8.480587005615234
07407603766,apartment,7,8.5172,8.266278266906738
07407604576,apartment,7,8.5364,8.392638206481934
07408903615,apartment,7,8.6938,8.479212760925293
07420500274,apartment,7,8.207,8.55537223815918
07421202048,apartment,7,7.737,8.434677124023438
07421300422,apartment,7,8.8854,8.60689926147461
07421300481,apartment,7,8.6144,8.611689567565918
07421301003,apartment,7,8.6216,8.453685760498047
07421301348,apartment,7,8.3215,8.438214302062988
07421301801,apartment,7,8.4764,8.451119422912598
07421400990,apartment,7,8.8379,8.482176780700684
07422001275,apartment,7,8.4589,8.603534698486328
07422001331,apartment,7,8.4286,8.556997299194336
07422102160,apartment,7,8.3837,8.42976188659668
07422102322,apartment,7,8.167,8.422019958496094
07422103183,apartment,7,8.629,8.488775253295898
07422103361,apartment,7,8.3666,8.489259719848633
07422103892,apartment,7,8.4727,8.47642707824707
07422104457,apartment,7,8.1117,8.482492446899414
07422104902,apartment,7,8.4858,8.469209671020508
07437801248,apartment,7,8.4118,8.581253051757812
07437803143,apartment,7,8.2548,8.621400833129883
07502803300,apartment,7,8.0652,7.917850017547607
07502804005,apartment,7,7.9391,8.176353454589844
07502804099,apartment,7,7.9506,8.155680656433105
07503900989,apartment,4,8.558,8.395042419433594
07504500879,apartment,4,8.7156,8.572856903076172
07504500992,apartment,4,8.668,8.553865432739258
07509000841,apartment,4,8.6024,8.559001922607422
07509000866,apartment,4,8.633,8.563525199890137
07509000955,apartment,4,8.633,8.563525199890137
07510101948,apartment,4,8.0789,8.046281814575195
07510501512,apartment,4,8.4287,8.322977066040039
07510700711,apartment,4,8.5094,8.211341857910156
07510700779,apartment,4,8.7136,8.211341857910156
07510701503,apartment,4,8.6813,8.211838722229004
07510801273,apartment,4,8.7721,8.296844482421875
07510802202,apartment,4,8.7667,8.290294647216797
07510903084,apartment,4,9.28,8.310680389404297
07510903475,apartment,4,9.0708,8.301040649414062
07511101275,apartment,4,8.9719,8.315943717956543
07511101992,apartment,4,9.0409,8.241318702697754
07518000768,apartment,7,8.566,8.283557891845703
07521702352,apartment,4,8.4785,8.479449272155762
07521702611,apartment,4,8.9029,8.660849571228027
07524003234,apartment,7,7.9828,8.533016204833984
07524005131,apartment,7,8.4014,8.453519821166992
07525405387,apartment,4,8.6353,8.369997024536133
07525405395,apartment,4,8.5801,8.363385200500488
07530501089,apartment,4,8.3997,8.20556354522705
07530501283,apartment,4,8.4239,8.214054107666016
07534101271,apartment,7,7.8863,8.172074317932129
07534101816,apartment,7,8.2623,8.176589012145996
07534104203,apartment,7,8.1425,8.17506217956543
07534203201,apartment,7,8.1665,8.164382934570312
07534203945,apartment,7,8.3816,8.171382904052734
07534207347,apartment,7,8.2489,8.4212646484375
07534207460,apartment,7,8.1281,8.422014236450195
07534207495,apartment,7,8.2177,8.420186042785645
07534404207,apartment,7,8.1117,8.053966522216797
07534404551,apartment,7,8.137,8.078859329223633
07535000452,apartment,4,8.0943,8.104658126831055
07535403646,apartment,7,7.543,8.126677513122559
07535406386,apartment,7,7.9847,8.286642074584961
07535902121,apartment,4,8.0496,8.21468734741211
07600502429,apartment,7,8.1766,8.243980407714844
07600600803,apartment,7,8.4293,8.56191635131836
07600905345,apartment,7,8.4102,8.561959266662598
07601201651,apartment,7,8.3837,8.592411994934082
07602403991,apartment,7,8.5817,8.412073135375977
07602405471,apartment,7,8.5567,8.407864570617676
07604202535,apartment,7,8.4663,8.459110260009766
07604203108,apartment,7,8.4704,8.467745780944824
07604900275,apartment,7,8.3716,8.615133285522461
07604900615,apartment,7,8.4684,8.616432189941406
07606001855,apartment,4,7.8139,7.892115116119385
07606700885,apartment,4,7.9964,7.9437575340271
07607800646,apartment,7,7.9,8.389686584472656
07607800867,apartment,7,8.0725,8.417070388793945
07608300280,apartment,7,8.4784,8.462443351745605
07608301392,apartment,7,8.4379,8.460542678833008
07608302895,apartment,7,8.15,8.464978218078613
07611002181,apartment,4,7.9442,7.942200660705566
07611002260,apartment,4,8.1636,7.9370317459106445
07611103121,apartment,4,7.6541,7.9059319496154785
07611901613,apartment,7,8.566,8.167774200439453
07612001195,apartment,7,8.2236,8.327688217163086
07615503388,apartment,4,7.9394,8.133086204528809
07616301649,apartment,7,7.9602,8.408299446105957
07616301673,apartment,7,8.0133,8.405524253845215
07617805896,apartment,7,8.8255,8.851448059082031
07618203822,apartment,7,8.2711,8.519298553466797
07618204977,apartment,7,8.4798,8.541509628295898
07618301336,apartment,7,8.5907,8.442681312561035
07618301808,apartment,7,8.3712,8.473913192749023
07618602311,apartment,7,8.4446,8.45753002166748
07618602549,apartment,7,8.254,8.446586608886719
07618700591,apartment,7,8.294,8.486438751220703
07618700656,apartment,7,8.294,8.490775108337402
07629003625,apartment,7,8.193,8.269710540771484
07630200595,apartment,7,8.1281,8.398872375488281
07630200773,apartment,7,8.2323,8.409246444702148
07630201389,apartment,7,8.1402,8.399367332458496
07630202083,apartment,7,8.0567,8.507051467895508
07632802177,apartment,7,8.0691,8.279607772827148
07634500283,apartment,7,8.0882,8.044697761535645
07637701638,apartment,7,8.2808,8.494941711425781
07640400198,apartment,7,8.0702,8.011884689331055
07640400872,apartment,7,7.8917,8.013331413269043
07646302074,apartment,7,8.5034,8.262796401977539
07646303828,apartment,7,8.1247,8.258661270141602
07651302478,apartment,7,8.1526,8.3001708984375
07673600838,apartment,7,8.0534,8.348544120788574
07673601249,apartment,7,8.0368,8.360257148742676
07676104122,apartment,4,8.3816,8.092804908752441
07676105889,apartment,4,8.3856,8.07544231414795
07676105986,apartment,4,7.8852,8.07631778717041
07677404847,apartment,4,8.0766,8.031578063964844
07677405126,apartment,4,8.1117,8.038402557373047
07677405169,apartment,4,8.2257,8.038402557373047
07677405207,apartment,4,8.2102,8.032316207885742
07677405657,apartment,4,7.8242,8.033502578735352
07677406076,apartment,4,8.1622,8.032585144042969
07677600905,apartment,7,8.0219,8.204347610473633
07677800904,apartment,7,7.9844,8.334188461303711
07677801250,apartment,7,8.0208,8.335049629211426
07700103100,apartment,7,8.537,8.66274356842041
07700103607,apartment,7,8.4001,8.692441940307617
07700111693,apartment,7,8.5212,8.708550453186035
07700111766,apartment,7,8.6125,8.706579208374023
07701400664,apartment,7,8.2459,8.409563064575195
07701600728,apartment,7,7.6795,8.229482650756836
07701600817,apartment,7,7.8336,8.229490280151367
07703001430,apartment,7,8.2667,8.511302947998047
07703801666,apartment,7,8.0721,8.289641380310059
07704501453,apartment,7,8.2245,8.391045570373535
07705801736,apartment,7,7.8813,8.571165084838867
07707302540,apartment,7,8.2118,8.303340911865234
07711601395,apartment,7,7.8141,8.31435489654541
07713900756,apartment,7,8.3179,8.620831489562988
07725401997,apartment,7,8.3903,8.789387702941895
07730602776,apartment,7,8.4291,8.481739044189453
07730602814,apartment,7,8.2172,8.489508628845215
07730603799,apartment,7,8.2172,8.501267433166504
07737202668,apartment,7,7.6355,8.371252059936523
07737204687,apartment,7,7.3174,8.589887619018555
07747100639,apartment,7,8.3374,8.391836166381836
07749300937,apartment,7,7.4913,8.294624328613281
07749301917,apartment,7,8.5523,8.548310279846191
07801200780,apartment,7,8.0403,8.20751953125
07802400491,apartment,7,8.0035,8.17346477508545
07803701736,apartment,7,8.0064,8.275789260864258
07803701736,apartment,7,8.1017,8.274109840393066
07803701744,apartment,7,7.9445,8.276800155639648
07804707789,apartment,7,8.4029,8.352031707763672
07804708157,apartment,7,8.5977,8.356647491455078
07807001275,apartment,7,8.2013,8.297182083129883
07807001712,apartment,7,8.4959,8.294845581054688
07809201867,apartment,7,8.5267,8.339218139648438
07809301551,apartment,7,8.0064,8.17512035369873
07809301926,apartment,7,7.4904,8.176342010498047
07822800698,apartment,7,8.7387,8.440812110900879
07822803220,apartment,7,8.58,8.417154312133789
07822804383,apartment,7,8.6305,8.440812110900879
07823000611,apartment,7,7.4487,8.163784980773926
07823900637,apartment,7,7.9374,8.277259826660156
07824900819,apartment,7,8.1893,8.444279670715332
07826800986,apartment,7,8.9782,8.438370704650879
07826803179,apartment,7,8.9002,8.441781997680664
07828201265,apartment,7,7.8812,8.086770057678223
07834102427,apartment,7,8.4498,8.643260955810547
07834102761,apartment,7,8.2899,8.716211318969727
07835101149,apartment,7,8.4212,8.51031494140625
07835105063,apartment,7,8.2263,8.34002685546875
07835105497,apartment,7,8.1591,8.341283798217773
07835106541,apartment,7,8.1591,8.33946704864502
07835106914,apartment,7,8.4258,8.344605445861816
07835107023,apartment,7,7.9768,8.340465545654297
07835107449,apartment,7,8.1196,8.370692253112793
07835107821,apartment,7,8.1557,8.356111526489258
07835118191,apartment,7,8.0864,8.310702323913574
07835118335,apartment,7,8.2295,8.308527946472168
07835121875,apartment,7,8.1605,8.388538360595703
07835122332,apartment,7,8.3561,8.46092414855957
07835123452,apartment,7,8.2532,8.4656982421875
07835123924,apartment,7,8.294,8.467133522033691
07835123959,apartment,7,8.294,8.465353965759277
07835125171,apartment,7,8.3768,8.524568557739258
07835126052,apartment,7,8.4764,8.507018089294434
07835127008,apartment,7,8.4425,8.503742218017578
07835127601,apartment,7,8.2159,8.524794578552246
07835128896,apartment,7,8.4425,8.520597457885742
07837101138,apartment,7,8.2489,8.280601501464844
07837102703,apartment,7,8.2316,8.200677871704102
07837104791,apartment,7,8.4611,8.496794700622559
07837105117,apartment,7,8.5208,8.504508972167969
07837107888,apartment,7,8.5913,8.49866771697998
07837110471,apartment,7,7.6449,8.427545547485352
07837110587,apartment,7,7.6429,8.424430847167969
07837111087,apartment,7,8.4132,8.434133529663086
07837112611,apartment,7,8.2659,8.46697998046875
07837112725,apartment,7,8.4241,8.466559410095215
07837112806,apartment,7,8.4594,8.467314720153809
07837113063,apartment,7,8.3741,8.468091011047363
07837113731,apartment,7,8.1355,8.46695327758789
07837113731,apartment,7,8.3724,8.468391418457031
07837114000,apartment,7,8.398,8.465507507324219
07837114231,apartment,7,8.5284,8.46695327758789
07837114981,apartment,7,8.0952,8.544658660888672
07840102352,apartment,7,8.0362,8.177461624145508
07841201907,apartment,7,8.4752,8.21822452545166
07841203667,apartment,7,7.9156,8.231476783752441
07841205279,apartment,7,8.4742,8.314654350280762
07841601565,apartment,7,7.9276,8.146617889404297
07841602014,apartment,7,7.8494,8.118522644042969
07841602189,apartment,7,7.744,8.118522644042969
07844101245,apartment,7,8.2548,8.353294372558594
07844200243,apartment,7,7.9646,8.524805068969727
07844200901,apartment,7,8.7364,8.518077850341797
07844200987,apartment,7,8.6962,8.515106201171875
07844200995,apartment,7,8.5473,8.525914192199707
07844201355,apartment,7,8.3786,8.526758193969727
07844202645,apartment,7,8.6595,8.513716697692871
07844304170,apartment,7,8.3172,8.507457733154297
07849300408,apartment,7,8.4599,8.377799987792969
07849300785,apartment,7,8.4538,8.372183799743652
07851901235,apartment,7,8.287,8.276260375976562
07851901960,apartment,7,8.6359,8.625224113464355
07851902886,apartment,7,8.7369,8.596561431884766
07851903361,apartment,7,8.6867,8.478255271911621
07851903505,apartment,7,8.4938,8.46110725402832
07851903599,apartment,7,8.737,8.475296974182129
07851904331,apartment,7,8.7009,8.49793529510498
07851904390,apartment,7,8.5435,8.463993072509766
07851904439,apartment,7,8.5454,8.474266052246094
07851904498,apartment,7,8.732,8.49907398223877
07851904870,apartment,7,8.76,8.42527961730957
07851905168,apartment,7,8.7707,8.423205375671387
07851905710,apartment,7,8.8412,8.412705421447754
07851905737,apartment,7,8.6747,8.477167129516602
07852001076,apartment,7,8.4181,8.291524887084961
07852001580,apartment,7,8.4489,8.293098449707031
07852801986,apartment,7,7.8712,8.302164077758789
07852808050,apartment,7,8.145,8.22384262084961
07852900534,apartment,7,7.8964,8.567815780639648
07852902774,apartment,7,8.2884,8.553325653076172
07852904300,apartment,7,8.2998,8.585675239562988
07852906702,apartment,7,8.183,8.571715354919434
07852907962,apartment,7,8.3052,8.5787935256958
07852910041,apartment,7,8.4737,8.576560974121094
07852913008,apartment,7,8.2515,8.582908630371094
07852913156,apartment,7,8.1342,8.586971282958984
07852913271,apartment,7,8.2884,8.578725814819336
07852915965,apartment,7,7.6667,8.584688186645508
07852917658,apartment,7,8.0766,8.581953048706055
07852919588,apartment,7,7.7113,8.581953048706055
07853001037,apartment,7,8.0905,8.55821418762207
07853001101,apartment,7,8.117,8.558307647705078
07853002386,apartment,7,7.6628,8.555389404296875
07853004011,apartment,7,8.0742,8.591480255126953
07853004869,apartment,7,8.0789,8.592107772827148
07853009836,apartment,7,8.1506,8.607160568237305
07853010257,apartment,7,7.7389,8.606514930725098
07853010982,apartment,7,8.153,8.60880184173584
07853100711,apartment,7,7.4877,8.582164764404297
07853109644,apartment,7,8.1117,8.628137588500977
07853111460,apartment,7,8.2332,8.63510513305664
07853112793,apartment,7,8.3612,8.676555633544922
07853114291,apartment,7,7.7052,8.68130111694336
07853116111,apartment,7,7.8245,8.654163360595703
07853119380,apartment,7,8.0682,8.600686073303223
07853201109,apartment,7,8.2824,8.560932159423828
07853203391,apartment,7,8.2334,8.556804656982422
07853204264,apartment,7,8.3395,8.55551815032959
07853206038,apartment,7,8.1445,8.550741195678711
07853207891,apartment,7,8.2332,8.555150985717773
07853208065,apartment,7,8.2182,8.54935073852539
07853208863,apartment,7,8.3752,8.534980773925781
07853211058,apartment,7,8.263,8.524625778198242
07853211538,apartment,7,8.408,8.524147987365723
07853212682,apartment,7,7.9391,8.587656021118164
07853213018,apartment,7,8.323,8.594488143920898
07853213281,apartment,7,7.6424,8.588371276855469
07853216726,apartment,7,8.1225,8.601358413696289
07853217064,apartment,7,7.6542,8.61808967590332
07853221282,apartment,7,8.179,8.615764617919922
07913300639,apartment,7,8.6258,8.41105842590332
07917103617,apartment,7,8.0529,8.329825401306152
07917103900,apartment,7,8.1673,8.331298828125
07917400638,apartment,7,7.9194,8.275365829467773
07917400964,apartment,7,8.0472,8.272302627563477
07917401669,apartment,7,8.0304,8.270641326904297
07917402916,apartment,7,7.8649,8.265216827392578
07920100569,apartment,7,8.0208,8.149736404418945
07920200792,apartment,7,8.4141,8.477380752563477
07920200954,apartment,7,8.4902,8.484881401062012
07927503170,apartment,8,8.2453,8.12656021118164
07927504258,apartment,8,8.1807,8.1281156539917
07927506358,apartment,8,8.3994,8.027377128601074
07939601555,apartment,7,8.397,8.524998664855957
07939604988,apartment,7,7.872,8.510476112365723
07966901394,apartment,8,8.0525,8.008766174316406
07966901491,apartment,8,8.1007,7.998579978942871
07966901602,apartment,8,8.4571,7.978525638580322
07966906507,apartment,8,8.5072,8.262982368469238
07974502223,apartment,7,8.0672,8.252490997314453
07974503841,apartment,7,8.1117,8.225247383117676
07974505524,apartment,7,8.1117,8.235368728637695
07974506253,apartment,7,7.8528,8.23934555053711
07974509899,apartment,7,7.8528,8.291513442993164
07974510021,apartment,7,7.8528,8.288263320922852
08000301881,apartment,7,8.5409,8.331879615783691
08000301891,apartment,7,8.4988,8.356897354125977
08000301989,apartment,7,8.2967,8.445377349853516
08000401606,apartment,7,8.6823,8.393033027648926
08001301583,apartment,7,8.6678,8.495355606079102
08001301842,apartment,7,8.7659,8.753170013427734
08001302245,apartment,7,8.8691,8.770358085632324
08001901221,apartment,7,8.5947,8.553163528442383
08001903028,apartment,7,8.6755,8.575756072998047
08001903451,apartment,7,8.6398,8.571928024291992
08003701201,apartment,7,8.442,8.373482704162598
08004501265,apartment,7,9.0662,8.528554916381836
08004501303,apartment,7,9.0926,8.529518127441406
08004501419,apartment,7,8.7948,8.527297019958496
08004702651,apartment,7,8.4167,8.325239181518555
08004704001,apartment,7,8.9227,8.49258041381836
08004704387,apartment,7,9.103,8.486724853515625
08004901001,apartment,7,8.6529,8.289175033569336
08004904701,apartment,7,8.4988,8.286879539489746
08006202095,apartment,7,8.4947,8.629775047302246
08006500940,apartment,7,8.2118,8.325538635253906
08009105465,apartment,7,8.6405,8.280306816101074
08009108138,apartment,7,8.9976,8.450628280639648
08009108286,apartment,7,8.9599,8.456197738647461
08009306029,apartment,7,8.6225,8.31509017944336
08009309710,apartment,7,8.6485,8.33071517944336
08009309990,apartment,7,8.8686,8.326047897338867
08009312746,apartment,7,8.4591,8.349525451660156
08009401781,apartment,7,8.7093,8.41600227355957
08009401803,apartment,7,8.5648,8.452436447143555
08010703419,apartment,7,8.9154,8.677584648132324
08010703540,apartment,7,8.8627,8.667658805847168
08010802506,apartment,7,8.6759,8.585424423217773
08011003178,apartment,7,8.645,8.47128677368164
08011201867,apartment,7,9.2103,8.38614273071289
08011202014,apartment,7,8.6603,8.906160354614258
08011302906,apartment,7,8.5967,8.404180526733398
08011303384,apartment,7,8.7742,8.42325210571289
08011403214,apartment,7,8.9227,8.557427406311035
08011503571,apartment,7,8.6436,8.542461395263672
08011504258,apartment,7,8.8228,8.551114082336426
08011601954,apartment,7,8.994,8.70690631866455
08012001497,apartment,7,8.3453,8.317879676818848
08012201216,apartment,7,8.4746,8.534826278686523
08012201232,apartment,7,8.46,8.538983345031738
08012201267,apartment,7,8.4746,8.544106483459473
08012201283,apartment,7,8.531,8.544106483459473
08012301636,apartment,7,8.6252,8.368328094482422
08012303833,apartment,7,8.402,8.471397399902344
08012803542,apartment,7,9.2493,8.611187934875488
08012901234,apartment,7,8.5172,8.425281524658203
08012901323,apartment,7,9.1476,8.78561019897461
08012901341,apartment,7,8.9776,8.769664764404297
08012901439,apartment,7,9.0093,8.76995849609375
08013303578,apartment,7,8.7614,8.320023536682129
08013305023,apartment,7,8.6373,8.319815635681152
08013305449,apartment,7,8.8624,8.654831886291504
08013501388,apartment,7,8.3431,8.286896705627441
08014401085,apartment,7,8.294,8.279322624206543
08014401840,apartment,7,9.1177,8.629568099975586
08014402227,apartment,7,8.9717,8.622323989868164
08014804651,apartment,7,8.3783,8.2933988571167
08015101891,apartment,7,8.8961,8.448835372924805
08015103861,apartment,7,9.0556,8.798515319824219
08015209765,apartment,7,8.7806,8.35110855102539
08015210178,apartment,7,8.77,8.347527503967285
08015210402,apartment,7,8.7265,8.351017951965332
08015212502,apartment,7,8.4341,8.22134017944336
08015215501,apartment,7,8.5967,8.318449020385742
08015218276,apartment,7,8.8615,8.373174667358398
08015220823,apartment,7,8.7632,8.406203269958496
08015223598,apartment,7,8.7482,8.347323417663574
08015224209,apartment,7,8.9789,8.441165924072266
08015225205,apartment,7,8.829,8.44860553741455
08015226570,apartment,7,8.71,8.383504867553711
08015227631,apartment,7,8.8938,8.423079490661621
08015231019,apartment,7,9.2954,8.609363555908203
08015231744,apartment,7,9.202,8.620037078857422
08015501067,apartment,7,9.1492,8.422367095947266
08015501202,apartment,7,9.0695,8.423155784606934
08015502225,apartment,7,8.9341,8.426811218261719
08015502586,apartment,7,8.8615,8.43062973022461
08015507431,apartment,7,7.6735,8.453641891479492
08015508622,apartment,7,8.8644,8.444755554199219
08015509106,apartment,7,8.8644,8.463618278503418
08015509221,apartment,7,9.0128,8.445272445678711
08015510422,apartment,7,8.8972,8.435734748840332
08015517214,apartment,7,8.4651,8.703958511352539
08015517907,apartment,7,9.1171,8.684650421142578
08015519187,apartment,7,8.3085,8.607388496398926
08015519438,apartment,7,8.8955,8.608819961547852
08100504199,apartment,7,8.6507,8.44274616241455
08100505640,apartment,7,8.9227,8.561250686645508
08100506965,apartment,7,8.4501,8.429977416992188
08100506981,apartment,7,8.7786,8.428194999694824
08100507031,apartment,7,8.5801,8.44274616241455
08100507910,apartment,7,8.7343,8.47189712524414
08102500654,apartment,7,8.4482,8.690828323364258
08102501200,apartment,7,8.3988,8.548365592956543
08102702273,apartment,7,8.3645,8.686614990234375
08103401188,apartment,0,9.3465,8.873482704162598
08106100421,apartment,7,9.4467,9.103748321533203
08106803341,apartment,0,9.002,8.800168991088867
08106804348,apartment,0,9.2374,8.761539459228516
08107900499,apartment,0,8.6631,8.939424514770508
08107901150,apartment,0,9.0388,8.993433952331543
08108000319,apartment,0,8.9394,8.683877944946289
08108000386,apartment,0,8.8347,8.812983512878418
08108001552,apartment,0,8.4583,8.919631958007812
08108200946,apartment,7,8.2439,8.60282039642334
08108202183,apartment,7,9.4125,9.00689697265625
08109801099,apartment,0,8.5313,8.903803825378418
08109901794,apartment,0,9.2192,8.925905227661133
08112402582,apartment,0,8.7253,8.45821762084961
08112500541,apartment,0,8.564,8.420023918151855
08113301631,apartment,0,8.9033,8.735193252563477
08113305866,apartment,0,8.9605,8.830320358276367
08113502351,apartment,0,8.7574,8.635112762451172
08113502701,apartment,0,8.7754,8.465686798095703
08113503161,apartment,0,8.6279,8.541415214538574
08113503757,apartment,0,8.8228,8.677818298339844
08113601066,apartment,0,8.7998,8.652093887329102
08113604421,apartment,0,8.5439,8.595157623291016
08113605339,apartment,0,8.8521,8.522522926330566
08113606602,apartment,0,8.6634,8.62374210357666
08113606981,apartment,0,8.4985,8.632079124450684
08113700765,apartment,0,8.8006,8.585736274719238
08113701605,apartment,0,9.0093,8.539387702941895
08113901272,apartment,0,8.9032,8.973793983459473
08115502480,apartment,0,9.0707,8.676526069641113
08115504017,apartment,0,9.0433,8.697246551513672
08115601942,apartment,0,9.1132,8.527198791503906
08115604224,apartment,0,9.0368,8.558530807495117
08115608645,apartment,0,8.9137,8.671713829040527
08115608742,apartment,0,8.8595,8.690034866333008
08115700721,apartment,0,8.9102,8.471633911132812
08115701491,apartment,0,8.978,8.83706283569336
08116600745,apartment,0,8.9085,8.637129783630371
08116701525,apartment,0,8.4785,8.641160011291504
08116803875,apartment,0,8.998,8.550726890563965
08116804782,apartment,0,8.7179,8.626764297485352
08116804863,apartment,0,8.8694,8.631101608276367
08116807196,apartment,0,8.9186,8.578146934509277
08119302419,apartment,0,8.8707,8.793097496032715
08120601114,apartment,0,9.072,9.024974822998047
08120601254,apartment,0,9.0698,9.020914077758789
08120601645,apartment,0,9.1431,8.981510162353516
08120601981,apartment,0,8.5297,9.013520240783691
08121802121,apartment,0,9.0656,8.909278869628906
08121802245,apartment,0,9.0251,8.90202522277832
08121802271,apartment,0,9.3135,8.90202522277832
08121802644,apartment,0,8.8524,8.92192268371582
08121900972,apartment,0,9.2235,9.218846321105957
08121901065,apartment,0,9.0837,9.219796180725098
08122700993,apartment,0,8.6084,8.82837963104248
08122701752,apartment,0,9.0349,8.882669448852539
08122704964,apartment,0,9.4014,9.165060997009277
08122706258,apartment,0,8.7928,9.001838684082031
08122706894,apartment,0,9.1734,9.013669967651367
08122707114,apartment,0,8.9893,8.980264663696289
08122801481,apartment,0,8.5007,8.924970626831055
08122801986,apartment,0,8.9219,8.685784339904785
08122803687,apartment,0,8.7773,8.658208847045898
08122804640,apartment,0,9.6025,9.192164421081543
08122901182,apartment,0,8.8612,8.635699272155762
08122905889,apartment,0,9.2904,8.948768615722656
08123201656,apartment,0,8.7272,8.822120666503906
08123204922,apartment,0,8.7021,8.87351131439209
08123205724,apartment,0,8.8232,8.976729393005371
08123206291,apartment,0,8.997,8.975310325622559
08123206534,apartment,0,8.7033,8.890042304992676
08123302363,apartment,0,8.9696,8.930526733398438
08123303092,apartment,0,9.1194,8.88901138305664
08123304196,apartment,0,8.9783,8.90565299987793
08123304528,apartment,0,8.9711,8.98238754272461
08123304579,apartment,0,9.1379,8.980753898620605
08123305141,apartment,0,8.9777,8.902009963989258
08123401035,apartment,0,9.4403,9.199248313903809
08124201242,apartment,0,8.4684,8.600448608398438
08124201961,apartment,0,8.9443,9.036243438720703
08124202168,apartment,0,8.9065,9.14465045928955
08124202192,apartment,0,8.9759,8.97974967956543
08124202265,apartment,0,8.8765,9.055864334106445
08124501041,apartment,0,9.2217,9.165590286254883
08124501378,apartment,0,9.2896,8.989164352416992
08126201290,apartment,0,8.7477,8.776795387268066
08126901012,apartment,0,8.5913,8.556366920471191
08128200771,apartment,0,9.5505,9.171754837036133
08128300441,apartment,0,9.1938,8.8231782913208
08128500740,apartment,0,9.3943,8.808023452758789
08128501011,apartment,0,9.0333,8.918804168701172
08128501356,apartment,0,8.9702,8.933331489562988
08130700425,apartment,0,8.7968,8.65816879272461
08132400267,apartment,0,9.1112,8.946808815002441
08133001927,apartment,7,8.4684,8.576651573181152
08134101739,apartment,0,8.7491,8.526094436645508
08134103006,apartment,0,8.4974,8.54684066772461
08134104991,apartment,0,9.0569,8.957584381103516
08135102577,apartment,0,9.3057,8.736357688903809
08135102992,apartment,0,8.8849,8.799703598022461
08135204833,apartment,0,8.9462,8.950153350830078
08135205619,apartment,0,9.107,9.005541801452637
08135205821,apartment,0,9.192,9.008238792419434
08135205821,apartment,0,8.7851,8.962708473205566
08136001715,apartment,0,9.0097,8.474970817565918
08136001804,apartment,0,8.8777,8.480083465576172
08136006199,apartment,0,8.7875,8.405338287353516
08136006792,apartment,0,9.0097,8.439386367797852
08136007667,apartment,0,8.5922,8.514561653137207
08136012482,apartment,0,8.9313,8.43011474609375
08136100012,apartment,0,8.7675,9.003422737121582
08136100853,apartment,0,8.5443,8.749701499938965
08136200386,apartment,0,8.6357,8.559103012084961
08136200459,apartment,0,8.5998,8.556330680847168
08136301166,apartment,0,8.7146,8.586858749389648
08136403961,apartment,0,8.759,8.91165542602539
08136700796,apartment,0,8.9488,8.492056846618652
08136704120,apartment,0,9.4298,8.83342456817627
08217900477,apartment,7,7.8769,8.425760269165039
08218800395,apartment,7,7.8625,8.257835388183594
08220600780,apartment,7,8.1673,8.177906036376953
08220600993,apartment,7,7.9294,8.100639343261719
08221102555,apartment,7,8.386,8.353753089904785
08221102636,apartment,7,8.4895,8.363053321838379
08221201219,apartment,7,8.3223,8.229358673095703
08221201561,apartment,7,8.096,8.183184623718262
08221203238,apartment,7,8.2528,8.226507186889648
08221401099,apartment,7,8.1205,8.213233947753906
08221801194,apartment,7,8.3679,8.398662567138672
08221801305,apartment,7,8.0516,8.402470588684082
08221801429,apartment,7,8.4492,8.394526481628418
08221900826,apartment,7,8.2399,8.375604629516602
08222000675,apartment,7,8.2048,8.310491561889648
08222001401,apartment,7,8.1709,8.30850887298584
08222101528,apartment,7,8.4379,8.412994384765625
08222103237,apartment,7,8.2097,8.40967082977295
08223001683,apartment,7,8.3912,8.55813217163086
08223007584,apartment,7,8.5076,8.527091979980469
08223202239,apartment,7,8.5945,8.634325981140137
08223202883,apartment,7,8.5511,8.640812873840332
08223205114,apartment,7,8.6763,8.639311790466309
08223205467,apartment,7,8.8683,8.638813972473145
08223207710,apartment,7,8.5454,8.465348243713379
08223209519,apartment,7,8.6026,8.478278160095215
08223210568,apartment,7,8.6383,8.480476379394531
08223210721,apartment,7,8.7682,8.493005752563477
08223211033,apartment,7,8.5072,8.480476379394531
08223211572,apartment,7,8.6783,8.479578018188477
08225201450,apartment,7,8.131,8.15617561340332
08225202279,apartment,7,8.08,8.183185577392578
08225202341,apartment,7,8.1724,8.186362266540527
08225202661,apartment,7,8.1724,8.23678207397461
08225601327,apartment,8,8.1834,8.099874496459961
08228502893,apartment,8,8.154,8.569889068603516
08228503644,apartment,8,8.4631,8.586257934570312
08228504616,apartment,8,8.5418,8.613343238830566
08228505299,apartment,8,8.7738,8.61760139465332
08228505590,apartment,8,8.6476,8.613343238830566
08228505930,apartment,8,8.7383,8.617437362670898
08228506287,apartment,8,8.6476,8.613343238830566
08228506953,apartment,8,8.6863,8.61760139465332
08228507003,apartment,8,8.7738,8.61760139465332
08228507208,apartment,8,9.4234,8.617437362670898
08228507720,apartment,8,8.8341,8.613343238830566
08235700646,apartment,8,8.1146,8.334692001342773
08235702436,apartment,8,8.5764,8.771297454833984
08236301281,apartment,8,8.409,8.487150192260742
08236303918,apartment,8,8.2537,8.47672176361084
08236800997,apartment,8,8.0652,8.35153865814209
08236901191,apartment,8,8.4586,8.453313827514648
08237000366,apartment,8,8.4881,8.426983833312988
08241101368,apartment,6,8.4085,8.667810440063477
08241201257,apartment,6,7.9275,8.434186935424805
08241201826,apartment,6,8.5421,8.496495246887207
08241204140,apartment,6,8.9732,9.011980056762695
08241205309,apartment,6,8.964,9.002788543701172
08241205597,apartment,6,8.9544,8.997503280639648
08241401388,apartment,6,8.7199,9.15571403503418
08241403021,apartment,6,8.7026,9.138051986694336
08241501471,apartment,6,8.5027,8.924127578735352
08241501471,apartment,6,8.7838,8.917259216308594
08241502907,apartment,6,8.3716,8.972033500671387
08241801221,apartment,6,9.1577,9.001931190490723
08241801793,apartment,6,8.3626,8.933235168457031
08241901569,apartment,6,9.0742,8.979061126708984
08241903669,apartment,6,8.8452,8.983698844909668
08242000352,apartment,6,8.8349,9.146720886230469
08242000719,apartment,6,8.6292,9.147843360900879
08242000891,apartment,6,8.912,9.147843360900879
08242001030,apartment,6,9.1133,9.104869842529297
08242001261,apartment,6,9.1317,9.100608825683594
08242001741,apartment,6,8.862,9.099649429321289
08242003777,apartment,6,8.4873,8.806662559509277
08242004668,apartment,6,8.8655,8.815924644470215
08242006008,apartment,6,9.0154,8.816038131713867
08242006271,apartment,6,8.7645,8.83332633972168
08243700511,apartment,6,8.8049,8.690332412719727
08243701540,apartment,6,8.6279,8.63698959350586
08243701915,apartment,6,8.8562,8.611377716064453
08243704086,apartment,6,8.4389,8.615222930908203
08245001287,apartment,7,7.9725,8.28697395324707
08245003700,apartment,7,8.1335,8.25865364074707
08245003931,apartment,7,8.1508,8.250374794006348
08245003964,apartment,7,7.995,8.244125366210938
08245006564,apartment,7,8.3202,8.410888671875
08245006971,apartment,7,8.1849,8.404272079467773
08245007269,apartment,7,8.3026,8.41623306274414
08245007315,apartment,7,8.3121,8.413862228393555
08245007544,apartment,7,8.408,8.404342651367188
08245008109,apartment,7,8.1468,8.407990455627441
08245009733,apartment,7,8.4431,8.40910530090332
08245802931,apartment,8,8.3117,8.30267333984375
08245804541,apartment,8,8.2295,8.272079467773438
08245806331,apartment,8,8.0825,8.213476181030273
08245809101,apartment,8,8.3654,8.287603378295898
08245813788,apartment,8,7.9749,8.102252960205078
08245814369,apartment,8,8.0141,8.102420806884766
08245815950,apartment,8,8.0369,8.103496551513672
08245818410,apartment,8,8.5385,8.263212203979492
08245818844,apartment,8,8.362,8.289436340332031
08245820407,apartment,8,8.3451,8.290105819702148
08252800327,apartment,6,8.3045,8.576272964477539
08252800424,apartment,6,8.5231,8.620199203491211
08252800629,apartment,6,8.5621,8.563825607299805
08252802370,apartment,6,8.6932,8.612075805664062
08252802982,apartment,6,8.4955,8.528324127197266
08252804020,apartment,6,9.2781,8.63815689086914
08252804535,apartment,6,8.6871,8.602968215942383
08252804802,apartment,6,8.9227,8.562654495239258
08252806120,apartment,6,9.1497,8.63815689086914
08252807194,apartment,6,9.0768,8.563224792480469
08252808352,apartment,6,8.6128,8.642513275146484
08252808573,apartment,6,8.9398,8.588863372802734
08252808646,apartment,6,8.27,8.557868957519531
08252809601,apartment,6,8.3275,8.556365966796875
08252810365,apartment,6,8.4339,8.559167861938477
08252810462,apartment,6,8.9635,8.552967071533203
08252810616,apartment,6,8.4128,8.56072998046875
08252811949,apartment,6,8.417,8.552160263061523
08252812023,apartment,6,8.4725,8.57271957397461
08254801045,apartment,8,8.8437,8.665623664855957
08260700891,apartment,8,8.3856,8.633217811584473
08260700921,apartment,8,8.4752,8.629817962646484
08263000580,apartment,8,8.4423,8.554930686950684
08263500907,apartment,8,8.4942,8.562804222106934
08263501962,apartment,8,8.4423,8.545289993286133
08264101186,apartment,8,8.3386,8.458585739135742
08264101232,apartment,8,8.5042,8.458946228027344
08264103715,apartment,8,8.5217,8.29526138305664
08303210343,apartment,0,8.8948,8.88614273071289
08303212257,apartment,0,8.8672,8.992173194885254
08303212842,apartment,0,8.9392,8.992173194885254
08303214012,apartment,0,8.7633,8.976211547851562
08303214543,apartment,0,8.8568,8.981374740600586
08303214853,apartment,0,8.813,8.981374740600586
08303214977,apartment,0,8.8653,8.96186351776123
08303215736,apartment,0,8.8998,8.972535133361816
08303215892,apartment,0,8.9423,8.981374740600586
08303216147,apartment,0,9.1974,8.973752975463867
08303216317,apartment,0,8.9326,8.953725814819336
08304201038,apartment,0,8.9271,8.779040336608887
08304902311,apartment,6,8.8542,9.144657135009766
08304902567,apartment,6,8.9981,9.100360870361328
08304903385,apartment,6,9.1136,9.099080085754395
08304903423,apartment,6,9.1462,9.099664688110352
08304903709,apartment,6,9.0033,9.120413780212402
08304903873,apartment,6,8.7989,9.172964096069336
08304904519,apartment,6,9.1139,9.16985034942627
08304904942,apartment,6,9.1981,9.172101974487305
08304904942,apartment,6,8.8488,9.16985034942627
08304905914,apartment,6,8.8194,9.170389175415039
08306706781,apartment,6,8.7618,8.860366821289062
08309700520,apartment,0,9.1145,8.978697776794434
08309700660,apartment,0,8.6496,8.978015899658203
08309700830,apartment,0,8.6508,8.978320121765137
08309701098,apartment,0,8.5842,8.982048034667969
08309701195,apartment,0,8.6494,8.977936744689941
08309701381,apartment,0,9.2442,8.889237403869629
08309701454,apartment,0,9.2478,8.897154808044434
08310202938,apartment,6,9.0083,9.052148818969727
08310203551,apartment,6,9.2682,9.054239273071289
08310203845,apartment,6,9.0912,9.11077880859375
08310203845,apartment,6,8.7031,9.110075950622559
08310204442,apartment,6,8.3712,9.04176139831543
08310205813,apartment,6,8.8186,9.02376937866211
08310205872,apartment,6,8.5051,9.02720832824707
08317404862,apartment,0,8.8782,8.42640209197998
08317406148,apartment,0,9.1275,8.57248306274414
08317409521,apartment,0,8.988,8.835502624511719
08317702111,apartment,0,9.0747,8.958765983581543
08318703936,apartment,6,8.5275,9.08990478515625
08318706234,apartment,6,9.0258,9.103939056396484
08318801709,apartment,6,8.7283,9.090848922729492
08318802349,apartment,6,8.7913,9.092535018920898
08318802926,apartment,6,8.9033,9.098003387451172
08318802969,apartment,6,8.9229,9.091835021972656
08318803507,apartment,6,9.156,9.091184616088867
08318900510,apartment,6,8.5425,8.940142631530762
08319000890,apartment,6,8.8579,9.028709411621094
08319002060,apartment,6,8.8416,9.042302131652832
08319701422,apartment,6,9.618,8.988353729248047
08320702208,apartment,6,9.4674,9.204255104064941
08321101542,apartment,0,9.2749,8.645539283752441
08321800831,apartment,6,9.6648,8.917470932006836
08322010591,apartment,6,9.1352,9.104631423950195
08322012322,apartment,6,9.4775,9.013160705566406
08322013701,apartment,6,9.1521,9.092897415161133
08322013851,apartment,6,8.8403,9.039529800415039
08322015739,apartment,6,9.1312,9.180360794067383
08322201990,apartment,6,9.1183,9.031620025634766
08322202016,apartment,6,9.0925,9.02125072479248
08322202113,apartment,6,9.1267,9.028238296508789
08322202385,apartment,6,9.2653,9.036832809448242
08322202474,apartment,6,9.1835,9.021288871765137
08322202482,apartment,6,9.2177,9.039445877075195
08322202660,apartment,6,9.1489,9.042139053344727
08322202741,apartment,6,9.1557,9.031651496887207
08322202751,apartment,6,9.2365,9.03531265258789
08322202962,apartment,6,9.2903,9.036832809448242
08322203063,apartment,6,9.2255,8.973820686340332
08322203217,apartment,6,9.1954,9.039445877075195
08322203543,apartment,6,9.0845,9.056938171386719
08322203551,apartment,6,8.9844,9.053021430969238
08322204159,apartment,6,9.1638,9.067028045654297
08322204256,apartment,6,9.1372,9.059503555297852
08322204264,apartment,6,9.118,9.058109283447266
08322204302,apartment,6,9.1458,9.071186065673828
08322204388,apartment,6,9.0759,9.067028045654297
08322900570,apartment,6,9.6436,8.978538513183594
08403400411,apartment,6,9.5303,9.22244644165039
08500102179,apartment,6,8.3712,8.378364562988281
08500103329,apartment,6,8.8031,8.792067527770996
08500103531,apartment,6,8.8655,8.755098342895508
08500600233,apartment,6,8.71,8.81557846069336
08501101494,apartment,6,8.6614,8.941356658935547
08501101753,apartment,6,9.0469,8.853107452392578
08501201359,apartment,6,8.6836,8.472957611083984
08501301965,apartment,6,8.4858,8.451777458190918
08501303569,apartment,6,8.7103,8.742279052734375
08501303984,apartment,6,8.8808,8.764013290405273
08501304204,apartment,6,8.6644,8.742938995361328
08501304522,apartment,6,8.969,8.764013290405273
08501304905,apartment,6,8.9778,8.849496841430664
08501305030,apartment,6,9.1324,8.76434326171875
08501305049,apartment,6,9.0839,8.76434326171875
08501305146,apartment,6,8.9939,8.771347999572754
08501305162,apartment,6,8.9988,8.742095947265625
08501305227,apartment,6,8.9415,8.764495849609375
08501305715,apartment,6,8.6565,8.743085861206055
08501305766,apartment,6,9.1553,8.768424987792969
08501305839,apartment,6,8.9507,8.742938995361328
08501305911,apartment,6,8.7047,8.76434326171875
08501305987,apartment,6,8.8893,8.847200393676758
08501306002,apartment,6,8.9419,8.742279052734375
08501306071,apartment,6,8.9306,8.745796203613281
08501306101,apartment,6,8.9454,8.767471313476562
08501306177,apartment,6,8.6538,8.811136245727539
08501306193,apartment,6,8.993,8.745796203613281
08501306207,apartment,6,9.1717,8.763535499572754
08501306320,apartment,6,8.9227,8.764495849609375
08501306436,apartment,6,8.726,8.745796203613281
08501306487,apartment,6,8.985,8.764013290405273
08501306541,apartment,6,8.9988,8.742938995361328
08501306592,apartment,6,9.1205,8.743085861206055
08501306711,apartment,6,8.7738,8.811136245727539
08501306721,apartment,6,8.9206,8.748533248901367
08501308420,apartment,6,9.2692,8.895227432250977
08501309753,apartment,6,9.125,8.786598205566406
08501310311,apartment,6,8.917,8.786598205566406
08501401005,apartment,6,8.8373,8.787038803100586
08501401579,apartment,6,8.9399,8.800800323486328
08501402060,apartment,6,8.8339,8.794134140014648
08501402443,apartment,6,8.8779,8.726444244384766
08501501281,apartment,6,8.3882,8.254037857055664
08501702277,apartment,6,8.7428,8.494200706481934
08501702692,apartment,6,8.6772,8.46851634979248
08501702730,apartment,6,8.5966,8.464111328125
08501705594,apartment,6,8.2753,8.504823684692383
08501710131,apartment,6,9.0068,8.727670669555664
08501710180,apartment,6,9.6042,8.943778991699219
08501711608,apartment,6,8.6928,8.76768684387207
08501711845,apartment,6,8.6199,8.776006698608398
08501711845,apartment,6,8.6466,8.776006698608398
08501712078,apartment,6,8.7767,8.796446800231934
08501712159,apartment,6,8.643,8.725927352905273
08501712302,apartment,6,8.5284,8.723783493041992
08501712353,apartment,6,8.7253,8.772209167480469
08501712361,apartment,6,8.6901,8.724167823791504
08501712531,apartment,6,8.8641,8.771341323852539
08501712884,apartment,6,8.7419,8.815741539001465
08501712930,apartment,6,8.5061,8.7256441116333
08501712957,apartment,6,9.0314,8.840532302856445
08502200577,apartment,6,8.7443,8.752799987792969
08502300326,apartment,6,7.9866,8.291213035583496
08502301292,apartment,6,8.6028,8.73680305480957
08502301411,apartment,6,8.9746,8.957844734191895
08502301624,apartment,6,9.2254,8.949036598205566
08502302401,apartment,6,8.8512,8.855605125427246
08502302892,apartment,6,8.7993,8.789582252502441
08502401051,apartment,6,9.0798,8.919838905334473
08502502026,apartment,6,8.9982,8.810752868652344
08502502441,apartment,6,9.3854,8.752650260925293
08502502891,apartment,6,8.4747,8.729122161865234
08502503103,apartment,6,8.9771,8.725221633911133
08502504479,apartment,6,9.0032,8.813962936401367
08502505688,apartment,6,9.0286,8.776084899902344
08502505696,apartment,6,8.9864,8.773643493652344
08502505912,apartment,6,8.8703,8.814422607421875
08502506005,apartment,6,9.0579,8.742822647094727
08502506048,apartment,6,8.941,8.70136833190918
08502506145,apartment,6,9.0644,8.824840545654297
08502506412,apartment,6,9.1709,8.778047561645508
08502506651,apartment,6,9.0062,8.773643493652344
08502507710,apartment,6,9.301,8.825809478759766
08502600907,apartment,6,8.481,8.784139633178711
08502601512,apartment,6,8.5083,8.861133575439453
08502601598,apartment,6,8.5166,8.861133575439453
08502601873,apartment,6,8.6113,8.779916763305664
08502601891,apartment,6,9.2488,8.852716445922852
08502602233,apartment,6,9.0417,8.841962814331055
08502603302,apartment,6,8.8698,8.89870548248291
08502800371,apartment,6,8.7561,8.56922721862793
08502905821,apartment,6,8.9882,8.70913314819336
08502905953,apartment,6,9.0588,8.728007316589355
08502906021,apartment,6,9.1632,8.715876579284668
08503101467,apartment,6,8.8236,8.505435943603516
08503200813,apartment,6,8.7901,8.42681884765625
08503201429,apartment,6,8.2548,8.327606201171875
08503601028,apartment,6,8.5448,8.434688568115234
08503601249,apartment,6,8.8116,8.423019409179688
08503602458,apartment,6,8.5783,8.40406608581543
08503800926,apartment,6,8.9651,8.656679153442383
08503800985,apartment,6,8.9132,8.620630264282227
08503801231,apartment,6,9.0442,8.647016525268555
08503804956,apartment,6,8.4971,8.774456024169922
08503805154,apartment,6,8.9564,8.781455993652344
08503902036,apartment,6,9.1702,8.864080429077148
08506200911,apartment,6,9.1522,8.930669784545898
08506201055,apartment,6,9.1649,8.837442398071289
08506201152,apartment,6,8.991,8.928812026977539
08506201217,apartment,6,8.1562,8.934513092041016
08506201330,apartment,6,9.0719,8.87983512878418
08506201489,apartment,6,8.9782,8.941313743591309
08506201527,apartment,6,9.0465,8.75550651550293
08506201551,apartment,6,9.0928,8.755768775939941
08506201608,apartment,6,9.1267,8.947192192077637
08506201675,apartment,6,9.0217,8.943678855895996
08506202035,apartment,6,9.0207,8.751140594482422
08506202183,apartment,6,9.1871,8.943678855895996
08506202396,apartment,6,9.0428,8.947192192077637
08506202434,apartment,6,9.1117,8.933570861816406
08506202442,apartment,6,9.0981,8.92961311340332
08506202469,apartment,6,9.0138,8.929792404174805
08506202590,apartment,6,9.0637,8.933570861816406
08506202663,apartment,6,9.236,8.941313743591309
08506202833,apartment,6,9.063,8.928812026977539
08506202906,apartment,6,9.0835,8.933570861816406
08506202930,apartment,6,9.0353,8.947192192077637
08506202965,apartment,6,9.1918,8.933570861816406
08506203082,apartment,6,9.0946,8.947192192077637
08506203201,apartment,6,9.1067,8.931468963623047
08506203384,apartment,6,9.0982,8.933570861816406
08506203406,apartment,6,9.1117,8.934513092041016
08506203589,apartment,6,9.1982,8.928812026977539
08506203708,apartment,6,9.1117,8.931468963623047
08506203732,apartment,6,9.0662,8.92961311340332
08506203791,apartment,6,9.063,8.930669784545898
08506204003,apartment,6,9.0653,8.933570861816406
08508900996,apartment,6,8.469,8.761314392089844
08509301123,apartment,6,8.7855,8.610746383666992
08509302073,apartment,6,9.3953,8.930495262145996
08509302367,apartment,6,9.0693,8.892461776733398
08509511624,apartment,6,8.6412,8.552627563476562
08509801916,apartment,6,8.7695,8.739620208740234
08509802548,apartment,6,8.7637,8.751567840576172
08509802637,apartment,6,8.9883,8.743145942687988
08510000761,apartment,6,8.2609,8.426795959472656
08510001340,apartment,6,8.6052,8.554808616638184
08510003602,apartment,6,8.9961,8.732964515686035
08510102007,apartment,6,8.2494,8.856607437133789
08510200580,apartment,6,8.6573,8.437231063842773
08510200866,apartment,6,8.1898,8.41502571105957
08510200904,apartment,6,8.1898,8.439080238342285
08510401519,apartment,6,7.61,8.977757453918457
08510401586,apartment,6,8.5483,8.979085922241211
08510401888,apartment,6,9.2072,8.966619491577148
08510502668,apartment,6,8.81,8.706525802612305
08510604304,apartment,6,8.7403,8.367029190063477
08510605785,apartment,6,8.7849,8.718450546264648
08510703337,apartment,6,8.8113,8.530028343200684
08511601163,apartment,6,8.7559,8.435606002807617
08511702008,apartment,6,8.739,8.403207778930664
08511704604,apartment,6,8.4854,8.347711563110352
08511705783,apartment,6,8.618,8.320819854736328
08511706607,apartment,6,8.4492,8.79958724975586
08511706941,apartment,6,8.8178,8.798812866210938
08511708014,apartment,6,8.8232,8.80301284790039
08511708065,apartment,6,8.9102,8.80321216583252
08511802703,apartment,6,8.6708,8.388740539550781
08511806962,apartment,6,8.9441,8.512258529663086
08511807861,apartment,6,8.9096,8.507417678833008
08511901442,apartment,6,8.6226,8.415510177612305
08511901647,apartment,6,8.4555,8.488722801208496
08511901817,apartment,6,8.1043,8.467026710510254
08512001021,apartment,6,9.4725,9.107477188110352
08512001259,apartment,6,8.8901,9.126983642578125
08512201584,apartment,6,9.1608,8.9393949508667
08512203404,apartment,6,9.0235,8.758016586303711
08512203481,apartment,6,8.9815,8.758275032043457
08512203927,apartment,6,8.9732,8.761499404907227
08512304324,apartment,6,8.3984,8.844965934753418
08512304707,apartment,6,8.3673,8.877433776855469
08512305207,apartment,6,8.8516,8.88958740234375
08512305843,apartment,6,9.0706,8.830739974975586
08512306297,apartment,6,8.4212,8.842323303222656
08512306777,apartment,6,8.9029,8.898439407348633
08512306882,apartment,6,9.1196,8.9104585647583
08512309253,apartment,6,9.2404,8.883708000183105
08512309415,apartment,6,9.2404,8.904716491699219
08512400161,apartment,6,9.1698,8.790437698364258
08512401818,apartment,6,9.1064,8.699087142944336
08512402849,apartment,6,9.1634,8.76278305053711
08512404434,apartment,6,8.6375,8.774311065673828
08512404841,apartment,6,9.2399,8.81197738647461
08512407735,apartment,6,8.6682,8.973106384277344
08512407832,apartment,6,8.7332,8.966054916381836
08512408340,apartment,6,9.5578,8.961933135986328
08512409134,apartment,6,9.5806,8.960628509521484
08512409258,apartment,6,9.0454,8.981719017028809
08512601957,apartment,6,8.8226,8.445733070373535
08512601991,apartment,6,8.8226,8.449663162231445
08512602937,apartment,6,8.8587,8.400607109069824
08512603054,apartment,6,8.4719,8.410927772521973
08512603631,apartment,6,8.4132,8.483774185180664
08512604395,apartment,6,8.7755,8.49311637878418
08512605391,apartment,6,8.9177,8.547608375549316
08512605677,apartment,6,8.959,8.804960250854492
08512701021,apartment,6,9.004,8.485215187072754
08512704462,apartment,6,8.6052,8.620136260986328
08512708115,apartment,6,8.5718,8.54615592956543
08512805471,apartment,6,8.5997,8.345354080200195
08512808519,apartment,6,8.4021,8.433340072631836
08513002410,apartment,6,8.6588,8.45589542388916
08513003311,apartment,6,8.9227,8.495590209960938
08513003387,apartment,6,8.8099,8.491781234741211
08514500686,apartment,6,9.2103,8.849590301513672
08514501453,apartment,6,9.2703,8.840088844299316
08514501488,apartment,6,9.1776,8.847965240478516
08514501755,apartment,6,9.0052,8.919713020324707
08514801511,apartment,6,9.0544,8.591865539550781
08514802232,apartment,6,9.0321,8.62617301940918
08514802321,apartment,6,9.2103,8.518255233764648
08515201161,apartment,6,8.7582,8.589241027832031
08515400677,apartment,6,8.8604,8.398751258850098
08516802094,apartment,6,8.7387,8.473012924194336
08519401619,apartment,6,9.0901,8.777120590209961
08528000321,apartment,6,9.0078,8.422231674194336
08528600971,apartment,6,9.1064,8.646417617797852
08528601161,apartment,6,9.0916,8.670635223388672
08528701182,apartment,6,8.9824,8.462562561035156
08528701565,apartment,6,8.9904,8.465106964111328
08529900464,apartment,6,8.5894,8.481441497802734
08530800680,apartment,6,8.8433,8.631209373474121
08532403158,apartment,6,8.8919,8.42679214477539
08532500633,apartment,6,8.6389,8.430706024169922
08532500651,apartment,6,8.7189,8.435495376586914
08533400918,apartment,6,8.6115,8.546503067016602
08533402333,apartment,6,8.6258,8.488707542419434
08534700966,apartment,6,8.7314,8.677167892456055
08534701067,apartment,6,8.775,8.67267894744873
08534701156,apartment,6,8.7456,8.682812690734863
08534701164,apartment,6,8.3267,8.675436973571777
08540200686,apartment,6,9.2604,8.769609451293945
08542601270,apartment,6,8.7403,8.806755065917969
08542601602,apartment,6,8.8127,8.806755065917969
08542601793,apartment,6,8.8356,8.806413650512695
08542602382,apartment,6,8.8967,8.806873321533203
08543002745,apartment,6,9.2322,8.94503402709961
08543800390,apartment,6,8.6886,8.495170593261719
08543900761,apartment,6,8.9203,8.716329574584961
08543901030,apartment,6,9.0368,8.724869728088379
08543901049,apartment,6,8.8455,8.73525333404541
08543901065,apartment,6,8.9028,8.729362487792969
08543901091,apartment,6,8.8137,8.717399597167969
08543901294,apartment,6,8.8754,8.729362487792969
08544000584,apartment,6,9.5822,8.93032455444336
08544301312,apartment,6,9.0106,8.694194793701172
08544401694,apartment,6,8.719,8.430234909057617
08545202768,apartment,6,9.0852,8.578929901123047
08545203462,apartment,6,9.1064,8.584936141967773
08545601417,apartment,6,8.3288,8.554075241088867
08545700776,apartment,6,8.786,8.498857498168945
08545801319,apartment,6,9.0632,8.816322326660156
08545803796,apartment,6,9.2692,8.809555053710938
08546000808,apartment,6,8.9935,8.66370677947998
08550601160,apartment,6,8.953,8.649188041687012
08551500848,apartment,6,8.9456,8.820432662963867
08551600737,apartment,6,9.213,8.865467071533203
08551600966,apartment,6,9.2348,8.871036529541016
08551901664,apartment,6,9.1521,8.800093650817871
08552500574,apartment,6,8.1724,8.217025756835938
08552800381,apartment,6,8.9375,8.513500213623047
08553100091,apartment,6,9.5352,8.864202499389648
08554001737,apartment,6,8.941,8.533544540405273
08554108981,apartment,6,9.2837,8.751605987548828
08554111370,apartment,6,9.2416,8.773192405700684
08554400801,apartment,6,8.6163,8.470155715942383
08554400887,apartment,6,7.7778,8.349017143249512
08554402596,apartment,6,9.3013,8.778182029724121
08554402979,apartment,6,8.7534,8.82275104522705
08555103037,apartment,6,9.0027,8.79707145690918
08555103088,apartment,6,9.0513,8.785637855529785
08555400740,apartment,6,8.8628,8.735902786254883
08555400813,apartment,6,9.1127,8.823816299438477
08555401100,apartment,6,8.8689,8.762718200683594
08555401992,apartment,6,9.1576,8.825230598449707
08555402115,apartment,6,8.9287,8.751821517944336
08555402379,apartment,6,8.8906,8.75051498413086
08555402468,apartment,6,8.9221,8.752819061279297
08558701091,apartment,6,8.9231,8.873250961303711
08558701652,apartment,6,9.0915,8.874227523803711
08558702004,apartment,6,9.0448,8.877382278442383
08558702926,apartment,6,8.6169,8.797534942626953
08558702950,apartment,6,8.7366,8.844372749328613
08558704449,apartment,6,8.9012,8.842061042785645
08558704538,apartment,6,8.7415,8.784393310546875
08558704775,apartment,6,8.9281,8.838298797607422
08558801088,apartment,6,8.7427,8.911127090454102
08558802629,apartment,6,8.8108,8.820165634155273
08558802637,apartment,6,9.0404,8.807672500610352
08558902240,apartment,6,9.0066,8.795770645141602
08558902399,apartment,6,9.1133,8.790298461914062
08558902666,apartment,6,9.0583,8.795905113220215
08558904022,apartment,6,9.0022,8.811234474182129
08558904146,apartment,6,9.466,8.814580917358398
08558904731,apartment,6,8.8662,8.793869018554688
08558905118,apartment,6,9.1259,8.798606872558594
08559113932,apartment,6,8.694,8.835817337036133
08559114165,apartment,6,9.1377,8.850312232971191
08559114319,apartment,6,8.9679,8.859781265258789
08559115201,apartment,6,8.9367,8.856805801391602
08559115560,apartment,6,9.0668,8.85676383972168
08559115889,apartment,6,9.3088,8.868978500366211
08560100814,apartment,6,8.946,8.841586112976074
08560101063,apartment,6,9.2181,8.813260078430176
08560101918,apartment,6,9.1264,8.867107391357422
08561000694,apartment,6,8.5545,8.484209060668945
08561001496,apartment,6,8.4431,8.385860443115234
08561200431,apartment,6,8.0242,8.443093299865723
08561402334,apartment,6,8.8377,8.619487762451172
08561403691,apartment,6,8.9808,8.792594909667969
08561403731,apartment,6,8.8908,8.7954683303833
08561404310,apartment,6,9.0706,8.786787033081055
08561405406,apartment,6,9.184,8.964893341064453
08562401595,apartment,6,9.1188,8.557364463806152
08562401765,apartment,6,9.0882,8.556795120239258
08562402893,apartment,6,9.0456,8.559895515441895
08562403415,apartment,6,9.0768,8.56952953338623
08562403474,apartment,6,8.6753,8.565995216369629
08563205196,apartment,6,9.0677,8.817377090454102
08563206192,apartment,6,8.1287,8.833454132080078
08563206249,apartment,6,9.0097,8.840336799621582
08564117258,apartment,6,9.1391,8.858441352844238
08564301415,apartment,6,8.562,8.657629013061523
08564301660,apartment,6,8.7979,8.649736404418945
08564301784,apartment,6,8.5208,8.64242172241211
08564303663,apartment,6,9.0006,8.662284851074219
08564912007,apartment,6,9.064,8.772270202636719
08565503739,apartment,6,8.8951,8.733785629272461
08565504182,apartment,6,8.9821,8.734762191772461
08565504239,apartment,6,8.4725,8.735221862792969
08565703010,apartment,6,9.1945,8.777936935424805
08600203228,apartment,6,9.0593,8.833097457885742
08600203759,apartment,6,8.9742,8.81399917602539
08600204860,apartment,6,9.1209,8.879892349243164
08600205141,apartment,6,8.8224,8.873668670654297
08600207746,apartment,6,8.9873,8.87103271484375
08600208459,apartment,6,9.2012,8.874320030212402
08600503310,apartment,6,8.7723,8.59432601928711
08600602963,apartment,6,8.8816,8.36390495300293
08600603013,apartment,6,8.7052,8.36390495300293
08600605105,apartment,6,8.5669,8.66434097290039
08600904021,apartment,6,8.823,8.89124870300293
08600904072,apartment,6,8.5457,8.853082656860352
08600904129,apartment,6,8.7748,8.850912094116211
08600904791,apartment,6,8.5603,8.85290241241455
08600904811,apartment,6,8.6949,8.900044441223145
08601001629,apartment,6,8.4226,8.414534568786621
08601003451,apartment,6,9.1214,8.942850112915039
08601003745,apartment,6,8.945,8.886584281921387
08601003982,apartment,6,8.9846,8.879905700683594
08601004369,apartment,6,9.2841,8.96553897857666
08601101844,apartment,6,9.2545,8.700616836547852
08601202470,apartment,6,8.4434,8.382476806640625
08601300545,apartment,6,9.0336,8.501274108886719
08601601162,apartment,6,8.163,8.368874549865723
08601601200,apartment,6,8.0295,8.366219520568848
08601700705,apartment,6,8.5957,8.456002235412598
08601702465,apartment,6,9.0502,9.008150100708008
08601800750,apartment,6,8.8912,8.794698715209961
08601901311,apartment,6,9.0688,8.85301685333252
08602000634,apartment,6,8.7194,8.401512145996094
08602001886,apartment,6,9.4144,8.891016006469727
08602002173,apartment,6,9.3267,8.916707992553711
08602002998,apartment,6,9.5835,8.978894233703613
08602003579,apartment,6,9.1953,9.00296688079834
08602003668,apartment,6,8.8712,9.016609191894531
08602101864,apartment,6,8.6457,8.618146896362305
08602400969,apartment,6,8.7295,8.464401245117188
08602400977,apartment,6,8.7129,8.475809097290039
08602500701,apartment,6,8.5066,8.399974822998047
08602601522,apartment,6,8.6755,8.879032135009766
08602602561,apartment,6,8.8726,8.810615539550781
08602803893,apartment,6,8.541,8.52531623840332
08602900724,apartment,6,8.3369,8.31316089630127
08602901933,apartment,6,8.3579,8.360116004943848
08602902484,apartment,6,8.5705,8.470367431640625
08602902573,apartment,6,8.652,8.48304557800293
08602903758,apartment,6,8.9163,8.73862361907959
08603000581,apartment,6,8.1252,8.35272216796875
08603100969,apartment,6,8.3481,8.408641815185547
08603301271,apartment,6,8.5278,8.455556869506836
08603400679,apartment,6,8.343,8.326629638671875
08603400725,apartment,6,8.2665,8.385337829589844
08603401462,apartment,6,9.1384,8.95573902130127
08603401489,apartment,6,9.1822,8.962543487548828
08603401586,apartment,6,9.2512,8.955879211425781
08603402361,apartment,6,9.2937,9.018102645874023
08603402450,apartment,6,9.0006,9.011096000671387
08603402817,apartment,6,8.8788,9.020132064819336
08603402949,apartment,6,8.9558,9.014984130859375
08603601011,apartment,6,8.9713,8.436538696289062
08603602875,apartment,6,8.8152,8.701391220092773
08604300783,apartment,6,8.8763,8.981298446655273
08604301291,apartment,6,8.9783,9.04084300994873
08604301321,apartment,6,8.4728,9.060325622558594
08604301331,apartment,6,8.7932,9.064767837524414
08604301445,apartment,6,8.5046,9.057027816772461
08604301550,apartment,6,7.6222,9.00029468536377
08604301577,apartment,6,8.7085,9.031547546386719
08604301712,apartment,6,8.6878,9.026172637939453
08604301720,apartment,6,8.8201,9.043998718261719
08604301951,apartment,6,8.7228,9.031566619873047
08604302085,apartment,6,8.9417,9.043998718261719
08604302158,apartment,6,8.8222,9.043676376342773
08604605134,apartment,6,9.145,8.649734497070312
08604605851,apartment,6,8.872,8.714713096618652
08604607560,apartment,6,9.0809,8.638198852539062
08604607781,apartment,6,8.8739,8.641586303710938
08604608494,apartment,6,9.2442,8.654035568237305
08604608631,apartment,6,8.9508,8.645325660705566
08604800417,apartment,6,8.5612,8.355306625366211
08605100435,apartment,6,9.3114,8.786205291748047
08605100915,apartment,6,9.2314,8.776369094848633
08605102063,apartment,6,9.0332,8.642221450805664
08605800607,apartment,6,8.9687,9.013971328735352
08605800615,apartment,6,9.4211,9.031028747558594
08605800658,apartment,6,9.1769,9.030855178833008
08605800666,apartment,6,9.1769,9.030855178833008
08605800976,apartment,6,8.8737,9.039043426513672
08605801085,apartment,6,8.9879,9.015642166137695
08605801816,apartment,6,9.5164,9.030855178833008
08605802294,apartment,6,8.9965,9.033674240112305
08605802367,apartment,6,9.3742,9.028942108154297
08605803843,apartment,6,9.2249,8.992595672607422
08605804548,apartment,6,9.1168,8.837028503417969
08605804645,apartment,6,9.0918,8.809550285339355
08605804769,apartment,6,8.9466,8.837028503417969
08605804807,apartment,6,9.1225,8.823107719421387
08605804890,apartment,6,9.0819,8.814789772033691
08606400327,apartment,6,8.7775,8.845664978027344
08606401072,apartment,6,8.8244,8.845664978027344
08606401110,apartment,6,8.7604,8.838371276855469
08606401528,apartment,6,8.8201,8.845664978027344
08606700894,apartment,6,9.2659,8.99111270904541
08606701912,apartment,6,9.1238,8.987505912780762
08607100599,apartment,6,8.3253,8.397021293640137
08607200771,apartment,6,8.558,8.284446716308594
08607401671,apartment,6,8.6099,8.457426071166992
08607402366,apartment,6,8.7132,8.460951805114746
08607403338,apartment,6,9.1231,8.718954086303711
08607403338,apartment,6,7.9896,8.713713645935059
08607505092,apartment,6,9.1715,8.688101768493652
08607505203,apartment,6,8.7916,8.75607681274414
08607505548,apartment,6,8.9401,8.74854850769043
08607507087,apartment,6,8.948,8.676130294799805
08608902214,apartment,6,8.8282,8.574508666992188
08609100601,apartment,6,8.6689,8.406164169311523
08609203727,apartment,6,8.7695,8.393455505371094
08609204502,apartment,6,8.5138,8.393072128295898
08609601633,apartment,6,9.1281,8.788351058959961
08609700291,apartment,6,9.0919,8.910862922668457
08609700739,apartment,6,8.9042,8.926280975341797
08609701387,apartment,6,8.8876,8.92721939086914
08609701425,apartment,6,9.4508,8.93355941772461
08609701433,apartment,6,9.0887,8.923303604125977
08609701433,apartment,6,8.931,8.91964340209961
08609702091,apartment,6,9.0148,8.906087875366211
08609702332,apartment,6,9.3881,8.90739917755127
08609702448,apartment,6,9.169,8.906972885131836
08609703029,apartment,6,8.7223,8.907038688659668
08609703061,apartment,6,9.169,8.906972885131836
08610501523,apartment,6,8.3858,8.306045532226562
08610501744,apartment,6,8.5892,8.313133239746094
08610502104,apartment,6,8.4354,8.349947929382324
08610502503,apartment,6,8.4684,8.271081924438477
08610603261,apartment,6,8.7675,8.40567398071289
08610604322,apartment,6,8.9845,8.395445823669434
08610700429,apartment,6,8.7706,8.45992374420166
08610701026,apartment,6,9.0336,8.416828155517578
08610701311,apartment,6,8.8104,8.430407524108887
08610701387,apartment,6,8.9928,8.437323570251465
08612001676,apartment,6,9.0562,8.652755737304688
08612001994,apartment,6,9.18,8.635499954223633
08612101565,apartment,6,8.9579,8.824097633361816
08612201586,apartment,6,8.7487,8.415376663208008
08612301769,apartment,6,8.566,8.405275344848633
08613700993,apartment,6,8.6014,8.36270523071289
08613901026,apartment,6,8.6381,8.332460403442383
08613901778,apartment,6,8.9169,8.483776092529297
08614000928,apartment,6,8.7678,8.26220703125
08614101457,apartment,6,8.8676,8.319751739501953
08614103875,apartment,6,8.7954,8.355731964111328
08614200617,apartment,6,8.382,8.204483985900879
08614500432,apartment,6,9.2917,8.806077003479004
08614500947,apartment,6,9.2831,8.773229598999023
08615800758,apartment,6,8.6066,8.59699821472168
08616100571,apartment,6,7.9715,8.336616516113281
08616201432,apartment,6,8.6936,8.5121431350708
08617800526,apartment,6,8.9915,8.466571807861328
08617800917,apartment,6,8.7409,8.462966918945312
08618800961,apartment,6,8.2983,8.320077896118164
08618801917,apartment,6,9.0931,8.722402572631836
08618802700,apartment,6,7.6989,8.727859497070312
08619200542,apartment,6,8.5926,8.093661308288574
08619400487,apartment,6,8.6099,8.19469165802002
08620201565,apartment,6,8.4086,8.471009254455566
08621401134,apartment,6,8.5085,8.286725997924805
08621501996,apartment,6,8.5127,8.428544044494629
08621502194,apartment,6,8.3489,8.392017364501953
08621700506,apartment,6,8.743,8.31369400024414
08621800731,apartment,6,8.4173,7.970576286315918
08624100615,apartment,6,8.46,8.234170913696289
08624401968,apartment,6,8.5312,8.52614974975586
08624402042,apartment,6,9.1026,8.52881145477295
08624502306,apartment,6,8.8537,8.578989028930664
08624502845,apartment,6,8.6507,8.543103218078613
08624504880,apartment,6,8.8482,8.570281982421875
08624505631,apartment,6,8.6548,8.49901008605957
08625101364,apartment,6,8.1595,8.17612075805664
08625903010,apartment,6,8.8266,8.509709358215332
08625903371,apartment,6,8.3453,8.512101173400879
08626102331,apartment,6,8.6873,8.536195755004883
08626102534,apartment,6,8.8344,8.560544967651367
08626103311,apartment,6,8.8255,8.55968952178955
08626103352,apartment,6,8.8512,8.536029815673828
08626104022,apartment,6,8.5269,8.82675838470459
08626104057,apartment,6,9.1343,8.837701797485352
08627000662,apartment,6,7.8621,8.19483757019043
08629700238,apartment,6,8.6963,8.812515258789062
08629700408,apartment,6,8.7733,8.812515258789062
08629701201,apartment,6,8.8786,8.805681228637695
08629702516,apartment,6,8.7355,8.808393478393555
08630000724,apartment,6,8.3197,8.208998680114746
08630200529,apartment,6,8.5208,8.221582412719727
08632400193,apartment,6,8.2392,8.22706127166748
08632400231,apartment,6,8.1591,8.222970962524414
08632400630,apartment,6,8.5459,8.223684310913086
08632401051,apartment,6,8.0441,8.094776153564453
08632900838,apartment,6,8.6588,8.332952499389648
08632900889,apartment,6,8.4341,8.332952499389648
08632901011,apartment,6,8.5804,8.333518981933594
08635101936,apartment,6,9.1369,8.708908081054688
08635102614,apartment,6,8.9448,8.831764221191406
08635103556,apartment,6,9.0634,8.786802291870117
08636301394,apartment,6,9.1836,8.799654006958008
08636301521,apartment,6,8.7848,8.72964096069336
08636601800,apartment,6,9.3865,8.943717956542969
08636701562,apartment,6,8.974,8.655869483947754
08636702925,apartment,6,8.9503,8.642677307128906
08637200427,apartment,6,9.1106,8.869872093200684
08637200435,apartment,6,8.3682,8.863927841186523
08637400604,apartment,6,9.1439,8.959426879882812
08637400906,apartment,6,9.0507,8.921133041381836
08637401899,apartment,6,8.8426,8.914326667785645
08637402046,apartment,6,9.2821,8.888106346130371
08637402135,apartment,6,8.974,8.753730773925781
08637501427,apartment,6,8.3705,8.768524169921875
08637502156,apartment,6,8.9391,8.81527042388916
08637505112,apartment,6,9.2289,8.863022804260254
08637505155,apartment,6,7.5267,8.87091064453125
08638601786,apartment,6,8.7878,8.809167861938477
08638601824,apartment,6,9.0825,8.856983184814453
08638601913,apartment,6,8.8937,8.803781509399414
08638602014,apartment,6,8.9054,8.797924995422363
08639001987,apartment,6,8.6603,8.141462326049805
08639009058,apartment,6,8.446,8.558991432189941
08639009341,apartment,6,8.7038,8.560897827148438
08639009694,apartment,6,8.657,8.549918174743652
08639009945,apartment,6,8.7038,8.558869361877441
08639009971,apartment,6,8.7796,8.554637908935547
08639010382,apartment,6,8.7144,8.558869361877441
08639010439,apartment,6,8.6491,8.558444023132324
08639010821,apartment,6,8.9405,8.517444610595703
08639011931,apartment,6,8.7823,8.467065811157227
08639013901,apartment,6,8.816,8.446593284606934
08639014531,apartment,6,8.692,8.454256057739258
08639014728,apartment,6,8.6178,8.599775314331055
08639014965,apartment,6,8.5946,8.59510612487793
08639015066,apartment,6,8.8273,8.589712142944336
08643002151,apartment,6,8.2709,8.2810640335083
08643400777,apartment,6,8.5323,8.737591743469238
08643504051,apartment,6,8.304,8.741922378540039
08643504262,apartment,6,8.9612,8.73399543762207
08643504491,apartment,6,9.0142,8.736138343811035
08643600563,apartment,6,8.843,8.96376895904541
08643600611,apartment,6,8.7573,8.955513000488281
08643600881,apartment,6,8.9291,8.962821006774902
08643601081,apartment,6,9.1615,8.96841812133789
08643601659,apartment,6,8.9488,8.96376895904541
08643602760,apartment,6,8.9892,8.968685150146484
08643602825,apartment,6,8.9584,8.955513000488281
08643602833,apartment,6,8.8139,8.962701797485352
08700604038,apartment,8,8.6563,8.729551315307617
08700606944,apartment,8,8.4604,8.739339828491211
08700607071,apartment,8,8.5523,8.747779846191406
08700608610,apartment,8,8.6473,8.738578796386719
08700608671,apartment,8,8.6638,8.749095916748047
08700901229,apartment,8,9.0619,8.823332786560059
08700901296,apartment,8,8.8024,8.828733444213867
08700901962,apartment,8,8.8394,8.822307586669922
08700902111,apartment,8,8.897,8.821036338806152
08700902160,apartment,8,8.9089,8.81326675415039
08701100912,apartment,8,8.659,8.70003604888916
08701101171,apartment,8,8.7148,8.708178520202637
08701101234,apartment,8,8.5105,8.708178520202637
08701103199,apartment,8,9.0517,8.828964233398438
08701103334,apartment,8,8.8589,8.829776763916016
08701104500,apartment,8,8.8891,8.829776763916016
08701105302,apartment,8,9.0213,8.818021774291992
08701105698,apartment,8,9.0006,8.818110466003418
08701105825,apartment,8,8.9825,8.820050239562988
08701105981,apartment,8,8.8723,8.828964233398438
08701106341,apartment,8,8.9435,8.821220397949219
08701107143,apartment,8,9.0569,8.82793140411377
08701107402,apartment,8,8.8255,8.826823234558105
08701107410,apartment,8,8.9599,8.826210021972656
08701108867,apartment,8,8.8064,8.803911209106445
08701110111,apartment,8,8.4867,8.797887802124023
08701111094,apartment,8,9.0768,8.773174285888672
08701111337,apartment,8,8.6786,8.788958549499512
08701111371,apartment,8,8.7053,8.797887802124023
08701111493,apartment,8,8.6149,8.71495246887207
08701111825,apartment,8,9.0933,8.718376159667969
08701201956,apartment,8,8.5378,8.791969299316406
08701202766,apartment,8,8.5837,8.791969299316406
08701204051,apartment,8,8.6777,8.791969299316406
08701204203,apartment,8,8.6668,8.791969299316406
08701204467,apartment,8,8.8356,8.791635513305664
08701801521,apartment,2,8.5388,8.677308082580566
08701801910,apartment,2,8.7855,8.6751070022583
08701802771,apartment,2,8.3746,8.699701309204102
08701803034,apartment,2,8.7836,8.710095405578613
08703600701,apartment,2,8.4021,8.337372779846191
08704300531,apartment,2,7.7987,8.14721393585205
08705501377,apartment,2,8.3078,8.653980255126953
08705503094,apartment,2,8.5801,8.46376895904541
08705503401,apartment,2,8.5764,8.425250053405762
08705505526,apartment,2,8.7035,8.656179428100586
08705509629,apartment,2,8.7948,8.6223726272583
08705509688,apartment,2,8.4902,8.629463195800781
08706800866,apartment,2,8.0082,8.247856140136719
08707201419,apartment,2,8.6349,8.704022407531738
08707202751,apartment,2,8.7855,8.712949752807617
08707202903,apartment,2,8.5541,8.726592063903809
08707203063,apartment,2,8.712,8.727132797241211
08707300859,apartment,2,8.4833,8.39154052734375
08707300921,apartment,2,8.4392,8.394193649291992
08707302371,apartment,2,8.3914,8.729546546936035
08707303173,apartment,2,9.0301,8.726383209228516
08707305648,apartment,2,8.6547,8.687782287597656
08707305729,apartment,2,8.722,8.706921577453613
08707307659,apartment,2,8.1951,8.069812774658203
08707307683,apartment,2,8.829,8.684452056884766
08707308345,apartment,2,8.6103,8.686914443969727
08707309457,apartment,2,8.4402,8.693804740905762
08707502141,apartment,2,8.833,8.854103088378906
08707503938,apartment,2,8.8763,8.72700309753418
08707601328,apartment,2,8.2489,8.689045906066895
08707601611,apartment,2,8.7508,8.68564224243164
08707602847,apartment,2,8.7285,8.691849708557129
08707602863,apartment,2,8.6871,8.684467315673828
08707604394,apartment,2,9.0078,8.695326805114746
08707604505,apartment,2,8.8501,8.698587417602539
08707604531,apartment,2,8.9576,8.726838111877441
08707604653,apartment,2,9.0307,8.708444595336914
08707605196,apartment,2,8.9418,8.698440551757812
08707605420,apartment,2,9.0208,8.706653594970703
08707903871,apartment,2,8.3349,8.610115051269531
08707907834,apartment,2,8.6911,8.621452331542969
08708800741,apartment,2,8.1969,8.448168754577637
08708801649,apartment,2,8.5828,8.5643310546875
08709201742,apartment,2,8.2421,8.514364242553711
08709401547,apartment,2,8.7601,8.781158447265625
08709401921,apartment,2,8.7254,8.783036231994629
08709401997,apartment,2,8.5443,8.908085823059082
08709402098,apartment,2,8.5729,8.748880386352539
08709402276,apartment,2,8.7536,8.783036231994629
08711100370,apartment,6,8.1007,8.451388359069824
08711202033,apartment,6,8.4727,8.676167488098145
08711202556,apartment,6,8.825,8.794267654418945
08711202645,apartment,6,8.9032,8.818668365478516
08711401087,apartment,6,8.9324,8.813345909118652
08711402032,apartment,6,8.8857,8.75318431854248
08711600764,apartment,6,8.7788,8.641831398010254
08712200476,apartment,6,8.7966,8.763599395751953
08712200972,apartment,6,8.8693,8.757108688354492
08712202381,apartment,6,8.9105,8.796119689941406
08712202541,apartment,6,8.8351,8.801763534545898
08712202622,apartment,6,8.9246,8.807138442993164
08714301865,apartment,6,8.8273,8.54498291015625
08714901056,apartment,6,8.5393,8.173299789428711
08714901129,apartment,6,7.9234,8.190704345703125
08715201023,apartment,6,8.7935,8.569055557250977
08715502041,apartment,6,8.9002,8.565998077392578
08716001117,apartment,6,8.673,8.527528762817383
08716102169,apartment,6,7.8366,8.357987403869629
08716201108,apartment,6,8.8119,8.28116226196289
08716400712,apartment,6,8.6406,8.252638816833496
08717401186,apartment,6,8.7998,8.538105010986328
08717401356,apartment,6,8.8379,8.53664779663086
08717401402,apartment,6,8.8501,8.53664779663086
08717800889,apartment,6,8.5905,8.373525619506836
08718300537,apartment,6,8.7911,8.65617847442627
08718300601,apartment,6,8.6791,8.674400329589844
08718300731,apartment,6,8.5035,8.638378143310547
08718301126,apartment,6,8.7432,8.681751251220703
08718301681,apartment,6,8.8162,8.66434383392334
08718301932,apartment,6,8.8496,8.636005401611328
08718600808,apartment,6,8.7403,8.500312805175781
08718700969,apartment,6,8.8793,8.718908309936523
08718704174,apartment,6,8.6042,8.716196060180664
08719601026,apartment,6,8.7082,8.653456687927246
08720101635,apartment,6,8.9609,8.820627212524414
08720600607,apartment,2,8.7197,8.657878875732422
08720600852,apartment,2,8.8643,8.639677047729492
08720801181,apartment,2,8.8221,8.71127700805664
08721501297,apartment,2,8.5732,8.507915496826172
08725501984,apartment,8,8.8988,8.84058952331543
08725502263,apartment,8,8.8199,8.841553688049316
08727000389,apartment,6,8.6082,8.70303726196289
08731403778,apartment,2,8.6748,8.662125587463379
08731403832,apartment,2,8.6467,8.676734924316406
08731404243,apartment,2,8.3214,8.729963302612305
08731404685,apartment,2,8.5262,8.731239318847656
08731404693,apartment,2,8.4267,8.731239318847656
08731406173,apartment,2,8.8647,8.757326126098633
08731500358,apartment,2,8.7614,8.826715469360352
08731502581,apartment,2,8.7392,8.695616722106934
08731502989,apartment,2,8.9012,8.81108283996582
08731504329,apartment,2,8.7415,8.811445236206055
08731507001,apartment,2,8.7855,8.729621887207031
08731507131,apartment,2,8.8632,8.73434829711914
08731507573,apartment,2,8.9162,8.735368728637695
08731509088,apartment,2,8.8351,8.781293869018555
08731509916,apartment,2,8.7894,8.764893531799316
08731510566,apartment,2,8.8199,8.784318923950195
08731519040,apartment,2,7.9248,8.840031623840332
08731519792,apartment,2,9.0486,8.840597152709961
08736602221,apartment,8,8.3702,8.50261116027832
08737400533,apartment,6,8.8899,8.579540252685547
08737401939,apartment,6,8.3952,8.557207107543945
08737407430,apartment,6,8.9144,8.740436553955078
08737411098,apartment,6,8.7385,8.880176544189453
08739602605,apartment,2,9.1746,8.63325023651123
08739605620,apartment,2,8.9215,8.64673137664795
08739608093,apartment,2,8.8666,8.644718170166016
08739608964,apartment,2,8.9446,8.692340850830078
08741000153,apartment,2,8.1461,8.295517921447754
08741800133,apartment,2,7.657,8.526813507080078
08742402050,apartment,8,8.7292,8.681059837341309
08743001548,apartment,8,8.816,8.921468734741211
08743004512,apartment,8,8.7726,8.798702239990234
08743004997,apartment,8,9.0424,8.82740592956543
08743007562,apartment,8,8.8347,8.71289348602295
08743008143,apartment,8,8.4099,8.741281509399414
08743401074,apartment,8,8.8173,8.630751609802246
08743401678,apartment,8,8.705,8.660758972167969
08743401708,apartment,8,8.8457,8.65822696685791
08743403026,apartment,8,8.6472,8.667665481567383
08743403727,apartment,8,8.7292,8.689680099487305
08743404030,apartment,8,8.8597,8.681364059448242
08743404340,apartment,8,8.7978,8.67917537689209
08743405428,apartment,8,8.904,8.688433647155762
08743405843,apartment,8,8.6472,8.685680389404297
08743405861,apartment,8,8.8235,8.671676635742188
08743503667,apartment,8,8.4777,8.619229316711426
08743505139,apartment,8,8.2623,8.5872220993042
08744402031,apartment,6,8.4045,8.344047546386719
08745200777,apartment,6,9.1386,8.773239135742188
08745502374,apartment,2,8.6612,8.457955360412598
08745502791,apartment,2,8.6498,8.880401611328125
08745502846,apartment,2,9.1265,8.874923706054688
08745503702,apartment,2,8.8411,8.861875534057617
08746202986,apartment,2,8.7614,8.5951509475708
08747101318,apartment,2,8.674,8.616655349731445
08747500808,apartment,2,8.3131,8.28281307220459
08747501634,apartment,2,8.0732,8.240835189819336
08800701485,apartment,2,8.7813,8.676813125610352
08801301472,apartment,2,8.767,8.690962791442871
08801302411,apartment,2,8.7641,8.677972793579102
08801302819,apartment,2,8.1439,8.677074432373047
08801302959,apartment,2,8.2147,8.712580680847168
08801304293,apartment,2,8.621,8.685441017150879
08801305729,apartment,2,8.919,8.718719482421875
08801305893,apartment,2,8.7938,8.706096649169922
08801307519,apartment,2,8.3455,8.692768096923828
08801307561,apartment,2,8.6305,8.692768096923828
08801308035,apartment,2,8.8069,8.683191299438477
08801308851,apartment,2,8.5451,8.725205421447754
08801309147,apartment,2,8.8049,8.719008445739746
08802600392,apartment,2,7.6726,8.24985122680664
08803403027,apartment,2,8.7165,8.874682426452637
08803403183,apartment,2,8.7317,8.859966278076172
08803404333,apartment,2,8.9494,8.845914840698242
08803404341,apartment,2,8.7796,8.876157760620117
08803404831,apartment,2,8.9598,8.8782958984375
08803404929,apartment,2,8.9717,8.845914840698242
08803503714,apartment,2,8.294,8.354639053344727
08803505938,apartment,2,8.7993,8.720148086547852
08803507450,apartment,2,8.7711,8.638309478759766
08803600809,apartment,2,8.7018,8.397907257080078
08803601651,apartment,2,8.5969,8.30663013458252
08803601775,apartment,2,8.5078,8.281365394592285
08803602011,apartment,2,8.2752,8.293905258178711
08803602704,apartment,2,8.7906,8.384227752685547
08803602763,apartment,2,8.7834,8.364615440368652
08803603069,apartment,2,8.6944,8.379790306091309
08803605932,apartment,2,8.8078,8.760117530822754
08803700641,apartment,2,8.559,8.331623077392578
08803702601,apartment,2,8.7267,8.363404273986816
08803900950,apartment,2,8.702,8.581977844238281
08804100222,apartment,2,8.4883,8.847074508666992
08804100435,apartment,2,8.7638,8.842488288879395
08804100672,apartment,2,8.8641,8.845865249633789
08804100753,apartment,2,8.7185,8.938089370727539
08804100915,apartment,2,8.7757,8.936111450195312
08804101954,apartment,2,9.1252,8.849658966064453
08804201487,apartment,2,8.6253,8.742685317993164
08804202076,apartment,2,9.0601,8.861943244934082
08804202122,apartment,2,8.429,8.747243881225586
08804203056,apartment,2,9.2103,8.869037628173828
08804606649,apartment,6,8.8286,8.690357208251953
08804607033,apartment,6,8.7787,8.687175750732422
08804607238,apartment,6,8.8273,8.68950366973877
08805101631,apartment,6,8.917,8.821906089782715
08805300713,apartment,6,8.8142,8.68945598602295
08805301051,apartment,6,8.8649,8.681589126586914
08806700571,apartment,2,8.4603,8.636106491088867
08809301692,apartment,2,8.2076,8.096705436706543
08811701066,apartment,2,7.7212,8.287616729736328
08813004346,apartment,2,8.3409,8.567207336425781
08813901380,apartment,2,8.3536,8.497535705566406
08814600831,apartment,2,8.7718,8.60472297668457
08814602026,apartment,2,8.8461,8.612881660461426
08815501029,apartment,2,8.9106,8.683686256408691
08815501118,apartment,2,8.7718,8.681663513183594
08815808523,apartment,2,8.8107,8.511204719543457
08815808574,apartment,2,8.9252,8.512917518615723
08815808701,apartment,2,8.7072,8.511148452758789
08815809368,apartment,2,8.8279,8.49606704711914
08815810382,apartment,2,8.2376,8.662643432617188
08815810641,apartment,2,8.8943,8.601156234741211
08815812423,apartment,2,8.9081,8.530488967895508
08815813330,apartment,2,9.007,8.59811019897461
08815813993,apartment,2,8.851,8.73697280883789
08815816951,apartment,2,8.1637,8.736637115478516
08815817158,apartment,2,8.5144,8.73787784576416
08815817311,apartment,2,8.55,8.7112398147583
08815817689,apartment,2,8.5861,8.736907005310059
08816201371,apartment,2,8.2315,8.091848373413086
08816400722,apartment,2,8.3708,8.097620010375977
08816900458,apartment,2,9.017,8.648675918579102
08816901101,apartment,2,8.9858,8.664239883422852
08816902671,apartment,2,8.96,8.632547378540039
08817005479,apartment,2,8.2626,8.117769241333008
08817006076,apartment,2,8.2819,8.118358612060547
08817008168,apartment,2,8.4914,7.924067974090576
08817015695,apartment,2,8.645,8.571648597717285
08817016454,apartment,2,8.7308,8.58281135559082
08817016675,apartment,2,8.6871,8.592495918273926
08817017183,apartment,2,8.5922,8.55008316040039
08817017396,apartment,2,8.7511,8.547521591186523
08817020419,apartment,2,8.6001,8.742658615112305
08817021350,apartment,2,8.4083,8.760082244873047
08817021431,apartment,2,8.4043,8.760082244873047
08817021921,apartment,2,8.631,8.694083213806152
08817200840,apartment,6,8.5235,8.520204544067383
08817201006,apartment,6,8.4106,8.453095436096191
08817202339,apartment,6,8.8951,8.316910743713379
08817202509,apartment,6,8.8655,8.653684616088867
08819304449,apartment,2,8.6243,8.605539321899414
08819400472,apartment,2,8.9952,8.89285945892334
08822300378,apartment,2,8.0743,8.21914291381836
08824000711,apartment,2,8.6877,8.551887512207031
08824100503,apartment,2,8.1897,8.08092212677002
08824100724,apartment,2,8.262,8.073603630065918
08827201033,apartment,2,8.0635,8.321004867553711
08829803731,apartment,2,8.1125,8.079231262207031
08829806706,apartment,2,8.5764,8.739447593688965
08829806722,apartment,2,8.4429,8.73978328704834
08829808121,apartment,2,8.3818,8.751581192016602
08900201107,apartment,6,8.285,8.238868713378906
08900201247,apartment,6,8.2021,8.22736930847168
08900202741,apartment,6,8.6325,8.537847518920898
08901000563,apartment,2,8.3523,8.636760711669922
08901000768,apartment,2,8.3894,8.63158130645752
08901001187,apartment,2,8.5717,8.643749237060547
08901300801,apartment,6,7.8893,8.291362762451172
08901501058,apartment,6,8.6713,8.584763526916504
08901501414,apartment,6,8.3216,8.56779670715332
08901501503,apartment,6,8.6565,8.564573287963867
08901501899,apartment,6,8.4764,8.568148612976074
08902501280,apartment,6,8.145,8.226581573486328
08902501337,apartment,6,8.2527,8.217206954956055
08902601498,apartment,6,7.6866,8.026132583618164
08903300998,apartment,2,8.3349,7.96799898147583
08903401646,apartment,2,8.3611,8.566873550415039
08903902467,apartment,6,8.7618,8.553096771240234
08904201853,apartment,6,8.195,8.168152809143066
08904300398,apartment,6,8.7126,8.510177612304688
08905200771,apartment,6,8.483,8.28017807006836
08905201644,apartment,6,8.363,8.362425804138184
08905203523,apartment,6,8.7458,8.705575942993164
08905203779,apartment,6,8.6226,8.706620216369629
08905204201,apartment,6,8.8869,8.69713306427002
08906001800,apartment,6,8.948,8.324333190917969
08907302820,apartment,2,7.5364,7.73337459564209
08907302839,apartment,2,7.6615,7.732671737670898
08907306273,apartment,2,8.8049,8.638175964355469
08907306516,apartment,2,8.7283,8.62852668762207
08907307326,apartment,2,8.8728,8.647073745727539
08907307873,apartment,2,8.9061,8.651143074035645
08907308039,apartment,2,8.3288,8.475910186767578
08907601781,apartment,2,8.0759,7.98737907409668
08907602522,apartment,2,8.2209,8.13858413696289
08907603294,apartment,2,7.94,8.082794189453125
08907603367,apartment,2,8.2114,8.071377754211426
08907604061,apartment,2,8.296,8.14732837677002
08907700834,apartment,2,7.9622,7.993100166320801
08907701059,apartment,2,7.775,7.994355201721191
08907800812,apartment,2,8.1578,8.069395065307617
08907802459,apartment,2,8.8418,8.69510269165039
08907803481,apartment,2,8.7368,8.657148361206055
08907901023,apartment,2,8.1456,8.080473899841309
08907901562,apartment,2,8.7204,8.47614860534668
08908200908,apartment,2,8.7116,8.578843116760254
08908300856,apartment,2,8.3326,8.206507682800293
08908301453,apartment,2,8.0317,8.307790756225586
08908605975,apartment,2,8.5277,8.270421028137207
08908607439,apartment,2,8.0413,8.23031234741211
08908608249,apartment,2,8.6885,8.424284934997559
08908609091,apartment,2,8.6835,8.448084831237793
08908609377,apartment,2,8.7068,8.450582504272461
08908700803,apartment,6,8.7362,8.57161808013916
08908700889,apartment,6,8.3728,8.660322189331055
08909502150,apartment,2,8.0591,8.240309715270996
08909504153,apartment,2,8.3602,8.203662872314453
08910202114,apartment,2,8.176,8.312946319580078
08910301996,apartment,2,8.8739,8.578496932983398
08910402441,apartment,2,8.4055,8.10786247253418
08910405341,apartment,2,8.3317,8.119492530822754
08910405491,apartment,2,8.2064,8.137460708618164
08910408006,apartment,2,8.7403,8.652238845825195
08910502134,apartment,2,8.2171,8.0662260055542
08910503777,apartment,2,8.3523,8.274138450622559
08910503866,apartment,2,8.4511,8.269050598144531
08910702801,apartment,2,8.4898,8.494297981262207
08910703245,apartment,2,8.7256,8.45846939086914
08910703903,apartment,2,8.6106,8.465346336364746
08910900628,apartment,2,8.008,7.8622870445251465
08911003646,apartment,2,8.049,7.851409912109375
08911101214,apartment,2,8.2236,7.913661956787109
08911101427,apartment,2,8.1117,8.148079872131348
08911103721,apartment,2,8.85,8.603919982910156
08911202614,apartment,2,8.3165,7.9488701820373535
08911202746,apartment,2,8.2677,7.947168350219727
08911300594,apartment,2,8.0443,7.975255966186523
08911301876,apartment,2,8.3774,8.030813217163086
08911304476,apartment,2,8.5083,8.601730346679688
08911400221,apartment,2,8.2788,7.943854808807373
08911401471,apartment,2,8.4473,8.419230461120605
08911700983,apartment,2,8.0091,8.031656265258789
08911801852,apartment,2,7.9605,7.939339637756348
08913306085,apartment,2,8.1117,8.147193908691406
08913306549,apartment,2,7.3995,7.933908939361572
08913500817,apartment,2,7.8897,8.057540893554688
08913501503,apartment,2,7.9311,8.057540893554688
08913502887,apartment,2,8.4487,8.348313331604004
08913800861,apartment,2,8.0002,8.03343391418457
08913807191,apartment,2,8.2063,8.48558235168457
08914600505,apartment,2,8.6635,8.483085632324219
08914903567,apartment,2,7.9706,8.093408584594727
08914905756,apartment,2,7.8753,8.058652877807617
08915100395,apartment,2,8.4566,8.464777946472168
08915101855,apartment,2,8.4338,8.45004940032959
08915101979,apartment,2,8.3927,8.438082695007324
08915103051,apartment,2,8.4407,8.453836441040039
08915200942,apartment,2,7.8728,8.367082595825195
08915201051,apartment,2,8.3224,8.35775375366211
08915801199,apartment,2,7.6096,7.901418685913086
08919105561,apartment,2,8.0819,8.219544410705566
08919300501,apartment,2,7.9245,8.030080795288086
08921005692,apartment,2,7.7207,7.812748908996582
08921200959,apartment,2,7.9154,8.024726867675781
08921400575,apartment,2,7.9933,8.02206039428711
08923300446,apartment,2,8.08,8.019742012023926
08924100785,apartment,2,8.454,8.34237289428711
08927200764,apartment,2,8.1176,8.195249557495117
08930501176,apartment,1,8.3772,8.589405059814453
08931200757,apartment,1,8.2599,7.9727911949157715
08931501341,apartment,1,8.5312,8.24666976928711
08936500430,apartment,1,7.5926,7.954267501831055
08946600667,apartment,1,7.8837,7.910654067993164
08949900785,apartment,1,7.9836,8.018684387207031
08950001306,apartment,1,8.6612,8.243101119995117
08950001624,apartment,1,8.5308,8.230316162109375
08950602776,apartment,1,8.2453,8.321556091308594
08950602997,apartment,1,8.1117,8.316960334777832
08950603713,apartment,1,8.2851,8.323874473571777
08950604231,apartment,1,8.1468,8.319551467895508
08956201633,apartment,1,8.4454,8.139471054077148
08956400792,apartment,1,8.6507,8.447726249694824
08956801363,apartment,1,7.6487,7.984897613525391
08956801495,apartment,1,8.0976,8.002279281616211
08958001186,apartment,2,8.1238,7.937054634094238
08958002093,apartment,2,7.9787,7.955480575561523
08958300701,apartment,2,8.2534,8.05449104309082
08958301831,apartment,2,8.7038,8.529895782470703
08958502584,apartment,2,8.1075,7.933424949645996
08958503068,apartment,2,8.1328,7.92148494720459
08958700866,apartment,2,8.6616,8.329386711120605
08958702303,apartment,2,8.743,8.550752639770508
08958702605,apartment,2,8.5397,8.548042297363281
08958702699,apartment,2,8.3954,8.548256874084473
08959303348,apartment,2,8.571,8.558143615722656
08959303658,apartment,2,8.4284,8.522071838378906
08959404276,apartment,2,8.2005,7.958741188049316
08959404853,apartment,2,8.5489,8.166191101074219
08959408808,apartment,2,8.5545,7.97450065612793
09005902256,apartment,2,8.7403,8.492609024047852
09006001521,apartment,2,8.8388,8.569404602050781
09006004626,apartment,2,8.6593,8.391239166259766
09006007651,apartment,2,8.4348,8.62929916381836
09006008168,apartment,2,9.1211,8.628643989562988
09006100765,apartment,2,8.1117,8.019160270690918
09006101605,apartment,2,8.2211,8.172013282775879
09006102539,apartment,2,8.0429,8.471017837524414
09006103330,apartment,2,8.0014,8.415731430053711
09006105783,apartment,2,9.0991,8.672144889831543
09006105821,apartment,2,8.4209,8.670001029968262
09006106259,apartment,2,9.2438,8.677783012390137
09006106585,apartment,2,9.252,8.681024551391602
09006106690,apartment,2,9.1932,8.681036949157715
09006107166,apartment,2,8.5925,8.477441787719727
09006109681,apartment,2,8.9959,8.577327728271484
09006112151,apartment,2,8.722,8.548065185546875
09006302041,apartment,2,8.1695,8.249547958374023
09006302422,apartment,2,8.1524,8.252084732055664
09006400432,apartment,2,8.2601,8.159109115600586
09006702722,apartment,2,8.2479,8.49848747253418
09006702935,apartment,2,8.4746,8.498017311096191
09009410323,apartment,2,8.107,8.03185749053955
09009410463,apartment,2,8.0491,8.03185749053955
09009411478,apartment,2,8.1565,8.07448959350586
09009413624,apartment,2,8.4023,8.097196578979492
09009416429,apartment,2,8.5801,8.458992958068848
09009417417,apartment,2,8.4028,8.461038589477539
09009418863,apartment,2,8.5698,8.461038589477539
09010500500,apartment,2,8.186,8.040114402770996
09010501809,apartment,2,8.2369,8.05849838256836
09010601072,apartment,2,8.184,8.402250289916992
09015000360,apartment,2,8.8235,8.512832641601562
09015000743,apartment,2,8.6775,8.465109825134277
09015001359,apartment,2,8.749,8.486948013305664
09015002630,apartment,2,8.6588,8.479677200317383
09015003912,apartment,2,8.6588,8.45450496673584
09015004072,apartment,2,8.6494,8.448184967041016
09015004196,apartment,2,8.7139,8.448184967041016
09015004382,apartment,2,8.6204,8.452316284179688
09015005028,apartment,2,8.6682,8.474165916442871
09016400370,apartment,2,8.2752,8.206531524658203
09016401865,apartment,2,8.3103,8.221647262573242
09016402063,apartment,2,8.3837,8.275810241699219
09017600411,apartment,2,7.8424,7.806267738342285
09019400347,apartment,2,8.3174,8.213850021362305
09019400721,apartment,2,8.3402,8.213394165039062
09019402420,apartment,2,8.298,8.296917915344238
09019601342,apartment,2,7.4045,8.691067695617676
09019602462,apartment,2,8.8425,8.70472526550293
09021001251,apartment,2,8.2884,8.28236198425293
09028100334,apartment,2,8.6842,8.645336151123047
09028100806,apartment,2,8.6555,8.648792266845703
09033101033,apartment,2,8.1658,8.017230033874512
09034602011,apartment,2,8.4402,8.310240745544434
09034603954,apartment,2,8.802,8.655425071716309
09034604632,apartment,2,8.9399,8.656100273132324
09034607143,apartment,2,8.5569,8.663612365722656
09035200748,apartment,2,8.0923,7.937103748321533
09035201061,apartment,2,8.038,8.019527435302734
09035201191,apartment,2,7.9761,8.027360916137695
09035508084,apartment,2,8.8617,8.441205978393555
09035508440,apartment,2,8.7605,8.414523124694824
09035508841,apartment,2,8.3407,8.154491424560547
09035509714,apartment,2,8.323,8.17902946472168
09035510089,apartment,2,8.5024,8.181961059570312
09035511761,apartment,2,8.392,8.188799858093262
09035514033,apartment,2,8.4552,8.608386993408203
09035523024,apartment,2,8.0874,8.729954719543457
09035523067,apartment,2,8.099,7.890856742858887
09035524055,apartment,2,8.3986,8.157190322875977
09035526031,apartment,2,8.4363,8.7056884765625
09035530152,apartment,2,8.1676,8.324239730834961
09035532015,apartment,2,8.5881,8.997539520263672
09035532041,apartment,2,8.52,8.984904289245605
09036400457,apartment,2,8.0909,7.978752136230469
09036700991,apartment,2,7.9258,8.033637046813965
09040201803,apartment,2,8.0064,8.26333999633789
09042302046,apartment,2,7.8378,8.071920394897461
09042303311,apartment,2,8.1186,8.068216323852539
09042303670,apartment,2,8.0334,8.06612777709961
09042304898,apartment,2,8.0875,8.063024520874023
09042305320,apartment,2,8.0418,8.08377742767334
09042308087,apartment,2,7.9269,8.082380294799805
09042309679,apartment,2,8.036,8.032297134399414
09042309881,apartment,2,8.1186,8.061128616333008
09042310049,apartment,2,8.1287,8.059083938598633
09042310375,apartment,2,8.0247,8.034669876098633
09042310774,apartment,2,8.0626,8.034669876098633
09042401443,apartment,2,8.5014,8.401023864746094
09042402016,apartment,2,8.5632,8.410408020019531
09042403292,apartment,2,8.3648,8.386905670166016
09042403543,apartment,2,8.5532,8.386146545410156
09042502509,apartment,2,8.2732,8.112585067749023
09042601841,apartment,2,7.896,7.955784797668457
09043100862,apartment,2,8.2889,8.31467342376709
09043100919,apartment,2,8.3866,8.322389602661133
09043101737,apartment,2,8.3354,8.346466064453125
09043102921,apartment,2,8.2788,8.352205276489258
09043103853,apartment,2,8.2396,8.33698558807373
09043105643,apartment,2,8.5042,8.428836822509766
09043107581,apartment,2,8.3894,8.376879692077637
09043107859,apartment,2,8.3729,8.443429946899414
09043108456,apartment,2,8.5172,8.4437255859375
09043108936,apartment,2,8.3647,8.445416450500488
09043109665,apartment,2,8.3819,8.366426467895508
09043109908,apartment,2,8.6563,8.354413986206055
09043110175,apartment,2,8.7471,8.36572551727295
09043110681,apartment,2,8.3551,8.3532133102417
09043110892,apartment,2,8.6088,8.351442337036133
09043111457,apartment,2,8.5813,8.369598388671875
09043111813,apartment,2,8.4319,8.369598388671875
09043112186,apartment,2,8.5857,8.48403549194336
09044401866,apartment,2,8.2011,8.126550674438477
09044402171,apartment,2,8.2011,8.12553882598877
09044402285,apartment,2,8.2752,8.125665664672852
09044403974,apartment,2,8.395,8.23630142211914
09044405802,apartment,2,8.6226,8.527135848999023
09044406086,apartment,2,8.3728,8.524656295776367
09044409468,apartment,2,8.7319,8.541900634765625
09044409808,apartment,2,8.3875,8.537450790405273
09045700689,apartment,2,7.8728,8.165194511413574
09045701049,apartment,2,8.027,8.163742065429688
09045701073,apartment,2,8.0864,8.16977310180664
09045701529,apartment,2,8.0472,8.155567169189453
09046100251,apartment,2,8.395,8.02687931060791
09046200205,apartment,2,8.784,8.153385162353516
09046202747,apartment,2,8.5647,8.101225852966309
09046206424,apartment,2,9.1768,8.600725173950195
09046207323,apartment,2,8.6068,8.639978408813477
09046803589,apartment,2,8.4128,8.147216796875
09046806073,apartment,2,8.0394,8.082881927490234
09046806235,apartment,2,8.1846,8.082183837890625
09046807142,apartment,2,7.847,8.207419395446777
09046807800,apartment,2,8.4144,8.186914443969727
09046809722,apartment,2,8.4001,8.203283309936523
09046810348,apartment,2,8.1922,8.192367553710938
09046814823,apartment,2,8.096,8.297998428344727
09046816117,apartment,2,8.5262,8.131754875183105
09046817253,apartment,2,7.9508,8.123184204101562
09046831566,apartment,2,8.3958,8.123128890991211
09046831701,apartment,2,8.3871,8.230019569396973
09046836541,apartment,2,8.292,8.057967185974121
09046836657,apartment,2,8.3494,8.059459686279297
09046841693,apartment,2,8.876,8.815603256225586
09046842304,apartment,2,9.1642,8.823314666748047
09046842932,apartment,2,9.005,8.795707702636719
09046843823,apartment,2,7.7517,8.792957305908203
09046845206,apartment,2,9.1022,8.759941101074219
09046846148,apartment,2,9.0033,8.764265060424805
09100300683,apartment,1,8.4931,8.085807800292969
09100301396,apartment,1,7.9576,7.889154434204102
09100302031,apartment,1,8.4727,8.169775009155273
09101202332,apartment,1,8.655,8.189342498779297
09101700898,apartment,1,7.9731,7.939519882202148
09101703021,apartment,1,7.8545,7.925747394561768
09101703048,apartment,1,7.7926,7.925747394561768
09102401673,apartment,1,8.0612,7.879417419433594
09102403048,apartment,1,7.9547,8.137174606323242
09102405148,apartment,1,7.9729,8.178266525268555
09102504596,apartment,1,8.1572,8.118293762207031
09102505721,apartment,1,8.1416,8.043020248413086
09102506785,apartment,1,8.1117,8.113104820251465
09103501965,apartment,2,8.5329,8.304014205932617
09103902145,apartment,2,8.3104,8.182374000549316
09104302710,apartment,2,8.0002,8.16459846496582
09104304209,apartment,2,8.1367,8.276205062866211
09104305681,apartment,2,8.0677,8.305656433105469
09104305922,apartment,2,8.118,8.289021492004395
09104501039,apartment,2,8.0917,8.138608932495117
09106101224,apartment,1,7.9418,8.019174575805664
09106107087,apartment,1,8.4527,8.313352584838867
09106107168,apartment,1,8.5778,8.32438850402832
09106200877,apartment,1,7.8494,7.820351600646973
09106301266,apartment,1,8.2594,8.14195728302002
09107301715,apartment,1,8.1998,8.279651641845703
09107603568,apartment,1,8.1543,8.095083236694336
09109503552,apartment,2,7.754,7.7929487228393555
09109503595,apartment,2,7.988,7.787735462188721
09116900790,apartment,2,7.8947,8.00147819519043
09116900839,apartment,2,8.0029,7.918756484985352
09117000572,apartment,2,7.6868,7.836873531341553
09117200121,apartment,2,8.2171,7.960227966308594
09117200261,apartment,2,8.24,7.959147930145264
09117201901,apartment,2,8.096,7.944863319396973
09117202353,apartment,2,8.0304,7.956510543823242
09117202965,apartment,2,7.9602,7.952752113342285
09117203457,apartment,2,8.1117,7.963729381561279
09121200701,apartment,2,8.3329,8.006568908691406
09121201951,apartment,2,8.4925,8.110734939575195
09121300607,apartment,2,7.8831,7.999249458312988
09121300641,apartment,2,7.9487,7.988317489624023
09121300712,apartment,2,7.9918,7.978889465332031
09122307141,apartment,2,7.886,7.99524450302124
09122600507,apartment,2,7.9374,7.927521705627441
09122602356,apartment,2,8.7584,8.539270401000977
09125600737,apartment,2,8.0251,7.8122944831848145
09136501077,apartment,2,7.7915,8.093323707580566
09139701476,apartment,1,7.6581,8.059619903564453
09139901696,apartment,2,7.8476,8.032033920288086
09140301281,apartment,2,7.8577,7.888979434967041
09140301508,apartment,2,7.4965,7.928017616271973
09145001588,apartment,2,7.8417,8.397972106933594
09145001928,apartment,2,7.6849,8.344106674194336
09159402571,apartment,1,8.3234,8.040878295898438
09159404248,apartment,1,8.0362,7.909475803375244
09302502317,apartment,2,8.2182,8.175621032714844
09302502341,apartment,2,8.0539,8.165456771850586
09302502384,apartment,2,8.089,8.16500186920166
09302503151,apartment,2,8.0175,8.17028522491455
09302503224,apartment,2,8.3724,8.176351547241211
09302504336,apartment,2,8.3955,8.458136558532715
09302505480,apartment,2,8.7237,8.479354858398438
09302506681,apartment,2,8.5598,8.603865623474121
09302703411,apartment,2,8.7775,8.421100616455078
09302703797,apartment,2,8.1131,8.416642189025879
09302705250,apartment,2,8.5397,8.424125671386719
09302710221,apartment,2,8.729,8.47889518737793
09303401255,apartment,2,8.2182,8.196073532104492
09303401581,apartment,2,8.1557,8.249893188476562
09303402863,apartment,2,8.2912,8.310874938964844
09303404173,apartment,2,8.409,8.325535774230957
09303404718,apartment,2,8.4652,8.320699691772461
09303502736,apartment,2,8.4942,8.326454162597656
09303504097,apartment,2,8.6269,8.363447189331055
09303504771,apartment,2,8.5913,8.373689651489258
09303505220,apartment,2,8.5999,8.356233596801758
09304001323,apartment,2,8.8281,8.364039421081543
09304001900,apartment,2,8.7829,8.364051818847656
09304003393,apartment,2,8.5854,8.355222702026367
09304501857,apartment,2,8.3994,8.459465980529785
09304506506,apartment,2,8.1117,8.46021842956543
09304507774,apartment,2,8.6735,8.358312606811523
09305601707,apartment,2,8.3755,8.553714752197266
09308801170,apartment,2,8.3803,8.077980995178223
09308802673,apartment,2,8.3774,8.191427230834961
09308906215,apartment,2,8.4838,8.63231086730957
09310100222,apartment,2,8.1737,8.16730785369873
09422301203,apartment,2,8.3453,7.942956924438477
09422306922,apartment,2,8.3941,8.01236343383789
09422309832,apartment,2,8.253,7.986576080322266
09422310091,apartment,2,8.2806,7.985398769378662
09422313597,apartment,2,8.1828,8.042547225952148
09422316911,apartment,2,8.4039,8.290607452392578
09422317622,apartment,2,8.6687,8.298389434814453
09422318580,apartment,2,8.7226,8.308488845825195
09530800673,apartment,2,8.2328,8.034231185913086
09531200882,apartment,2,8.5717,8.638940811157227
09531201609,apartment,2,8.7641,8.638946533203125
09532300201,apartment,2,8.1566,8.091026306152344
09532301801,apartment,2,8.2203,8.089054107666016
09532302727,apartment,2,8.2311,8.091026306152344
09532307516,apartment,2,8.0182,8.0244140625
09532307656,apartment,2,7.9823,8.020137786865234
09532307761,apartment,2,8.1787,8.020200729370117
09532308229,apartment,2,8.1188,8.02275276184082
09532308806,apartment,2,7.9323,8.02275276184082
09532309535,apartment,2,7.8796,8.020429611206055
09532310746,apartment,2,8.0754,8.02275276184082
09532311084,apartment,2,7.9323,8.02074146270752
09534700975,apartment,2,7.8398,8.04770278930664
09544401423,apartment,2,8.2821,7.944147109985352
09544401776,apartment,2,8.0464,7.932138442993164
09544401784,apartment,2,8.0776,7.925863265991211
09602310766,apartment,7,8.6042,8.516073226928711
09602311223,apartment,7,8.6376,8.579465866088867
09602314656,apartment,7,8.6553,8.502365112304688
09602317981,apartment,7,9.0692,8.854841232299805
09602600322,apartment,7,8.9872,8.610557556152344
09602600381,apartment,7,9.1281,8.606334686279297
09609101658,apartment,7,8.7504,8.378852844238281
09610800319,apartment,7,9.2848,8.868592262268066
09612701075,apartment,7,9.4179,8.622234344482422
09612701636,apartment,7,9.1384,8.620973587036133
09612707200,apartment,7,9.307,8.933853149414062
09700205533,apartment,7,9.0052,8.608795166015625
09700208214,apartment,7,8.6995,8.512157440185547
09700208982,apartment,7,8.2999,8.521536827087402
09700300773,apartment,7,8.8397,8.423288345336914
09700306984,apartment,7,8.723,8.507619857788086
09700307360,apartment,7,8.657,8.544282913208008
09700307395,apartment,7,8.5172,8.543097496032715
09700307522,apartment,7,8.6507,8.506625175476074
09700307549,apartment,7,8.635,8.541352272033691
09700307662,apartment,7,8.6515,8.543706893920898
09700307816,apartment,7,8.6068,8.543097496032715
09700307913,apartment,7,8.6835,8.508903503417969
09700308065,apartment,7,8.5994,8.493708610534668
09700308278,apartment,7,8.6995,8.49685287475586
09700700852,apartment,7,8.7826,8.647022247314453
09700701530,apartment,7,8.7969,8.635810852050781
09700701964,apartment,7,8.7135,8.635970115661621
09700703908,apartment,7,8.796,8.656339645385742
09700704483,apartment,7,8.796,8.633440971374512
09700900169,apartment,7,8.7471,8.429067611694336
09700902242,apartment,7,8.8521,8.414007186889648
09701400313,apartment,7,8.9505,8.622342109680176
09701401034,apartment,7,9.1218,8.623748779296875
09701704487,apartment,7,8.3271,8.59201431274414
09701705378,apartment,7,8.7248,8.600977897644043
09701706201,apartment,7,8.7526,8.601188659667969
09703000878,apartment,7,8.3329,8.344335556030273
09703300243,apartment,7,8.6439,8.475345611572266
09703301071,apartment,7,8.7803,8.482809066772461
09704700989,apartment,7,8.1115,8.286844253540039
09706400737,apartment,7,8.6728,8.341302871704102
09706401075,apartment,7,8.4334,8.329656600952148
09712501124,apartment,7,8.5425,8.662726402282715
09712602834,apartment,7,8.6748,8.52619743347168
09712603784,apartment,7,8.7524,8.547483444213867
09712609626,apartment,7,8.7866,8.648316383361816
09712612661,apartment,7,8.586,8.667683601379395
09712612716,apartment,7,8.6199,8.64504623413086
09800600493,apartment,7,8.8961,8.518736839294434
09800600981,apartment,7,8.8408,8.534473419189453
09800601511,apartment,7,8.7821,8.520817756652832
09801105593,apartment,7,8.6771,8.675256729125977
09801106913,apartment,7,8.6622,8.654826164245605
09801107200,apartment,7,8.5641,8.506664276123047
09801111356,apartment,7,8.6836,8.541374206542969
09801112107,apartment,7,8.7153,8.507455825805664
09801112182,apartment,7,8.2065,8.503793716430664
09801114061,apartment,7,8.655,8.569847106933594
09801114649,apartment,7,8.4684,8.578676223754883
09801115424,apartment,7,8.7808,8.586767196655273
09801801018,apartment,7,8.8551,8.416234970092773
09801801832,apartment,7,8.6886,8.417112350463867
09801802049,apartment,7,8.7835,8.424211502075195
09801802766,apartment,7,8.855,8.424922943115234
09801803002,apartment,7,8.7422,8.419502258300781
09801803673,apartment,7,8.7776,8.439668655395508
09801901136,apartment,7,8.894,8.612066268920898
09801901667,apartment,7,8.8217,8.586889266967773
09801902051,apartment,7,8.8997,8.577786445617676
09801902590,apartment,7,8.2099,8.587522506713867
09802601535,apartment,7,8.5977,8.622182846069336
09802601551,apartment,7,8.7188,8.636075973510742
09802803421,apartment,7,8.0404,8.737476348876953
09802803421,apartment,7,8.5831,8.737237930297852
09803000454,apartment,7,8.5496,8.51476001739502
09803005103,apartment,7,8.9492,8.717321395874023
09803005162,apartment,7,8.3427,8.711065292358398
09803005431,apartment,7,8.742,8.71569538116455
09803006797,apartment,7,8.2833,8.736791610717773
09803007191,apartment,7,8.9419,8.560690879821777
09803007807,apartment,7,8.906,8.560186386108398
09803007815,apartment,7,8.3709,8.548088073730469
09803008544,apartment,7,8.9621,8.559150695800781
09803009516,apartment,7,9.1097,8.566728591918945
09803009613,apartment,7,8.9519,8.512489318847656
09803011650,apartment,7,9.0717,8.606878280639648
09803012452,apartment,7,9.1034,8.59138298034668
09803013610,apartment,7,9.0562,8.557719230651855
09803013971,apartment,7,9.097,8.55945873260498
09803015141,apartment,7,8.7102,8.593409538269043
09803015230,apartment,7,8.844,8.585588455200195
09803015435,apartment,7,8.8123,8.591136932373047
09803015680,apartment,7,8.8699,8.589971542358398
09803015801,apartment,7,8.7553,8.591136932373047
09803015877,apartment,7,8.8278,8.544666290283203
09803016148,apartment,7,8.8749,8.5877685546875
09803016229,apartment,7,8.9177,8.581230163574219
09803016441,apartment,7,8.9025,8.586801528930664
09803018884,apartment,7,8.8938,8.57188606262207
09803019023,apartment,7,8.9018,8.61464786529541
09803100106,apartment,7,9.1449,8.685083389282227
09803100254,apartment,7,8.6422,8.679314613342285
09803101218,apartment,7,8.9645,8.660813331604004
09803101684,apartment,7,8.8094,8.668551445007324
09803102435,apartment,7,8.9929,8.520428657531738
09803102869,apartment,7,8.7459,8.46126937866211
09803103180,apartment,7,9.109,8.5172700881958
09803104284,apartment,7,8.7659,8.506540298461914
09803201778,apartment,7,9.0499,8.647195816040039
09803202537,apartment,7,8.9154,8.6297607421875
09803203665,apartment,7,9.0379,8.615699768066406
09803204701,apartment,7,9.2238,8.63770580291748
09803401130,apartment,7,8.3849,8.586792945861816
09803401149,apartment,7,8.5507,8.556695938110352
09803402226,apartment,7,8.7839,8.58697509765625
09803403801,apartment,7,8.6143,8.598899841308594
09803404857,apartment,7,8.4629,8.567646980285645
09803404954,apartment,7,8.615,8.598899841308594
09803405500,apartment,7,8.6514,8.59945297241211
09803405721,apartment,7,8.6691,8.59945297241211
09803406019,apartment,7,8.6426,8.56827449798584
09803406426,apartment,7,8.7175,8.566980361938477
09803602888,apartment,7,8.6975,8.35283088684082
09803603401,apartment,7,8.8763,8.355829238891602
09804005484,apartment,7,8.759,8.675483703613281
09804005565,apartment,7,8.7774,8.677692413330078
09804005964,apartment,7,8.8374,8.673593521118164
09804006073,apartment,7,8.7213,8.674680709838867
09806302771,apartment,7,8.4543,8.728212356567383
09806302915,apartment,7,8.7829,8.743561744689941
09806401530,apartment,7,8.5881,8.611706733703613
09806403002,apartment,7,8.7139,8.600103378295898
09806403231,apartment,7,8.7599,8.599649429321289
09806403479,apartment,7,8.5061,8.599649429321289
09806500695,apartment,7,8.298,8.343599319458008
09900300386,apartment,7,8.2157,8.425262451171875
09900301455,apartment,7,8.4014,8.437685012817383
09900701062,apartment,7,8.8739,8.574199676513672
09900702573,apartment,7,9.1244,8.52963638305664
09900703154,apartment,7,8.9024,8.549736976623535
09900800907,apartment,7,8.4084,8.686996459960938
09900801903,apartment,7,8.3324,8.650256156921387
09900802381,apartment,7,8.5189,8.645355224609375
09900802772,apartment,7,8.4802,8.669837951660156
09900802810,apartment,7,8.4802,8.670970916748047
09901000645,apartment,7,8.1177,8.782812118530273
09901000671,apartment,7,8.0324,8.795909881591797
09901001064,apartment,7,8.6376,8.788358688354492
09901003911,apartment,7,8.0865,8.788833618164062
09901005231,apartment,7,8.4776,8.77833080291748
09901008522,apartment,7,8.5744,8.848405838012695
09901301270,apartment,7,8.194,8.556526184082031
09901302110,apartment,7,8.5926,8.57223892211914
09901302706,apartment,7,8.7767,8.551017761230469
09901901200,apartment,7,8.9065,8.764631271362305
09901901375,apartment,7,8.6482,8.754670143127441
09901902029,apartment,7,8.2863,8.750713348388672
09901903556,apartment,7,8.5024,8.800374984741211
09904200564,apartment,7,8.6336,8.60941219329834
09904300331,apartment,7,8.2558,8.52066707611084
09904304297,apartment,7,8.4659,8.563529014587402
09904305323,apartment,7,8.479,8.51723861694336
09904307326,apartment,7,8.4392,8.546814918518066
09904313253,apartment,7,8.5685,8.555560111999512
09904700516,apartment,7,8.2889,8.528287887573242
09905400346,apartment,7,8.6945,8.66572093963623
09905400818,apartment,7,8.812,8.648300170898438
09905401441,apartment,7,8.8112,8.637699127197266
09905401814,apartment,7,8.7529,8.637321472167969
09905401938,apartment,7,8.8017,8.635370254516602
09905403051,apartment,7,7.7308,8.653753280639648
09905404155,apartment,7,8.7845,8.688139915466309
10002403489,apartment,9,8.2739,8.15285873413086
10002403918,apartment,9,8.3229,8.15285873413086
10003003824,apartment,9,8.4919,8.140604019165039
10003006203,apartment,9,7.9949,8.193063735961914
10003200921,apartment,9,8.2808,8.218412399291992
10003202177,apartment,9,8.2109,8.165769577026367
10003202460,apartment,9,8.2617,8.521540641784668
10005200368,apartment,9,7.7049,8.088706970214844
10005400464,apartment,9,7.6368,8.380212783813477
10005400618,apartment,9,8.6323,8.386436462402344
10005500795,apartment,9,8.2687,8.234132766723633
10005501406,apartment,9,7.8438,7.917348384857178
10005601680,apartment,9,8.6358,8.519868850708008
10005701162,apartment,9,8.1335,8.199954986572266
10005701499,apartment,9,8.2586,8.077658653259277
10005701960,apartment,9,8.3211,8.160637855529785
10005703017,apartment,9,8.4631,8.29149055480957
10007401670,apartment,9,8.6853,8.470687866210938
10007401964,apartment,9,8.3296,8.475212097167969
10007800621,apartment,9,8.6042,8.413751602172852
10007801385,apartment,9,8.5258,8.409199714660645
10009301584,apartment,9,8.6196,8.42642879486084
10009301703,apartment,9,8.6544,8.425760269165039
10009301851,apartment,9,8.7224,8.421667098999023
10009301886,apartment,9,8.688,8.4235200881958
10009500870,apartment,9,8.1988,8.511474609375
10009501206,apartment,9,8.4709,8.522867202758789
10009501842,apartment,9,8.5613,8.424018859863281
10010111051,apartment,9,9.0562,8.431232452392578
10010902715,apartment,9,8.3022,8.531889915466309
10100705651,apartment,8,8.0652,8.27192211151123
10103607713,apartment,8,8.2234,8.219789505004883
10105300501,apartment,8,7.9237,7.931193828582764
10106206744,apartment,8,8.4886,8.24920654296875
10107103991,apartment,8,8.2846,8.482132911682129
10107104831,apartment,8,8.6435,8.765006065368652
10107105399,apartment,8,8.7556,8.765239715576172
10107106247,apartment,8,8.6603,8.763445854187012
10107107456,apartment,8,8.4876,8.554149627685547
10111001969,apartment,8,8.1908,8.278470993041992
10111002345,apartment,8,8.2738,8.3734712600708
10111003546,apartment,8,8.165,8.381759643554688
10111005360,apartment,8,8.143,8.576873779296875
10111200694,apartment,8,8.483,8.407535552978516
10111400359,apartment,8,7.893,8.417442321777344
10111402831,apartment,8,8.7319,8.623231887817383
10111402904,apartment,8,8.7871,8.638564109802246
10111500744,apartment,8,8.1051,8.341187477111816
10111503026,apartment,8,8.3391,8.605842590332031
10111503204,apartment,8,8.2506,8.60385799407959
10111602946,apartment,8,8.4363,8.590815544128418
10113500636,apartment,8,7.8526,8.26866626739502
10113500652,apartment,8,7.8994,8.268959045410156
10115701116,apartment,8,8.2754,8.385148048400879
10115703089,apartment,8,8.167,8.425577163696289
10118300201,apartment,8,8.1022,8.498165130615234
10120900490,apartment,8,8.4106,8.528018951416016
10120901403,apartment,8,8.2987,8.485477447509766
10126002249,apartment,6,8.574,8.855596542358398
10131201645,apartment,8,8.5429,8.607912063598633
10131202048,apartment,8,8.6849,8.609211921691895
10131203419,apartment,8,8.1375,8.552034378051758
10131207392,apartment,8,8.6541,8.580408096313477
10131207414,apartment,8,8.9029,8.65599536895752
10131207910,apartment,8,8.6173,8.579558372497559
10131208194,apartment,8,8.7916,8.568134307861328
10131208682,apartment,8,8.2131,8.591340065002441
10131209281,apartment,8,8.339,8.573442459106445
10131211594,apartment,8,8.8114,8.57008171081543
10131212590,apartment,8,8.6103,8.576118469238281
10131212744,apartment,8,8.5878,8.585275650024414
10132403640,apartment,8,8.3447,8.652877807617188
10132405521,apartment,8,8.4585,8.654844284057617
10133000981,apartment,8,8.6115,8.44339370727539
10133003239,apartment,8,8.8283,8.816896438598633
10133003964,apartment,8,8.9193,8.819486618041992
10133200875,apartment,8,8.6926,8.525457382202148
10134501143,apartment,8,8.0743,8.655173301696777
10134501798,apartment,8,8.4142,8.656047821044922
10138200751,apartment,8,7.9617,8.605487823486328
10138300843,apartment,8,8.4699,8.48360824584961
10138501040,apartment,8,9.0211,9.093467712402344
10138501105,apartment,8,7.9188,9.102462768554688
10138501415,apartment,8,9.372,9.116002082824707
10138501989,apartment,8,8.5669,9.082517623901367
10138600421,apartment,8,8.8363,8.625371932983398
10138600537,apartment,8,8.788,8.613245010375977
10138700108,apartment,8,8.812,8.719381332397461
10138700140,apartment,8,8.9067,8.717248916625977
10138700388,apartment,8,8.6226,8.715654373168945
10138900859,apartment,8,8.5542,8.920812606811523
10139100406,apartment,8,8.3792,8.669098854064941
10139100511,apartment,8,8.3044,8.65582275390625
10139100546,apartment,8,8.1429,8.69482421875
10139905463,apartment,8,8.3432,8.563621520996094
10139905511,apartment,8,8.323,8.564309120178223
10139906001,apartment,8,8.323,8.564309120178223
10139906011,apartment,8,8.363,8.563882827758789
10139907008,apartment,8,8.4704,8.561788558959961
10139907733,apartment,8,8.362,8.56541633605957
10139908616,apartment,8,8.321,8.563882827758789
10139908896,apartment,8,8.3432,8.56431770324707
10139909371,apartment,8,8.3392,8.563098907470703
10139909612,apartment,8,8.3332,8.563882827758789
10139909701,apartment,8,8.3432,8.576443672180176
10139910319,apartment,8,8.3332,8.565720558166504
10139910351,apartment,8,8.3432,8.563882827758789
10140000622,apartment,8,8.2344,8.564458847045898
10140000657,apartment,8,8.1876,8.566086769104004
10140001866,apartment,8,8.9635,8.819717407226562
10140002153,apartment,8,8.8078,8.91004467010498
10140002978,apartment,8,9.0424,8.947209358215332
10140700901,apartment,6,8.4733,8.100605010986328
10141202083,apartment,8,8.626,8.602320671081543
10141401094,apartment,8,8.5629,8.486204147338867
10141503131,apartment,8,8.6009,8.821060180664062
10141503288,apartment,8,9.0606,8.915788650512695
10141503792,apartment,8,9.158,8.96887493133545
10143700919,apartment,6,9.4812,8.985881805419922
10148601651,apartment,8,7.915,7.9419779777526855
10148606589,apartment,8,8.3962,8.291411399841309
10148607445,apartment,8,8.3284,8.239173889160156
10148607501,apartment,8,8.331,8.238992691040039
10149700971,apartment,8,9.2682,8.722779273986816
10149701054,apartment,8,9.2793,8.721039772033691
10152501117,apartment,8,8.5291,8.604598999023438
10152800319,apartment,8,8.4768,8.33161735534668
10152801501,apartment,8,8.5655,8.328847885131836
10152904416,apartment,8,8.7898,8.459217071533203
10153103735,apartment,8,8.1635,8.126036643981934
10154602689,apartment,6,9.2193,8.56546401977539
10154604339,apartment,6,8.1328,8.903494834899902
10154900728,apartment,8,8.262,8.337150573730469
10154900825,apartment,8,8.2154,8.346787452697754
10155401921,apartment,6,7.8753,8.458784103393555
10155402128,apartment,6,8.3453,8.42608642578125
10155500758,apartment,8,7.6585,7.845444679260254
10155701869,apartment,8,8.0744,7.889404296875
10155702660,apartment,8,8.4355,8.290653228759766
10155703020,apartment,8,8.3691,8.26824951171875
10155704515,apartment,8,8.5263,8.264257431030273
10155704541,apartment,8,8.4606,8.266313552856445
10155704906,apartment,8,8.3584,8.278850555419922
10155705491,apartment,8,7.8414,8.222396850585938
10155706186,apartment,8,8.0914,8.232261657714844
10157702706,apartment,8,8.2447,8.328357696533203
10157707368,apartment,8,8.3093,8.475536346435547
10157707430,apartment,8,8.3798,8.403371810913086
10157807818,apartment,8,8.3205,8.47113037109375
10158303791,apartment,8,8.4039,8.537744522094727
10158304747,apartment,8,8.6036,8.551679611206055
10158306006,apartment,8,8.5932,8.480663299560547
10158306308,apartment,8,8.5032,8.547422409057617
10161602621,apartment,8,8.4968,8.460931777954102
10161602702,apartment,8,8.476,8.460023880004883
10161603407,apartment,8,8.4167,8.380666732788086
10163000531,apartment,8,8.353,8.562750816345215
10163700541,apartment,8,8.789,8.731100082397461
10203000731,apartment,9,8.4764,8.443472862243652
10203000942,apartment,9,8.4764,8.446223258972168
10203201328,apartment,9,8.5172,8.268749237060547
10203201549,apartment,9,8.6644,8.265764236450195
10206600762,apartment,9,8.2453,8.400959014892578
10206601076,apartment,9,8.581,8.379518508911133
10206601467,apartment,9,8.6411,8.377866744995117
10206603079,apartment,9,8.5239,8.434041023254395
10206604581,apartment,9,8.4674,8.35982894897461
10206605217,apartment,9,8.5074,8.344268798828125
10208802435,apartment,9,8.7334,8.38235855102539
10208802826,apartment,9,8.8049,8.401403427124023
10209500513,apartment,9,8.5707,8.489092826843262
10209700571,apartment,9,8.0696,8.113319396972656
10209800452,apartment,9,8.2995,8.017009735107422
10209900805,apartment,9,8.6201,8.415382385253906
10210401663,apartment,9,8.4389,8.40655517578125
10210402988,apartment,9,8.5303,8.426322937011719
10210403046,apartment,9,8.4905,8.424083709716797
10211101558,apartment,9,8.199,8.570789337158203
10211104530,apartment,9,8.6226,8.570789337158203
10211104573,apartment,9,8.6472,8.530688285827637
10211803307,apartment,9,8.7487,8.44206714630127
10211803358,apartment,9,8.6928,8.403465270996094
10211902720,apartment,9,8.5778,8.363090515136719
10211903042,apartment,9,8.5397,8.361778259277344
10212406484,apartment,9,8.3645,8.584503173828125
10212407588,apartment,9,8.7641,8.503271102905273
10212408193,apartment,9,8.4136,8.449363708496094
10212412913,apartment,9,8.5637,8.487457275390625
10212414312,apartment,9,8.2363,8.47983169555664
10302533582,apartment,2,8.1784,8.027908325195312
10302534627,apartment,2,7.9633,8.00983715057373
10302554822,apartment,2,7.6789,8.243785858154297
10302557600,apartment,2,7.9434,8.240682601928711
10302558879,apartment,2,7.8685,8.202512741088867
10304700834,apartment,2,8.4289,8.224817276000977
10304701581,apartment,2,8.5172,8.225371360778809
10305004505,apartment,8,8.8493,8.56807804107666
10400101601,apartment,7,8.3129,8.477725982666016
10401000965,apartment,7,7.8924,8.189831733703613
10401101591,apartment,7,7.6927,8.163850784301758
10402000888,apartment,7,8.0376,8.143770217895508
10402401939,apartment,7,8.1557,8.243718147277832
10402701037,apartment,7,8.3211,8.29662036895752
10404904113,apartment,7,7.8604,8.112930297851562
10405501136,apartment,7,7.8147,8.218819618225098
10405501268,apartment,7,7.686,8.237344741821289
10405504178,apartment,7,8.1699,8.521634101867676
10407402356,apartment,7,8.1252,8.270519256591797
10407404741,apartment,7,7.6935,8.314468383789062
10407406017,apartment,7,8.0843,8.279144287109375
10407406440,apartment,7,8.1222,8.31721305847168
10409301182,apartment,7,7.8398,8.279057502746582
10409501343,apartment,7,8.3052,8.259183883666992
10410002010,apartment,7,7.3668,8.496794700622559
10410301263,apartment,7,8.262,8.491321563720703
10410303071,apartment,7,8.5257,8.47927188873291
10410304130,apartment,7,8.4017,8.499956130981445
10410304181,apartment,7,8.5929,8.50490951538086
10410304688,apartment,7,8.4555,8.504827499389648
10410305171,apartment,7,8.4555,8.504652976989746
10410305706,apartment,7,8.3145,8.500166893005371
10410902216,apartment,7,8.1229,8.508084297180176
10411400303,apartment,7,8.0299,8.289616584777832
10411401687,apartment,7,8.1807,8.28092098236084
10411403744,apartment,7,7.4129,8.271733283996582
10411500741,apartment,7,8.1281,8.354515075683594
10411501894,apartment,7,8.1963,8.354072570800781
10411502491,apartment,7,8.0826,8.344932556152344
10414005138,apartment,7,8.3786,8.261924743652344
10414007289,apartment,7,7.6999,8.258607864379883
10414007343,apartment,7,8.0064,8.27459716796875
10414012991,apartment,7,8.1178,8.305999755859375
10414014498,apartment,7,8.2222,8.389472961425781
10414801759,apartment,7,7.8728,8.562088966369629
10415900807,apartment,7,8.1057,8.4931640625
10415900947,apartment,7,8.3179,8.495237350463867
10415902214,apartment,7,7.3564,8.507559776306152
10417800958,apartment,7,8.6594,8.606954574584961
10417801121,apartment,7,8.654,8.525192260742188
10417801172,apartment,7,8.6715,8.624792098999023
10417801581,apartment,7,8.6752,8.533652305603027
10417801830,apartment,7,8.5629,8.621981620788574
10417802152,apartment,7,8.7203,8.533652305603027
10417802276,apartment,7,8.5035,8.57679557800293
10417802357,apartment,7,8.5172,8.594120025634766
10417802381,apartment,7,8.5813,8.58906078338623
10417802594,apartment,7,8.511,8.594120025634766
10417802659,apartment,7,8.4882,8.594120025634766
10417802721,apartment,7,8.5759,8.589523315429688
10417803027,apartment,7,8.657,8.58426570892334
10417803108,apartment,7,8.5549,8.585947036743164
10417803450,apartment,7,8.5295,8.602217674255371
10417803485,apartment,7,8.5295,8.594425201416016
10417803817,apartment,7,8.6055,8.602956771850586
10417803868,apartment,7,8.5591,8.594425201416016
10417803965,apartment,7,8.5983,8.594425201416016
10417804252,apartment,7,8.7018,8.651285171508789
10502300761,apartment,7,8.0341,8.251411437988281
10502300999,apartment,7,8.2659,8.276958465576172
10510700399,apartment,7,8.3066,8.52204704284668
10516000518,apartment,7,8.3774,8.383317947387695
10516000798,apartment,7,8.2439,8.388690948486328
10516001581,apartment,7,8.6365,8.41522216796875
10516002634,apartment,7,8.717,8.396612167358398
10516002715,apartment,7,8.6603,8.402331352233887
10516003118,apartment,7,8.5362,8.402530670166016
10516003525,apartment,7,8.7248,8.401142120361328
10628102304,apartment,7,8.5172,8.423399925231934
10628103467,apartment,7,8.4338,8.454816818237305
10707504103,apartment,7,8.1117,8.276542663574219
10707505266,apartment,7,8.2242,8.277898788452148
10707505673,apartment,7,8.2027,8.27377700805664
10707509687,apartment,7,8.1582,8.248947143554688
10707514168,apartment,7,7.4186,8.246231079101562
10707517256,apartment,7,8.3406,8.25314998626709
10709300629,apartment,7,8.5887,8.506111145019531
10711202647,apartment,7,8.1147,8.26399040222168
10718500996,apartment,7,8.1242,8.326105117797852
10718502239,apartment,7,8.2164,8.340217590332031
10718503723,apartment,7,8.0794,8.369854927062988
10718504428,apartment,7,8.0362,8.348586082458496
10718505971,apartment,7,8.0964,8.634629249572754
10718506821,apartment,7,8.189,8.550962448120117
10718507222,apartment,7,8.1938,8.55976676940918
10721603342,apartment,7,7.8445,7.946774959564209
10722401077,apartment,7,8.057,8.321660041809082
10729500771,apartment,4,7.9798,7.84193229675293
10729501646,apartment,4,7.9406,7.858625411987305
10729501956,apartment,4,7.9406,7.859222412109375
10743504223,apartment,7,8.2896,8.278655052185059
10743505270,apartment,7,8.3748,8.25406265258789
10743505556,apartment,7,8.3116,8.319047927856445
10743507591,apartment,7,8.6594,8.32502269744873
10743508547,apartment,7,8.6608,8.339387893676758
10743510479,apartment,7,7.5284,8.293235778808594
10743512080,apartment,7,7.9239,8.350299835205078
10743512838,apartment,7,8.6026,8.533729553222656
10743513893,apartment,7,8.1414,8.555740356445312
10743514377,apartment,7,8.5879,8.535860061645508
10743602306,apartment,7,8.5325,8.236687660217285
10744702150,apartment,7,8.0543,8.22322940826416
10744703025,apartment,7,8.096,8.22808837890625
10746200837,apartment,7,8.0682,8.385143280029297
10746203224,apartment,7,8.1636,8.374396324157715
10803700953,apartment,7,8.0929,8.100320816040039
10904301205,apartment,4,8.7928,8.014434814453125
10904301833,apartment,4,8.8049,8.018448829650879
10904302015,apartment,4,8.6975,8.016803741455078
10904302678,apartment,4,8.7649,8.038654327392578
10905000853,apartment,4,7.744,7.947169303894043
10905202952,apartment,4,8.4584,7.95244026184082
10905204130,apartment,4,7.9576,7.949923515319824
10905208004,apartment,4,8.2352,7.952156066894531
10905208233,apartment,4,8.1399,7.95244026184082
10905702041,apartment,4,8.5913,7.9552154541015625
10905702246,apartment,4,8.4859,7.9552154541015625
10906200961,apartment,4,8.3248,8.03003978729248
10916701076,apartment,4,8.8049,8.23574161529541
11018401155,apartment,3,7.981,7.9874701499938965
11020401280,apartment,3,8.1229,8.10311222076416
11021301271,apartment,3,8.4431,8.324655532836914
11021901953,apartment,3,8.2428,8.169116020202637
11022801952,apartment,3,7.9111,7.981534957885742
11024301175,apartment,3,7.6905,8.019176483154297
11024302570,apartment,3,8.0064,8.02039909362793
11027500853,apartment,3,8.0518,8.011792182922363
11027501280,apartment,3,8.1117,7.983118534088135
11028801040,apartment,3,8.8049,8.417097091674805
11029000726,apartment,3,8.3349,8.261312484741211
11029000734,apartment,3,8.0529,8.178229331970215
11042602645,apartment,3,7.7047,7.951324462890625
11047200286,apartment,3,8.3644,8.0693359375
11048102131,apartment,3,7.8835,7.985126495361328
11048102301,apartment,3,7.8812,7.976040840148926
11048108774,apartment,3,8.0158,8.301307678222656
11048702323,apartment,3,7.9633,8.002524375915527
11050708368,apartment,3,8.567,8.379228591918945
11050712098,apartment,3,7.8589,8.320661544799805
11050712780,apartment,3,8.5983,8.377058982849121
11050713663,apartment,3,8.7403,8.42210578918457
11052001202,apartment,3,8.4982,8.277154922485352
11052001520,apartment,3,8.3218,8.342780113220215
11052002233,apartment,3,8.4142,8.286545753479004
11106601849,apartment,3,8.1022,8.22431468963623
11133201422,apartment,5,7.9984,8.075156211853027
11133201791,apartment,5,8.6173,8.115291595458984
11133301036,apartment,5,8.5119,8.289981842041016
11140700684,apartment,5,8.0839,8.065719604492188
11146500172,apartment,5,7.8812,7.906480312347412
11146500261,apartment,5,7.9354,7.90671443939209
11148805027,apartment,3,8.2224,8.065999984741211
11148805264,apartment,3,8.117,8.06464958190918
11153401958,apartment,5,8.3124,7.989599227905273
11153401966,apartment,5,8.3063,7.989317893981934
11155307185,apartment,3,8.2998,8.145513534545898
11155307649,apartment,3,8.2428,8.11031723022461
11155501011,apartment,3,8.1927,7.991752624511719
11159200148,apartment,5,8.1375,8.024967193603516
11159200695,apartment,5,7.9549,7.996642112731934
11159203317,apartment,5,8.1106,8.038954734802246
11205000797,apartment,5,8.0652,8.028359413146973
11239602447,apartment,5,7.565,8.027170181274414
11239602552,apartment,5,7.5811,8.022449493408203
11242200664,apartment,5,8.1713,8.065533638000488
11244100713,apartment,5,7.5496,8.170576095581055
11244401071,apartment,5,8.1605,8.135760307312012
11244401101,apartment,5,8.1007,8.00698184967041
11244401349,apartment,5,8.2586,8.071470260620117
11245601155,apartment,5,8.2374,7.962257385253906
11245601635,apartment,5,8.1728,7.965446472167969
11245801103,apartment,5,8.276,8.009344100952148
11247300896,apartment,5,7.4291,8.193120956420898
11252400194,apartment,5,8.0063,8.20395565032959
11252400259,apartment,5,7.9492,8.24610424041748
11252400275,apartment,5,7.7749,8.20395565032959
11263103277,apartment,5,8.2623,8.070244789123535
11264401972,apartment,5,8.4134,8.318115234375
11266402194,apartment,5,7.9137,7.70120906829834
11266404308,apartment,5,8.1882,7.769524574279785
11266404987,apartment,5,8.0181,7.670662879943848
11266406122,apartment,5,8.1237,8.037689208984375
11266406157,apartment,5,8.0893,8.048791885375977
11266406289,apartment,5,8.0195,8.047637939453125
11266406300,apartment,5,8.074,8.047637939453125
11267000685,apartment,5,8.2501,8.071610450744629
11267001541,apartment,5,8.1195,8.072097778320312
11267100167,apartment,5,8.0104,7.958408355712891
11267100541,apartment,5,8.3837,8.092495918273926
11267101554,apartment,5,8.429,8.093436241149902
11280700539,apartment,5,7.9947,7.85597562789917
11285702149,apartment,5,8.0725,7.971674919128418
11285702238,apartment,5,8.2548,7.972609519958496
11301001855,apartment,3,8.8763,8.454312324523926
11302301445,apartment,3,8.4482,8.255918502807617
11303200685,apartment,3,8.1425,8.24145793914795
11304101931,apartment,3,7.9759,8.138731956481934
11304102407,apartment,3,7.9898,8.144779205322266
11304102601,apartment,3,8.0826,8.144779205322266
11308301161,apartment,3,8.5674,8.357573509216309
11308301242,apartment,3,8.5913,8.357779502868652
11312700377,apartment,3,7.927,8.145454406738281
11315000538,apartment,3,8.2594,8.538556098937988
11316501034,apartment,3,8.2572,8.218908309936523
11316501069,apartment,3,8.4248,8.2772216796875
11316501107,apartment,3,8.5638,8.282709121704102
11317800515,apartment,3,8.0577,8.220460891723633
11317900714,apartment,3,8.7139,8.396295547485352
11317900722,apartment,3,8.4952,8.403379440307617
11321000692,apartment,3,8.614,8.280158996582031
11322600715,apartment,3,8.2506,8.420146942138672
11322600812,apartment,3,7.5521,8.30351448059082
11325200981,apartment,3,8.645,8.373747825622559
11333501020,apartment,3,7.6855,7.942022323608398
11336202261,apartment,3,8.3306,8.507472038269043
11342201451,apartment,3,8.0668,8.000127792358398
11346601312,apartment,3,8.5598,8.348130226135254
11346602327,apartment,3,8.2307,8.350722312927246
11346602874,apartment,3,7.9601,8.350412368774414
11360701248,apartment,3,8.3549,8.299126625061035
11361401418,apartment,3,8.4498,8.385787963867188
11361500416,apartment,3,8.6088,8.337230682373047
11361500505,apartment,3,7.8787,8.320034980773926
11361501358,apartment,3,8.5007,8.376163482666016
11361501481,apartment,3,8.5705,8.323719024658203
11361502443,apartment,3,8.4608,8.324396133422852
11361502664,apartment,3,8.4752,8.32351303100586
11361502834,apartment,3,8.5298,8.30502986907959
11361503172,apartment,3,8.499,8.382220268249512
11361503423,apartment,3,8.5442,8.324417114257812
11361504152,apartment,3,8.5713,8.419461250305176
11361505043,apartment,3,8.3311,8.424154281616211
11361506155,apartment,3,8.5172,8.41495132446289
11361506244,apartment,3,8.3569,8.419168472290039
11400101068,apartment,5,8.2601,8.108314514160156
11400800616,apartment,5,8.6924,8.20570182800293
11401701298,apartment,5,7.7595,7.982487678527832
11405800193,apartment,5,7.9427,7.965653896331787
11405800428,apartment,5,7.8604,7.962438583374023
11406405204,apartment,5,8.5025,8.34160041809082
11406406790,apartment,5,8.2048,8.331343650817871
11406408734,apartment,5,8.2208,8.320032119750977
11406409935,apartment,5,8.2251,8.332193374633789
11406410534,apartment,5,8.2504,8.341992378234863
11407505504,apartment,5,8.4233,8.10986042022705
11407508090,apartment,5,7.7972,8.111740112304688
11408601590,apartment,5,8.3228,8.237798690795898
11408901195,apartment,5,7.9896,7.8297648429870605
11409201421,apartment,5,8.4742,7.948578834533691
11409201707,apartment,5,8.2118,7.951210975646973
11409301469,apartment,5,8.1718,7.95424222946167
11409903183,apartment,5,8.1532,7.918766021728516
11410800813,apartment,5,7.9896,7.9415202140808105
11410800945,apartment,5,8.2428,7.932972431182861
11411003089,apartment,5,8.3371,8.019323348999023
11411003501,apartment,5,8.2372,8.040334701538086
11411003585,apartment,5,8.294,8.059266090393066
11411003615,apartment,5,8.2035,8.024784088134766
11411003658,apartment,5,8.1676,8.061112403869629
11411003755,apartment,5,8.3096,8.060754776000977
11411201476,apartment,5,7.7164,7.805891036987305
11411203924,apartment,5,7.7609,7.797144412994385
11411204009,apartment,5,7.8835,7.798212051391602
11411503065,apartment,5,8.2257,8.193734169006348
11411601806,apartment,5,8.0258,8.026449203491211
11412206307,apartment,5,8.1425,8.24984073638916
11412601346,apartment,5,8.3761,8.085471153259277
11412601370,apartment,5,8.3147,8.201032638549805
11412701881,apartment,5,8.2089,8.247358322143555
11414201213,apartment,5,7.7522,7.738868713378906
11419901205,apartment,5,8.2562,8.138229370117188
11419902066,apartment,5,8.163,8.25244140625
11425501140,apartment,5,7.9274,7.777565002441406
11425501256,apartment,5,8.1117,7.822475433349609
11425501647,apartment,5,7.6735,7.833971977233887
11425801357,apartment,5,8.274,7.989322662353516
11426200756,apartment,5,7.6393,7.727935314178467
11430100868,apartment,5,8.2295,7.96212911605835
11432101187,apartment,5,8.2499,8.081514358520508
11432101454,apartment,5,8.2804,8.075048446655273
11437604861,apartment,5,8.0709,7.8531951904296875
11437605671,apartment,5,8.2245,8.149826049804688
11437607585,apartment,5,8.5034,8.099206924438477
11437608336,apartment,5,8.3837,8.01402473449707
11437611035,apartment,5,8.4839,7.973328113555908
11439100593,apartment,5,8.2187,8.070219039916992
11501805338,apartment,5,7.7571,8.252591133117676
11501805801,apartment,5,8.104,8.262826919555664
11502201533,apartment,5,7.5811,8.167314529418945
11508005345,apartment,5,8.1487,8.326602935791016
11508005477,apartment,5,8.0064,8.317665100097656
11508006546,apartment,5,8.0357,8.216590881347656
11508008573,apartment,5,8.1089,8.306869506835938
11508008727,apartment,5,7.9988,8.313823699951172
11510500870,apartment,5,8.4145,8.293813705444336
11521102197,apartment,5,7.3381,8.037202835083008
11523504111,apartment,5,7.7245,7.827402591705322
11523504519,apartment,5,7.7245,7.8337273597717285
11523504764,apartment,5,7.8793,7.830123424530029
11524900711,apartment,5,7.683,8.080580711364746
11524900949,apartment,5,7.9922,8.038537979125977
11528201131,apartment,5,7.6323,8.286741256713867
11528201573,apartment,5,7.7233,8.283998489379883
11534402348,apartment,5,8.197,8.113765716552734
11534403298,apartment,5,8.1932,8.112228393554688
11534403336,apartment,5,7.7232,8.117364883422852
11604901585,apartment,3,8.6592,8.361777305603027
11604903529,apartment,3,8.4347,8.26064395904541
11604903782,apartment,3,8.6345,8.2298583984375
11604904861,apartment,3,7.9547,8.243570327758789
11604905130,apartment,3,7.6782,8.280986785888672
11605503990,apartment,3,8.4592,8.315261840820312
11605506450,apartment,3,8.4068,8.353221893310547
11605506752,apartment,3,8.3774,8.343820571899414
11605507988,apartment,3,8.2637,8.353086471557617
11606701095,apartment,3,8.4118,8.461549758911133
11606701133,apartment,3,8.263,8.395370483398438
11607301643,apartment,3,7.5676,8.264066696166992
11607503262,apartment,3,8.2421,8.307774543762207
11609500775,apartment,3,8.4505,8.408884048461914
11609500805,apartment,3,8.4505,8.408411026000977
11610400746,apartment,3,8.7584,8.547269821166992
11615201571,apartment,3,8.0985,8.12615966796875
11625000838,apartment,3,7.9446,8.220405578613281
11625001532,apartment,3,8.3261,8.230583190917969
11626402786,apartment,3,7.9576,7.9330315589904785
11626402999,apartment,3,8.0247,7.933535575866699
11626403121,apartment,3,8.0998,7.938865661621094
11626403561,apartment,3,7.4831,7.972840309143066
11626404347,apartment,3,8.1582,7.959669589996338
11626701937,apartment,3,8.3904,8.178017616271973
11626702399,apartment,3,8.1468,8.180582046508789
11626703700,apartment,3,8.3439,8.206894874572754
11631203461,apartment,3,8.4294,8.146224975585938
11631204296,apartment,3,8.1987,8.160675048828125
11631301135,apartment,3,8.0696,7.975037097930908
11631302751,apartment,3,8.0789,8.18783187866211
11631303995,apartment,3,8.2232,8.147171020507812
11631400958,apartment,3,7.8335,8.05368709564209
11631704418,apartment,3,8.2538,8.204254150390625
11631704884,apartment,3,8.1759,8.230486869812012
11631903331,apartment,3,8.3106,8.24317741394043
11632001501,apartment,3,8.294,8.201417922973633
11632002786,apartment,3,8.5172,8.201163291931152
11632002956,apartment,3,8.1485,8.201980590820312
11632004126,apartment,3,8.2816,8.240717887878418
11632004754,apartment,3,8.5939,8.252218246459961
11632801743,apartment,3,8.1934,8.14512825012207
11632802731,apartment,3,8.1483,8.137359619140625
11632802881,apartment,3,7.7087,8.133679389953613
11633001813,apartment,3,8.3538,8.16415023803711
11633004251,apartment,3,8.2793,8.169568061828613
11633004618,apartment,3,8.2172,8.141769409179688
11633004987,apartment,3,8.0995,8.169403076171875
11633006009,apartment,3,8.1117,8.190655708312988
11633006491,apartment,3,8.08,8.17420768737793
11636201147,apartment,3,7.5147,8.159554481506348
11636201341,apartment,3,8.4882,8.29570198059082
11640200230,apartment,3,8.5817,8.221534729003906
11640200419,apartment,3,8.3931,8.22200870513916
11640200796,apartment,3,8.3931,8.22200870513916
11640201148,apartment,3,8.4331,8.204832077026367
11640203221,apartment,3,8.2245,8.18777847290039
11640204279,apartment,3,8.279,8.178252220153809
11640204465,apartment,3,8.0317,8.126849174499512
11640204570,apartment,3,8.1858,8.132549285888672
11640204953,apartment,3,8.2245,8.177276611328125
11640703259,apartment,3,7.9576,8.078596115112305
11641401302,apartment,3,8.1578,8.130776405334473
11643900985,apartment,3,8.5439,8.496524810791016
11643901019,apartment,3,8.5172,8.484777450561523
11652604269,apartment,3,7.4338,8.407974243164062
11652604889,apartment,3,8.2703,8.402755737304688
11652605079,apartment,3,8.4118,8.411365509033203
11652606202,apartment,3,8.493,8.40625
11652606822,apartment,3,8.4652,8.433645248413086
11653701543,apartment,3,8.0677,8.02736759185791
11653801475,apartment,3,8.4118,8.251808166503906
11653801513,apartment,3,8.3837,8.252378463745117
11653802412,apartment,3,8.1892,8.423917770385742
11653802749,apartment,3,8.6562,8.405712127685547
11715200887,apartment,3,8.0376,8.222025871276855
11715200895,apartment,3,8.074,8.23324966430664
11719500664,apartment,3,8.462,8.31141185760498
11726500801,apartment,3,8.5402,8.415796279907227
11726500844,apartment,3,8.3777,8.415796279907227
11726903507,apartment,3,7.8767,7.921367168426514
11727602098,apartment,3,7.9817,8.40755558013916
11727602101,apartment,3,8.0317,8.425430297851562
11728000946,apartment,3,8.5292,8.567922592163086
11728001144,apartment,3,8.7096,8.56686019897461
11728601346,apartment,3,8.0403,8.012874603271484
11730900673,apartment,3,8.1407,8.15153980255127
11730902544,apartment,3,8.1689,8.147041320800781
11730904237,apartment,3,8.2295,8.254135131835938
11730905829,apartment,3,8.1987,8.238512992858887
11730907112,apartment,3,8.689,8.335792541503906
11731100700,apartment,3,7.7101,8.168200492858887
11731301285,apartment,3,8.1209,8.203153610229492
11738704873,apartment,3,8.2376,8.171335220336914
11738706957,apartment,3,7.7994,8.176864624023438
11738707473,apartment,3,8.0995,8.169804573059082
11738708208,apartment,3,8.0225,8.171335220336914
11738708380,apartment,3,8.1535,8.173412322998047
11738708801,apartment,3,8.1358,8.169804573059082
11738709824,apartment,3,8.034,8.064861297607422
11738709832,apartment,3,7.8874,8.06254768371582
11739904353,apartment,3,8.2998,8.403514862060547
11741103397,apartment,3,8.4372,8.300503730773926
11741104210,apartment,3,8.4203,8.302898406982422
11741108240,apartment,3,8.4842,8.30204963684082
11741108331,apartment,3,8.5919,8.308456420898438
11744204690,apartment,3,7.6871,8.065855979919434
11744205451,apartment,3,7.9487,8.018655776977539
11744205913,apartment,3,8.1266,8.035123825073242
11744206286,apartment,3,7.5835,8.092689514160156
11744208572,apartment,3,8.3104,8.262748718261719
11744212545,apartment,3,8.4291,8.340124130249023
11744212855,apartment,3,8.3179,8.34217643737793
11744214017,apartment,3,8.6551,8.359299659729004
11808300571,apartment,3,8.1987,8.078668594360352
11812900731,apartment,3,8.3862,8.321687698364258
11819601365,apartment,3,7.8951,8.399045944213867
11819601969,apartment,3,8.2118,8.384310722351074
11819702099,apartment,3,8.0383,8.081685066223145
11819705810,apartment,3,8.4802,8.333099365234375
11819802107,apartment,3,8.4637,8.27161693572998
11819803812,apartment,3,8.4988,8.244614601135254
11819806171,apartment,3,8.562,8.296356201171875
11823200620,apartment,9,8.372,8.418472290039062
11830503129,apartment,3,7.6402,8.06537914276123
11830602933,apartment,9,8.0967,8.508502960205078
11830603123,apartment,9,8.3428,8.479690551757812
11830603522,apartment,9,8.4338,8.479690551757812
11830605533,apartment,9,8.6673,8.421102523803711
11830608011,apartment,9,8.8768,8.360485076904297
11830608648,apartment,9,8.7238,8.524133682250977
11830611071,apartment,9,8.2424,8.500831604003906
11830611479,apartment,9,8.5901,8.469474792480469
11830611665,apartment,9,8.7308,8.510246276855469
11830612602,apartment,9,8.5996,8.433416366577148
11834201623,apartment,9,8.4851,8.3638277053833
11834701251,apartment,9,8.6173,8.470438003540039
11835601153,apartment,9,8.0457,8.069616317749023
11835601676,apartment,9,8.1237,8.07559585571289
11836801431,apartment,9,7.3899,8.46138858795166
11836802942,apartment,9,8.3703,8.46674919128418
11838403239,apartment,3,8.1554,8.094940185546875
11838404707,apartment,3,8.3444,8.386405944824219
11838405886,apartment,3,7.9121,8.388845443725586
11838406661,apartment,3,8.3725,8.490522384643555
11838410227,apartment,3,8.432,8.476821899414062
11839700377,apartment,3,8.233,8.212319374084473
11839700431,apartment,3,8.4126,8.27498722076416
11841900345,apartment,3,8.4096,8.416461944580078
11847301532,apartment,9,8.4903,8.341207504272461
11847302806,apartment,9,8.4372,8.399759292602539
11847303160,apartment,9,8.3682,8.399202346801758
11847303616,apartment,9,8.2613,8.35134220123291
11847304043,apartment,9,8.4903,8.342609405517578
11847304248,apartment,9,7.7879,8.341489791870117
11852700271,apartment,9,8.2043,8.25029182434082
11852701381,apartment,9,7.6699,8.227357864379883
11852800223,apartment,9,7.8847,7.936440467834473
11852800606,apartment,9,8.1311,7.936440467834473
11852801742,apartment,9,8.0912,7.921653747558594
11853001103,apartment,9,8.3768,8.381136894226074
11853001200,apartment,9,8.1689,8.37126350402832
11853001375,apartment,9,7.5014,8.372121810913086
11854100733,apartment,9,8.6436,8.526123046875
11854100881,apartment,9,8.6466,8.472063064575195
11854100911,apartment,9,8.5854,8.47725772857666
11854101391,apartment,9,8.5271,8.474260330200195
11854101519,apartment,9,8.4577,8.47606372833252
11854101543,apartment,9,8.7208,8.510896682739258
11854102086,apartment,9,8.5219,8.47606372833252
11854102507,apartment,9,8.72,8.511743545532227
11854103015,apartment,9,8.7073,8.577875137329102
11854103740,apartment,9,8.6119,8.575159072875977
11854103791,apartment,9,8.5707,8.472063064575195
11854104089,apartment,9,8.6721,8.576119422912598
11854104798,apartment,9,8.8425,8.508596420288086
11913600393,apartment,1,7.346,7.9227986335754395
11913600725,apartment,1,7.9194,7.9227986335754395
11913600989,apartment,1,8.0221,7.906867980957031
11915300575,apartment,1,7.8657,7.985462188720703
11915800799,apartment,1,7.8896,7.850985050201416
11917102258,apartment,1,8.0915,7.993788719177246
11919502350,apartment,1,8.4302,8.371814727783203
11924100486,apartment,1,7.7961,7.816003322601318
11928000771,apartment,1,8.4734,8.165628433227539
11928001490,apartment,1,8.392,8.165960311889648
11928001598,apartment,1,7.9659,8.208575248718262
11928002306,apartment,1,8.4566,8.154717445373535
11928002349,apartment,1,8.0276,8.195594787597656
11928002608,apartment,1,8.4154,8.19188404083252
11928004112,apartment,1,8.4584,8.159826278686523
11929800516,apartment,1,7.5056,8.117170333862305
11929800796,apartment,1,7.3486,8.128520965576172
11929801342,apartment,1,7.7569,8.119389533996582
11929804643,apartment,1,8.2048,8.400073051452637
11929808517,apartment,1,8.7701,8.400073051452637
11930701194,apartment,1,7.8005,8.125984191894531
11930701631,apartment,1,8.1259,8.045249938964844
11934101507,apartment,1,8.3428,7.962671756744385
11934200981,apartment,1,8.0064,7.89548397064209
11934201102,apartment,1,7.7326,7.908166885375977
11934201722,apartment,1,7.849,7.907337188720703
11934202001,apartment,1,7.7537,7.907064437866211
11934202011,apartment,1,7.8714,7.903877258300781
11934300488,apartment,1,8.4752,8.151759147644043
11934303134,apartment,1,8.1586,8.153937339782715
11934303568,apartment,1,8.2157,8.154626846313477
11934303770,apartment,1,8.178,8.156204223632812
11934304394,apartment,1,7.9156,8.154094696044922
11934307016,apartment,1,8.3374,8.123294830322266
11934308225,apartment,1,8.1731,8.113164901733398
11934308837,apartment,1,7.824,7.976497173309326
11934311404,apartment,1,7.9329,7.991824150085449
11934900914,apartment,1,8.2346,8.197042465209961
11934904030,apartment,1,8.535,8.300043106079102
11934904162,apartment,1,8.5172,8.300871849060059
11934904219,apartment,1,8.409,8.300871849060059
11934904316,apartment,1,8.6687,8.422510147094727
11934905223,apartment,1,8.3811,8.405341148376465
11934905665,apartment,1,8.4808,8.389652252197266
11934907501,apartment,1,8.497,8.184675216674805
12001303369,apartment,2,8.3416,8.409435272216797
12001401727,apartment,2,8.2425,8.664478302001953
12002100690,apartment,2,7.7551,8.006189346313477
12002100712,apartment,2,8.1117,8.007715225219727
12002300819,apartment,2,8.1495,8.184549331665039
12002400635,apartment,2,7.9309,7.9726362228393555
12002402867,apartment,2,8.4767,8.37795639038086
12002403121,apartment,2,8.3994,8.384828567504883
12002801729,apartment,2,8.7541,8.425985336303711
12003401619,apartment,2,8.3063,8.345993041992188
12003403131,apartment,2,8.3387,8.330549240112305
12003403921,apartment,2,8.4254,8.305992126464844
12003403948,apartment,2,7.9832,8.30882453918457
12003404111,apartment,2,8.4995,8.313650131225586
12003404715,apartment,2,8.4995,8.313272476196289
12003406777,apartment,2,8.537,8.47776985168457
12003406912,apartment,2,8.6995,8.604205131530762
12003407641,apartment,2,8.2958,8.602946281433105
12003410510,apartment,2,8.8679,8.47529125213623
12003411101,apartment,2,8.7589,8.500261306762695
12003411134,apartment,2,8.6163,8.509086608886719
12004208324,apartment,2,8.6648,8.50602912902832
12007700912,apartment,2,7.7229,8.080451965332031
12007700963,apartment,2,7.8183,8.073203086853027
12007703806,apartment,2,7.8772,8.00627326965332
12007708001,apartment,2,8.5172,8.39628791809082
12007803495,apartment,2,8.2589,8.041257858276367
12007804181,apartment,2,8.5172,8.039789199829102
12007809086,apartment,2,8.1605,8.277812004089355
12007813326,apartment,2,8.6234,8.53886604309082
12007815329,apartment,2,8.3392,8.321715354919434
12007816139,apartment,2,8.5725,8.339597702026367
12007817550,apartment,2,8.3349,8.337158203125
12007817828,apartment,2,8.6401,8.364339828491211
12007817933,apartment,2,8.4286,8.340636253356934
12007819502,apartment,2,8.4324,8.332042694091797
12007819871,apartment,2,8.449,8.332042694091797
12007820454,apartment,2,7.3693,8.333332061767578
12007820632,apartment,2,7.9853,8.32346248626709
12007821469,apartment,2,8.3994,8.31611442565918
12007823674,apartment,2,8.4839,8.339986801147461
12007823811,apartment,2,8.4482,8.31263542175293
12012703401,apartment,2,7.6487,7.886902809143066
12012703533,apartment,2,7.6652,7.881347179412842
12018501223,apartment,2,7.912,7.7246198654174805
12019800641,apartment,2,8.092,7.969927787780762
12031100288,apartment,2,8.3851,8.444158554077148
12031101187,apartment,2,8.8144,8.479247093200684
12031101683,apartment,2,8.4284,8.444594383239746
12035601400,apartment,2,7.4525,8.19665813446045
12040203922,apartment,2,7.81,7.931393146514893
12040204023,apartment,2,8.2645,7.939393997192383
12040204260,apartment,2,7.4787,7.940853118896484
12040800947,apartment,2,8.1751,8.127557754516602
12040801048,apartment,2,8.0032,8.118155479431152
12040801153,apartment,2,8.1751,8.132158279418945
12040801811,apartment,2,8.1784,8.100799560546875
12040802907,apartment,2,8.1075,8.138948440551758
12040803644,apartment,2,8.2379,8.1427001953125
12040806368,apartment,2,8.3024,8.138948440551758
12040806538,apartment,2,8.323,8.128791809082031
12040807607,apartment,2,8.3662,8.137654304504395
12040808026,apartment,2,8.2011,8.140459060668945
12040809960,apartment,2,8.2987,8.153326988220215
12040810144,apartment,2,7.7848,8.052371978759766
12040811809,apartment,2,8.4611,8.42013931274414
12040812082,apartment,2,8.4345,8.360187530517578
12041100671,apartment,2,8.3576,8.41789722442627
12041102089,apartment,2,8.3953,8.446507453918457
12041104324,apartment,2,8.1003,8.226958274841309
12041105118,apartment,2,8.3706,8.215786933898926
12041105452,apartment,2,7.9519,8.21436882019043
12041106955,apartment,2,8.0147,8.300456047058105
12041701225,apartment,2,8.034,8.00599193572998
12042502110,apartment,2,8.2901,8.129974365234375
12042503796,apartment,2,8.1605,8.125580787658691
12044200804,apartment,2,8.3002,8.10136890411377
12044301066,apartment,2,7.6936,7.695178031921387
12103902751,apartment,2,8.6687,8.360886573791504
12103903446,apartment,2,8.3782,8.371854782104492
12103904531,apartment,2,8.3174,8.389617919921875
12103904639,apartment,2,8.4717,8.408597946166992
12109500831,apartment,2,8.2685,7.9472761154174805
12109800886,apartment,2,8.226,8.253782272338867
12109900775,apartment,2,7.902,8.531522750854492
12111407460,apartment,2,8.2171,8.0677490234375
12111410496,apartment,2,8.2453,8.140958786010742
12111412030,apartment,2,8.2415,8.13379955291748
12111602441,apartment,2,8.0546,7.961854934692383
12117000826,apartment,2,7.8604,7.893522262573242
12123301840,apartment,2,7.6454,7.902834892272949
12125001429,apartment,2,8.1887,8.078536987304688
12125907401,apartment,2,8.4189,8.413423538208008
12200401042,apartment,8,8.3069,8.268651962280273
12200403266,apartment,8,8.4457,8.264933586120605
12200702328,apartment,8,8.8841,8.462484359741211
12200703146,apartment,8,8.6995,8.432750701904297
12200703855,apartment,8,8.635,8.43417739868164
12200704411,apartment,8,8.635,8.435342788696289
12201602319,apartment,8,8.0623,8.419361114501953
12202300588,apartment,8,8.7714,8.445760726928711
12203500548,apartment,8,7.6009,7.931466102600098
12203900260,apartment,8,8.2295,8.082908630371094
12206704683,apartment,8,8.1025,7.973602294921875
12206706538,apartment,8,7.6325,7.98785400390625
12208001140,apartment,8,7.693,7.879614353179932
12208801147,apartment,8,8.1918,8.130525588989258
12208801295,apartment,8,7.5872,8.129560470581055
12209102056,apartment,8,8.121,8.173338890075684
12209102341,apartment,8,7.8153,8.194384574890137
12210101416,apartment,8,8.096,8.079830169677734
12210101718,apartment,8,8.1557,8.10524845123291
12210102242,apartment,8,8.2331,8.0880126953125
12213301483,apartment,8,7.8143,7.873910903930664
12213301981,apartment,8,7.4057,7.874977111816406
12213302609,apartment,8,7.2985,7.873316287994385
12213303419,apartment,8,7.7985,7.882613658905029
12214502962,apartment,8,7.9258,7.96079158782959
12214505856,apartment,8,7.9576,8.158758163452148
12214507468,apartment,8,8.1619,8.142759323120117
12214507905,apartment,8,8.3257,8.14380168914795
12214509320,apartment,8,8.2802,8.140485763549805
12214509533,apartment,8,8.1619,8.14279556274414
12214509894,apartment,8,8.3253,8.159415245056152
12214510191,apartment,8,8.2138,8.14283275604248
12214600298,apartment,8,8.0413,8.080750465393066
12214600859,apartment,8,8.0126,8.081551551818848
12214601138,apartment,8,8.0126,8.084038734436035
12214601685,apartment,8,8.0721,8.082895278930664
12214601812,apartment,8,7.9768,8.082708358764648
12217401946,apartment,8,7.8859,8.005253791809082
12300201584,apartment,8,8.1117,8.414481163024902
12300201592,apartment,8,8.1689,8.414481163024902
12300500395,apartment,8,7.9216,8.602229118347168
12300501065,apartment,8,8.5172,8.528482437133789
12300501251,apartment,8,8.4333,8.598712921142578
12300502967,apartment,8,8.5685,8.5451021194458
12300503661,apartment,8,8.6662,8.519333839416504
12300503742,apartment,8,8.619,8.533561706542969
12300504129,apartment,8,8.1298,8.595694541931152
12300900881,apartment,8,8.6323,8.573494911193848
12301100323,apartment,8,7.4222,8.54155158996582
12301100676,apartment,8,8.574,8.54155158996582
12301500798,apartment,8,8.0098,8.354476928710938
12301501638,apartment,8,8.0511,8.312583923339844
12301502065,apartment,8,8.223,8.310367584228516
12302601431,apartment,8,7.9508,8.433207511901855
12302801163,apartment,8,8.0625,8.421858787536621
12306901294,apartment,8,8.2687,8.675804138183594
12307101356,apartment,8,8.0985,8.568365097045898
12307101372,apartment,8,8.1377,8.567586898803711
12307900399,apartment,8,8.2659,8.631484985351562
12310102023,apartment,8,8.454,8.750520706176758
12310103119,apartment,8,8.2548,8.776774406433105
12310105863,apartment,8,8.4968,8.673879623413086
12310107068,apartment,8,8.453,8.851402282714844
12310108099,apartment,8,8.4862,8.845489501953125
12310108447,apartment,8,7.7092,8.874539375305176
12310301387,apartment,8,7.9918,8.614994049072266
12310302286,apartment,8,8.1543,8.623712539672852
12310302723,apartment,8,8.079,8.624454498291016
12311901663,apartment,8,8.3323,8.706741333007812
12311901809,apartment,8,8.5366,8.70590877532959
12311903666,apartment,8,7.9019,8.604361534118652
12315100444,apartment,8,8.9644,8.844830513000488
12315101440,apartment,8,8.7283,8.835430145263672
12315102420,apartment,8,8.8739,8.870234489440918
12315103028,apartment,8,8.8123,8.84737777709961
12315104024,apartment,8,8.9029,8.870896339416504
12317901290,apartment,8,7.3011,8.533809661865234
12317903110,apartment,8,8.1807,8.604272842407227
12322700753,apartment,8,8.1624,8.433938026428223
12322701571,apartment,8,7.8042,8.400871276855469
12322701954,apartment,8,8.1577,8.499753952026367
12322802191,apartment,8,7.7265,8.452969551086426
12324306505,apartment,8,8.2173,8.725441932678223
12408400588,apartment,7,8.382,8.230833053588867
12408405970,apartment,7,8.165,8.236567497253418
12408406012,apartment,7,8.1195,8.237086296081543
12408407531,apartment,7,8.0819,8.230975151062012
12410402215,apartment,7,8.4995,8.345166206359863
12411600789,apartment,7,8.2898,8.475370407104492
12412000912,apartment,7,7.7476,8.429595947265625
12412001749,apartment,7,8.2048,8.428823471069336
12412002222,apartment,7,8.4925,8.429098129272461
12412002362,apartment,7,8.0225,8.434234619140625
12412002461,apartment,7,8.1178,8.428886413574219
12414401833,apartment,7,7.7913,8.126314163208008
12416501495,apartment,7,7.9521,8.239912986755371
12417405767,apartment,7,7.9207,8.45169448852539
12417407603,apartment,7,8.4995,8.511521339416504
12417407824,apartment,7,8.3299,8.489246368408203
12417408928,apartment,7,8.6945,8.489705085754395
12417410949,apartment,7,8.201,8.487995147705078
12417501863,apartment,7,8.3257,8.442989349365234
12502100398,apartment,7,7.9984,8.237091064453125
12512403474,apartment,7,8.1172,8.19647216796875
12512403891,apartment,7,8.2185,8.196489334106445
12513103377,apartment,7,8.4947,8.428617477416992
12513105035,apartment,7,8.3666,8.497743606567383
12513106961,apartment,7,8.1847,8.67586612701416
12513107550,apartment,7,8.5382,8.645686149597168
12516600541,apartment,7,8.0317,8.266336441040039
12516900154,apartment,7,8.3837,8.313678741455078
12516900502,apartment,7,8.4237,8.297306060791016
12728204364,apartment,4,8.3069,8.130851745605469
12728204399,apartment,4,8.0291,8.124958038330078
12728603161,apartment,4,8.4707,8.18319320678711
12728902819,apartment,4,8.3066,7.876140594482422
12731000200,apartment,4,8.3318,7.989819526672363
12731000545,apartment,4,8.2548,7.9924421310424805
12731000936,apartment,4,8.4537,7.990761756896973
12731001002,apartment,4,7.9152,7.991381645202637
12731003463,apartment,4,7.73,7.9924421310424805
12731006081,apartment,4,8.5017,7.988626956939697
12731007108,apartment,4,8.2785,7.988990306854248
12742500641,apartment,4,7.82,7.935732841491699
12743100371,apartment,4,7.8601,7.950295448303223
12821200829,apartment,4,8.3096,7.929110050201416
12821200918,apartment,4,8.3473,7.929110050201416
12821300718,apartment,4,8.4362,8.027850151062012
12902301153,apartment,3,7.926,8.187904357910156
12902301668,apartment,3,7.9041,8.189111709594727
12902301927,apartment,3,7.3545,8.188793182373047
12902302011,apartment,3,7.9146,8.187226295471191
12902302559,apartment,3,7.7611,8.190302848815918
12902303679,apartment,3,7.8034,8.210626602172852
13010901347,apartment,3,8.3943,8.31399917602539
13010901428,apartment,3,8.2501,8.313240051269531
13010901959,apartment,3,8.3473,8.317333221435547
13010902416,apartment,3,8.4049,8.316490173339844
13012901158,apartment,3,7.9128,7.977691650390625
13014002371,apartment,3,8.3399,8.241982460021973
13014003191,apartment,3,7.9911,8.215365409851074
13014003319,apartment,3,7.9844,8.211577415466309
13014003904,apartment,3,8.0864,8.236679077148438
13014004315,apartment,3,8.2118,8.254007339477539
13014200688,apartment,3,8.4407,8.244039535522461
13014203385,apartment,3,8.2118,8.247480392456055
13014203725,apartment,3,8.2118,8.261037826538086
13014204284,apartment,3,8.2583,8.258076667785645
13030400696,apartment,3,7.8112,8.327322006225586
13031002546,apartment,3,8.0189,8.027006149291992
13031003100,apartment,3,8.096,8.132107734680176
13031004050,apartment,3,7.9121,8.13938045501709
13032704943,apartment,5,7.8162,8.195676803588867
13034401670,apartment,3,7.9121,8.185699462890625
13037000200,apartment,3,7.803,7.917169094085693
13037001789,apartment,3,7.7595,7.920374870300293
13042301061,apartment,3,7.4456,7.893317222595215
13100303074,apartment,5,7.8109,7.92097806930542
13100303341,apartment,5,7.9387,7.922391891479492
13103104218,apartment,5,7.7884,8.173554420471191
13108302001,apartment,5,7.8363,7.904156684875488
13108302034,apartment,5,7.8363,7.901177406311035
13109702060,apartment,5,7.9817,8.049938201904297
13109702338,apartment,5,8.0617,8.050037384033203
13109702486,apartment,5,8.077,8.04891300201416
13110901322,apartment,5,8.1277,7.896790027618408
13111102830,apartment,5,7.8466,8.179656028747559
13111201588,apartment,5,8.2295,8.191854476928711
13111203106,apartment,5,8.2836,8.199771881103516
13113600579,apartment,5,8.3389,8.136337280273438
13117402240,apartment,5,7.5445,7.881532192230225
13117801315,apartment,5,7.4411,7.8182573318481445
13327801354,apartment,5,7.6824,8.069357872009277
13327808197,apartment,5,8.0164,8.012073516845703
13328005977,apartment,5,7.9089,7.873398780822754
13409000241,apartment,5,8.1196,7.907136917114258
13442100371,apartment,5,8.0208,8.10706901550293
13442100861,apartment,5,8.5511,8.107259750366211
13442101467,apartment,5,8.4604,8.107417106628418
13442102455,apartment,5,8.328,8.107553482055664
13446404456,apartment,5,7.7138,7.907866477966309
13446404650,apartment,5,7.7331,7.911561965942383
13448201072,apartment,5,7.3614,8.080527305603027
13448202087,apartment,5,7.3748,8.087471008300781
13502200857,apartment,5,7.3221,8.116119384765625
13510802089,apartment,5,7.7866,8.199706077575684
13522801554,apartment,5,8.3349,8.033092498779297
13522802399,apartment,5,7.8886,8.04379653930664
13538902649,apartment,5,8.0133,7.946017265319824
13615200569,apartment,5,7.2947,8.11038875579834
13625901632,apartment,5,7.7339,7.95372200012207
13626101400,apartment,5,7.5426,8.160358428955078
13632200318,apartment,5,7.3061,8.043317794799805
13632301041,apartment,5,8.1328,8.01767635345459
13633600174,apartment,5,7.521,7.981512069702148
13635503133,apartment,5,7.5364,8.005936622619629
13635702403,apartment,5,7.5003,8.021913528442383
13704101876,apartment,5,8.5172,8.105138778686523
13706100771,apartment,5,7.6442,8.17168140411377
13706200235,apartment,5,7.6795,7.827485084533691
13706200472,apartment,5,7.7926,7.856426239013672
13706201436,apartment,5,7.3776,7.825957298278809
13706301147,apartment,5,7.3516,8.029464721679688
13706301376,apartment,5,7.9959,8.09221076965332
13706302577,apartment,5,7.668,8.073821067810059
13714201695,apartment,5,7.8982,7.982754230499268
13801200492,apartment,5,7.7569,8.079251289367676
13805202694,apartment,5,7.9736,7.934424877166748
13811101349,apartment,5,8.0893,8.154857635498047
13811104781,apartment,5,7.4181,8.156042098999023
13834901465,apartment,5,8.6011,8.302810668945312
13834901473,apartment,5,8.6011,8.302810668945312
13834901503,apartment,5,8.625,8.301421165466309
13834901661,apartment,5,8.6121,8.306084632873535
13834905320,apartment,5,8.8198,8.385919570922852
13834905691,apartment,5,8.8222,8.387792587280273
13834908680,apartment,5,8.6011,8.302724838256836
13834908893,apartment,5,8.6312,8.305437088012695
13836100281,apartment,5,8.1117,8.092538833618164
13836705493,apartment,5,7.4359,8.074304580688477
13900602238,apartment,5,7.4186,7.878973484039307
13903003416,apartment,5,8.3043,8.081016540527344
13903003548,apartment,5,8.1388,8.081827163696289
13903005265,apartment,5,8.2659,8.09012222290039
13906600644,apartment,5,8.0025,7.898898601531982
13906601977,apartment,5,7.6867,7.899055480957031
13907402218,apartment,5,8.0451,7.984282493591309
13918700398,apartment,5,7.7517,7.966352462768555
13933700832,apartment,5,7.7407,8.13894271850586
13933702381,apartment,5,7.6595,8.110881805419922
13933703475,apartment,5,7.7572,8.099813461303711
13933706636,apartment,5,7.7543,8.139961242675781
13933708426,apartment,5,7.6695,8.1044921875
13941503366,apartment,5,8.1537,8.136035919189453
13941504745,apartment,5,8.2171,8.182489395141602
14000400419,apartment,5,7.7863,7.748012542724609
14002900249,apartment,5,8.0456,8.135152816772461
14026606944,apartment,5,7.9391,7.944555282592773
14027103407,apartment,5,8.0783,7.924861907958984
14028100371,apartment,5,7.9329,7.6797943115234375
14028300915,apartment,5,7.444,7.912761211395264
14102001327,apartment,5,7.6184,7.7515459060668945
14102001580,apartment,5,8.0383,7.750346660614014
14102600964,apartment,5,8.1639,7.960829257965088
14105701184,apartment,5,8.0652,7.770200252532959
14105701941,apartment,5,7.916,7.773385047912598
14105702938,apartment,5,7.4934,7.7743988037109375
14105705661,apartment,5,7.7544,7.779171466827393
14106200529,apartment,5,8.0692,7.908092021942139
14200502703,apartment,5,7.9026,8.039695739746094
14200505311,apartment,5,8.2521,8.03380012512207
14200506695,apartment,5,8.1186,8.03343391418457
14202000853,apartment,5,8.3147,8.212486267089844
14202800787,apartment,5,8.4039,8.284650802612305
14208001711,apartment,5,8.6373,8.382545471191406
14208301197,apartment,5,8.7179,8.304781913757324
14208301227,apartment,5,8.781,8.308080673217773
14208301480,apartment,5,8.6603,8.30734634399414
14208600542,apartment,5,8.6108,8.235568046569824
14209400520,apartment,5,8.1873,8.058862686157227
14209601275,apartment,5,8.0898,8.016690254211426
14210200483,apartment,5,8.3021,8.187067031860352
14210200531,apartment,5,8.3021,8.18960189819336
14211900721,apartment,5,8.3321,8.179244995117188
14212201487,apartment,5,8.4659,8.382691383361816
14213200638,apartment,5,8.3391,8.313253402709961
14213500593,apartment,5,7.6009,8.05337905883789
14213500763,apartment,5,8.5172,8.280410766601562
14216202208,apartment,5,8.2453,8.1337890625
14216202224,apartment,5,8.2027,8.134062767028809
14301600379,apartment,3,8.0133,8.212553024291992
14301902243,apartment,3,8.3143,8.163963317871094
14302001401,apartment,3,8.2808,8.138195037841797
14302200129,apartment,3,8.3453,8.181879043579102
14302301197,apartment,3,8.0529,8.111761093139648
14302400314,apartment,3,7.8403,8.231149673461914
14302502524,apartment,3,8.0652,8.090850830078125
14303001561,apartment,3,8.3862,8.143562316894531
14303300585,apartment,5,8.0266,8.22494125366211
14303701598,apartment,5,8.1543,8.058544158935547
14303902216,apartment,3,8.1807,8.1893949508667
14304600167,apartment,3,8.3205,8.204988479614258
14304600361,apartment,3,8.1028,8.204988479614258
14304801057,apartment,3,8.2118,8.187419891357422
14305100508,apartment,3,8.2985,8.178055763244629
14307105949,apartment,5,8.2353,8.077861785888672
14307203002,apartment,5,8.1117,8.050938606262207
14307206461,apartment,5,8.3837,8.19690227508545
14307207830,apartment,5,8.4746,8.211947441101074
14307302205,apartment,5,8.1773,8.103851318359375
14307303090,apartment,5,8.4966,8.113646507263184
14307305883,apartment,5,7.6417,8.138440132141113
14307400411,apartment,5,8.2189,8.096288681030273
14308703734,apartment,5,8.6603,8.217425346374512
14308704846,apartment,5,8.0144,8.204687118530273
14401801457,apartment,5,8.3773,8.158995628356934
14401801465,apartment,5,8.2778,8.137150764465332
14404207114,apartment,5,8.3478,8.049787521362305
14406501931,apartment,5,8.1117,8.359375953674316
14408400687,apartment,5,7.6952,7.872995853424072
14408901155,apartment,5,7.5906,8.014215469360352
14410501282,apartment,5,8.0539,7.966970443725586
14410503171,apartment,5,7.838,8.10854434967041
14413603035,apartment,5,8.0272,7.717214584350586
14413607464,apartment,5,7.4965,7.790719032287598
14413610007,apartment,5,7.5657,8.115591049194336
14416102185,apartment,5,7.768,7.91317081451416
14416103688,apartment,5,8.0617,8.314300537109375
14416103890,apartment,5,7.9585,8.301258087158203
14416106431,apartment,5,7.9377,8.303716659545898
14416107411,apartment,5,8.6915,8.30900764465332
14420801122,apartment,5,7.7933,8.1465482711792
14602300854,apartment,3,8.3622,8.255141258239746
14603100735,apartment,3,8.4505,8.20470142364502
14612503936,apartment,3,7.4563,8.216313362121582
14612900765,apartment,3,7.8067,7.973633766174316
14612901400,apartment,3,7.812,8.017822265625
14707501035,apartment,3,8.0944,8.263650894165039
14707502414,apartment,3,8.7167,8.21330451965332
14719700445,apartment,3,7.8355,7.978790283203125
14719701735,apartment,3,7.7187,7.929172039031982
14719703126,apartment,3,7.824,7.949967384338379
14719703444,apartment,3,7.901,7.9505534172058105
14719800687,apartment,3,7.8886,7.948513507843018
14719801896,apartment,3,7.8625,7.902191162109375
14719802655,apartment,3,7.5437,7.969752788543701
14719802981,apartment,3,7.859,7.970881462097168
14719803831,apartment,3,7.7945,7.811269283294678
14719803880,apartment,3,7.6712,7.920937538146973
14720202267,apartment,3,7.4306,8.06439208984375
14720202399,apartment,3,7.824,8.057025909423828
14720501396,apartment,3,7.9801,8.099466323852539
14720502661,apartment,3,7.8623,8.032029151916504
14720503275,apartment,3,8.1091,8.099727630615234
14720503313,apartment,3,7.5521,8.099655151367188
14720503550,apartment,3,8.002,8.099495887756348
14720504425,apartment,3,7.9619,8.011896133422852
14720504468,apartment,3,7.8435,7.964595794677734
14728200468,apartment,3,7.9111,8.111590385437012
14728200603,apartment,3,8.0446,8.042472839355469
14728200670,apartment,3,8.2097,8.100677490234375
14728201081,apartment,3,8.0947,8.119887351989746
14728202045,apartment,3,8.0191,8.120973587036133
14728204102,apartment,3,8.214,8.137142181396484
14728205362,apartment,3,8.0962,8.06025505065918
14728206611,apartment,3,8.1342,8.126070022583008
14728207438,apartment,3,8.0189,8.063193321228027
14728208302,apartment,3,7.9891,8.070042610168457
14728208469,apartment,3,8.0396,8.045778274536133
14728209961,apartment,3,7.7085,8.125992774963379
14728211141,apartment,3,8.002,8.061227798461914
14728212350,apartment,3,8.4372,8.30038833618164
14728212903,apartment,3,8.4902,8.158550262451172
14728215031,apartment,3,8.6055,8.301196098327637
14728217204,apartment,3,8.4966,8.3360595703125
14728217281,apartment,3,8.355,8.212135314941406
14729302361,apartment,3,8.5457,8.158794403076172
14729302574,apartment,3,8.2855,8.179354667663574
14729304321,apartment,3,8.3117,8.143310546875
14729304585,apartment,3,8.4684,8.143310546875
14729304951,apartment,3,8.6558,8.151178359985352
14731100894,apartment,3,8.3811,8.294942855834961
14732716449,apartment,3,7.72,8.137947082519531
14733600231,apartment,5,7.9326,8.159856796264648
14733600479,apartment,5,8.3931,8.160799026489258
14733602501,apartment,5,8.0317,8.119095802307129
14733803477,apartment,5,7.9715,7.818422317504883
14733803736,apartment,5,7.9504,7.862178325653076
14733808665,apartment,5,8.2385,8.090888023376465
14734002001,apartment,5,8.1183,7.984447479248047
14735001203,apartment,5,8.0472,7.906661033630371
14735001637,apartment,5,7.9853,7.9055328369140625
14735200788,apartment,3,7.9317,8.055757522583008
14735200958,apartment,3,7.9111,8.073501586914062
14805001691,apartment,3,7.5279,7.823482513427734
14805001770,apartment,3,7.6678,7.8508195877075195
14815400465,apartment,3,8.1689,8.047249794006348
14818901309,apartment,3,8.0359,8.319070816040039
14905500833,apartment,3,8.1285,8.198731422424316
14906403688,apartment,3,8.3165,8.004737854003906
14906404358,apartment,3,7.8369,7.998532295227051
14907200837,apartment,3,7.8103,8.118782043457031
14908700426,apartment,3,7.901,8.02389144897461
14911004461,apartment,3,7.8354,8.01476001739502
14932600991,apartment,3,7.6995,7.973227024078369
14932601009,apartment,3,7.6578,7.976591110229492
14932601221,apartment,3,7.9403,7.9930009841918945
14932601335,apartment,3,7.7742,7.993351936340332
14935200102,apartment,3,7.9988,8.081123352050781
14935700504,apartment,3,8.2808,7.981563568115234
15002901246,apartment,3,7.7237,8.059640884399414
15002901440,apartment,3,8.0652,8.061288833618164
15002902005,apartment,3,8.1951,8.166946411132812
15002902250,apartment,3,7.6989,8.18634033203125
15002902676,apartment,3,8.4086,8.184839248657227
15003100050,apartment,3,7.824,7.989274024963379
15003102460,apartment,3,8.0631,8.028919219970703
15028504211,apartment,5,8.1388,8.018202781677246
15028507421,apartment,5,8.1807,8.038540840148926
15028508282,apartment,5,7.7637,7.978348731994629
15028600332,apartment,3,8.1987,8.149200439453125
15106400480,apartment,3,8.0598,7.962983131408691
15110202299,apartment,5,8.1032,8.116273880004883
15110805821,apartment,5,7.9258,8.152499198913574
15110810884,apartment,5,8.0362,8.162992477416992
15110811491,apartment,5,7.5629,8.16689395904541
15112001339,apartment,5,7.7622,7.784475326538086
15112200870,apartment,5,7.4721,7.801122188568115
15112302827,apartment,5,8.0529,7.8990888595581055
15112304234,apartment,5,7.9728,7.9488115310668945
15112304651,apartment,5,7.9103,7.948790073394775
15112305605,apartment,5,8.0854,8.026667594909668
15112602618,apartment,5,7.8666,8.25086784362793
15112603711,apartment,5,7.8495,8.081731796264648
15118802678,apartment,5,7.4693,8.015743255615234
15118909545,apartment,5,7.8152,8.16860580444336
15119903281,apartment,5,8.0164,7.960067272186279
15119904407,apartment,5,7.8494,7.959105014801025
15119905871,apartment,5,8.2509,7.963207244873047
15119906396,apartment,5,8.0487,7.964468002319336
15119906965,apartment,5,8.0864,7.949419021606445
15119907759,apartment,5,7.7063,7.921076774597168
15120003728,apartment,5,8.3489,8.11806869506836
15120005895,apartment,5,8.3816,8.12867546081543
15120007898,apartment,5,7.8491,8.14993667602539
15120008509,apartment,5,8.2385,8.156234741210938
15120009221,apartment,5,8.3573,8.078245162963867
15120009531,apartment,5,8.0709,8.154134750366211
15212402696,apartment,3,8.415,8.087740898132324
15212402726,apartment,3,7.8532,8.087961196899414
15310306896,apartment,3,8.1513,8.111776351928711
15310404588,apartment,3,8.1742,8.166681289672852
15311000782,apartment,3,7.6417,7.869170188903809
15311002998,apartment,3,8.5685,8.020975112915039
15321000394,apartment,3,7.5856,8.082340240478516
15408001112,apartment,3,8.5668,8.26709270477295
15408001661,apartment,3,8.3109,8.267629623413086
15408001708,apartment,3,8.5172,8.291244506835938
15412600513,apartment,3,7.8618,7.87917423248291
15413103726,apartment,3,7.4276,7.968446731567383
15413106441,apartment,3,7.6454,7.962318420410156
15413106784,apartment,3,7.4543,7.968476295471191
15423101831,apartment,3,8.3143,8.28094482421875
15423200491,apartment,3,7.8121,8.170787811279297
15423603179,apartment,3,7.7581,8.187569618225098
15423904438,apartment,3,7.8285,8.168088912963867
15423904950,apartment,3,7.6059,8.163263320922852
15423905302,apartment,3,8.1117,8.183717727661133
15423908131,apartment,3,8.294,8.165496826171875
15425203585,apartment,3,7.7796,8.216536521911621
15425206851,apartment,3,7.3329,8.2116060256958
15425301269,apartment,3,8.0897,8.240890502929688
15509801149,apartment,3,8.1591,8.048086166381836
15509804261,apartment,3,8.1729,8.071928977966309
15511800383,apartment,3,8.3349,8.329752922058105
15511801347,apartment,3,7.7948,8.31639289855957
15511902585,apartment,3,8.3349,8.369194984436035
15523001057,apartment,3,7.8911,8.047355651855469
15523003191,apartment,3,7.7307,8.022500038146973
15523005753,apartment,3,8.4995,8.275513648986816
15523006113,apartment,3,8.2583,8.275513648986816
15523007071,apartment,3,7.3269,8.03022289276123
15523007942,apartment,3,7.8533,8.0379056930542
15523010171,apartment,3,7.8685,8.083423614501953
15523010234,apartment,3,7.7287,8.08689022064209
15523010341,apartment,3,7.9519,8.082820892333984
15523011230,apartment,3,7.9911,8.080099105834961
15523014426,apartment,3,8.0317,8.088960647583008
15523017281,apartment,3,8.3286,8.365671157836914
15523017451,apartment,3,8.3837,8.366048812866211
15523019096,apartment,3,8.5172,8.365410804748535
15523019959,apartment,3,8.6068,8.36844539642334
15523020000,apartment,3,8.4804,8.25908088684082
15523021678,apartment,3,8.4457,8.420991897583008
15523021732,apartment,3,8.558,8.328052520751953
15523021767,apartment,3,8.4998,8.416172981262207
15523024499,apartment,3,8.4631,8.42104721069336
15523024588,apartment,3,8.5172,8.421165466308594
15523025517,apartment,3,8.1763,8.205224990844727
15523026122,apartment,3,8.0092,8.147841453552246
15523026122,apartment,3,7.6229,8.155319213867188
15523026823,apartment,3,8.0604,8.21179485321045
15523028370,apartment,3,8.1445,8.21898078918457
15528302101,apartment,3,8.3021,8.287841796875
15536904743,apartment,3,8.3237,8.255184173583984
15536906541,apartment,3,8.0679,8.275467872619629
15536907823,apartment,3,7.7253,8.306279182434082
15536907858,apartment,3,8.0274,8.304201126098633
15603500475,apartment,3,7.6622,8.084431648254395
15603603843,apartment,3,8.2058,8.228883743286133
15603604122,apartment,3,7.7872,8.157709121704102
15603604890,apartment,3,7.9596,8.003292083740234
15603608136,apartment,3,7.453,8.025793075561523
15603612214,apartment,3,7.6397,8.063013076782227
15603612966,apartment,3,7.8724,8.137289047241211
15603612982,apartment,3,7.9625,8.143214225769043
15603614233,apartment,3,7.7733,8.137521743774414
15603615647,apartment,3,8.0292,8.137036323547363
15603616325,apartment,3,7.8312,7.992829322814941
15603619634,apartment,3,7.6487,7.969577312469482
15603619847,apartment,3,7.824,8.050260543823242
15603800762,apartment,3,8.5172,8.403979301452637
15603806906,apartment,3,8.6458,8.420754432678223
15603809123,apartment,3,8.5817,8.422273635864258
15705903633,apartment,1,8.0617,8.18751335144043
15705904516,apartment,1,8.0652,8.107298851013184
15705905210,apartment,1,8.1706,8.111892700195312
15705905520,apartment,1,8.1117,8.102569580078125
15707901468,apartment,1,8.5374,8.152095794677734
15707906125,apartment,1,7.6671,8.058536529541016
15707910378,apartment,1,8.3862,8.06453800201416
15709604665,apartment,1,8.0385,7.897059917449951
15709608512,apartment,1,7.9984,8.108299255371094
15709609756,apartment,1,7.7063,8.015850067138672
15709610924,apartment,1,7.8341,8.024263381958008
15709611211,apartment,1,8.2588,7.94517707824707
15709611726,apartment,1,8.2665,8.064329147338867
15709614512,apartment,1,8.6095,8.338451385498047
15709616892,apartment,1,8.2631,8.056478500366211
15709620849,apartment,1,8.2376,8.033733367919922
15709621551,apartment,1,8.0772,8.205248832702637
15710400547,apartment,1,7.8835,7.942098617553711
15710400921,apartment,1,7.6211,7.943363189697266
15710401241,apartment,1,8.0266,7.9430036544799805
15710500576,apartment,1,8.2489,8.092007637023926
15710501580,apartment,1,7.9457,8.123881340026855
15710501645,apartment,1,7.9247,8.099223136901855
15710601224,apartment,1,8.0121,7.825682163238525
15711100237,apartment,1,7.8337,7.9717183113098145
15711100598,apartment,1,7.6201,7.980558395385742
15713004200,apartment,1,7.9782,7.969743728637695
15713006531,apartment,1,7.9225,7.9672651290893555
15713006701,apartment,1,8.0403,7.967652320861816
15713008079,apartment,1,8.0329,7.950394153594971
15713010235,apartment,1,8.3888,8.158829689025879
15713010502,apartment,1,8.1807,8.198232650756836
15713012084,apartment,1,8.3786,8.133049964904785
15713018988,apartment,1,8.3413,8.18664264678955
15718601991,apartment,1,7.9898,8.11048412322998
15718602599,apartment,1,8.0172,8.110123634338379
15718602841,apartment,1,8.0801,8.097794532775879
15720403921,apartment,1,7.9782,8.190580368041992
15720703984,apartment,1,8.1117,7.99208927154541
15720801722,apartment,1,8.1807,8.0338134765625
15721000642,apartment,1,7.9939,7.944238662719727
15721001584,apartment,1,7.9294,7.9418134689331055
15721003201,apartment,1,8.4495,8.00525951385498
15721003552,apartment,1,8.3927,8.042098999023438
15721006322,apartment,1,8.0214,8.025354385375977
15721201869,apartment,1,7.7551,7.885258674621582
15721300441,apartment,1,7.8339,7.881184101104736
15721300859,apartment,1,7.824,7.835935592651367
15721300913,apartment,1,7.7883,7.83100700378418
15721301413,apartment,1,7.8312,7.857654571533203
15721302371,apartment,1,8.0099,7.847606658935547
15721400896,apartment,1,8.1481,8.118871688842773
15721402767,apartment,1,8.0943,8.121099472045898
15721403844,apartment,1,8.2536,8.142446517944336
15721501358,apartment,1,8.1787,8.068434715270996
15721501382,apartment,1,8.1477,8.072761535644531
15721600496,apartment,1,7.803,7.83969783782959
15721702248,apartment,1,7.6497,7.829790115356445
15722000824,apartment,1,8.0523,8.005831718444824
15722102171,apartment,1,7.7214,7.944247245788574
15722202346,apartment,1,7.8596,7.941139221191406
15722206996,apartment,1,7.9137,8.147323608398438
15722403686,apartment,1,8.0415,7.851754188537598
15722900752,apartment,1,8.239,7.898568630218506
15722900892,apartment,1,8.276,7.899829864501953
15722901392,apartment,1,8.192,8.058626174926758
15722901503,apartment,1,8.2628,8.067914962768555
15722901937,apartment,1,8.0014,8.06597900390625
15722902259,apartment,1,8.2043,8.065898895263672
15722904456,apartment,1,7.7235,7.786232948303223
15722905908,apartment,1,7.7018,7.792469024658203
15722906343,apartment,1,7.744,7.856377601623535
15722907307,apartment,1,7.3522,7.884920597076416
15722907595,apartment,1,7.805,7.894198417663574
15722908771,apartment,1,7.8333,7.884936809539795
15722909660,apartment,1,8.1213,7.875291347503662
15722912181,apartment,1,7.744,7.879882335662842
15722912981,apartment,1,7.8982,7.867431163787842
15722917744,apartment,1,7.9736,8.107623100280762
15722919348,apartment,1,8.1117,8.178483963012695
15722923231,apartment,1,8.351,7.944834232330322
15722923507,apartment,1,8.273,7.92499303817749
15722924007,apartment,1,8.3001,7.919394016265869
15722926263,apartment,1,8.0472,8.10161304473877
15722926565,apartment,1,7.9032,8.064483642578125
15722927669,apartment,1,7.7634,8.063182830810547
15722928479,apartment,1,8.0897,8.1041898727417
15722928721,apartment,1,8.0247,8.106743812561035
15722932751,apartment,1,8.3433,8.315046310424805
15722939845,apartment,1,7.725,8.015985488891602
15722950482,apartment,1,7.5006,8.197592735290527
15903800601,apartment,8,8.6713,8.571722030639648
15903802019,apartment,8,8.5374,8.595492362976074
15903802817,apartment,8,8.6482,8.576054573059082
15908800480,apartment,8,8.2127,8.274242401123047
15908800901,apartment,8,8.1055,8.27518367767334
15908802807,apartment,8,8.294,8.274518966674805
15908803390,apartment,8,8.1634,8.386664390563965
15908803404,apartment,8,7.3125,8.448905944824219
15908803846,apartment,8,8.2764,8.37775993347168
15908807957,apartment,8,8.2548,8.361715316772461
15909800492,apartment,8,7.77,8.0882568359375
15913500694,apartment,8,7.9857,8.434860229492188
15913500971,apartment,8,7.8457,8.443525314331055
15914001195,apartment,8,8.0523,8.189040184020996
15914001772,apartment,8,8.0725,8.183441162109375
15914002019,apartment,8,8.1025,8.184690475463867
15915208788,apartment,8,8.4171,8.630622863769531
15915900649,apartment,8,7.4456,8.341777801513672
15915900797,apartment,8,7.7821,8.334056854248047
15915901734,apartment,8,7.8103,8.340428352355957
15916509285,apartment,8,8.479,8.57779312133789
15916509870,apartment,8,8.3523,8.49523639678955
15916511352,apartment,8,8.3282,8.580036163330078
15916512316,apartment,8,8.3853,8.511774063110352
15916512642,apartment,8,7.3228,8.597908020019531
15916512693,apartment,8,8.239,8.504911422729492
15916513053,apartment,8,8.2276,8.568002700805664
15916513363,apartment,8,8.3377,8.513728141784668
15916513517,apartment,8,8.1987,8.59932804107666
15916513886,apartment,8,8.2558,8.520040512084961
15916515404,apartment,8,8.33,8.49563217163086
15916515684,apartment,8,8.3374,8.548105239868164
15916517601,apartment,8,8.2462,8.505440711975098
15916517601,apartment,8,7.3205,8.505399703979492
15916517660,apartment,8,8.2649,8.50383472442627
15916517709,apartment,8,8.2271,8.502143859863281
15916518373,apartment,8,8.1903,8.596914291381836
15916519752,apartment,8,8.2035,8.595527648925781
15916601513,apartment,8,7.923,8.370586395263672
15916601874,apartment,8,8.1605,8.371484756469727
15916603362,apartment,8,8.137,8.380615234375
15916603435,apartment,8,8.0858,8.378934860229492
15916603461,apartment,8,7.7253,8.380093574523926
15916603915,apartment,8,7.6009,8.370950698852539
15916604271,apartment,8,8.2025,8.3792724609375
15916606035,apartment,8,8.1315,8.378897666931152
15916606523,apartment,8,8.0734,8.378897666931152
15916606744,apartment,8,8.1977,8.37442684173584
15916607422,apartment,8,8.0317,8.376167297363281
15916608305,apartment,8,8.34,8.385482788085938
15916608585,apartment,8,8.0672,8.376436233520508
15916700279,apartment,8,7.6615,8.28561019897461
15916801377,apartment,8,8.411,8.25984001159668
15916801423,apartment,8,8.2485,8.269596099853516
15917702712,apartment,8,7.8442,8.321733474731445
15917705304,apartment,8,7.8575,8.250093460083008
15917708532,apartment,8,7.832,8.215370178222656
15917708702,apartment,8,7.9655,8.205684661865234
15917708729,apartment,8,7.9124,8.203851699829102
15917711053,apartment,8,8.2608,8.36256217956543
15917711312,apartment,8,8.256,8.357033729553223
15917711584,apartment,8,8.1288,8.357033729553223
15917712572,apartment,8,8.1079,8.35303020477295
15917712815,apartment,8,8.2102,8.347710609436035
15917713668,apartment,8,8.1483,8.355267524719238
15917714044,apartment,8,8.3682,8.514781951904297
15921000557,apartment,8,7.6843,8.41059684753418
15921002738,apartment,8,8.1543,8.408478736877441
15921004579,apartment,8,8.8408,8.831701278686523
15921006547,apartment,8,8.8444,8.829328536987305
15921006946,apartment,8,8.8936,8.827342987060547
15926100673,apartment,8,8.0097,7.903146743774414
15928701992,apartment,8,8.0232,8.505109786987305
15928703642,apartment,8,7.9362,8.506754875183105
15929105579,apartment,8,8.3541,8.46632194519043
15929105900,apartment,8,8.3741,8.46394157409668
15929106941,apartment,8,8.3807,8.472406387329102
15929109418,apartment,8,8.363,8.554839134216309
15929109655,apartment,8,8.3741,8.549762725830078
15929109965,apartment,8,8.4682,8.55878734588623
15929110106,apartment,8,8.4727,8.56233024597168
15929113709,apartment,8,8.3774,8.574668884277344
15929114391,apartment,8,8.3261,8.585673332214355
15929115000,apartment,8,8.4258,8.474884986877441
15929115681,apartment,8,8.3741,8.487367630004883
15929116759,apartment,8,8.2659,8.485540390014648
15929117453,apartment,8,8.3349,8.482285499572754
15929117496,apartment,8,8.4674,8.478601455688477
15930603072,apartment,8,8.296,8.661523818969727
15930801915,apartment,8,7.5147,8.17568588256836
16004901813,apartment,8,8.0376,7.971531867980957
16004904294,apartment,8,8.0189,7.9465789794921875
16004904987,apartment,8,8.3962,7.942906379699707
16010901811,apartment,8,7.4392,8.127069473266602
16016902593,apartment,8,8.055,8.06837272644043
16016902641,apartment,8,8.3212,8.073871612548828
16017301194,apartment,8,8.059,7.98186731338501
16017302451,apartment,8,8.0735,7.980868816375732
16017701869,apartment,8,8.0064,7.961958408355713
16017704043,apartment,8,8.0243,7.885378837585449
16017705163,apartment,8,8.1187,7.837381839752197
16017705678,apartment,8,8.2083,7.838663101196289
16017705996,apartment,8,8.3434,8.054104804992676
16017900926,apartment,8,8.0522,7.989418983459473
16017901213,apartment,8,8.0973,8.013526916503906
16019501506,apartment,8,8.2521,8.269168853759766
16019502138,apartment,8,8.2637,8.2664794921875
16019502723,apartment,8,8.2521,8.26072883605957
16021303521,apartment,8,8.1335,8.056057929992676
16021701215,apartment,8,7.7287,8.0098295211792
16023202471,apartment,8,7.9756,8.12734603881836
16023801128,apartment,8,8.2978,8.044670104980469
16023801251,apartment,8,8.5965,8.046310424804688
16023901653,apartment,8,8.0256,7.947596549987793
16023904172,apartment,8,8.1269,7.955650329589844
16024603605,apartment,8,7.8494,7.929834365844727
16024603907,apartment,8,7.8016,7.951019287109375
16024901053,apartment,8,8.1639,8.167329788208008
16024901126,apartment,8,8.3059,8.168214797973633
16025200504,apartment,8,8.3492,8.306671142578125
16026900461,apartment,8,8.2623,8.26701545715332
16026902154,apartment,8,8.2642,8.237013816833496
16026902456,apartment,8,8.3554,8.277669906616211
16026903045,apartment,8,8.2623,8.270773887634277
16027700539,apartment,8,8.7221,8.398151397705078
16027702353,apartment,8,8.5952,8.348283767700195
16027702612,apartment,8,8.6439,8.344263076782227
16027704161,apartment,8,8.7096,8.348456382751465
16027704720,apartment,8,8.6781,8.35680103302002
16028300801,apartment,8,8.3549,8.26284408569336
16028302995,apartment,8,8.4188,8.237001419067383
16028303071,apartment,8,8.5172,8.231611251831055
16028600643,apartment,8,7.8434,7.887775421142578
16028701008,apartment,8,8.2295,8.220480918884277
16028701091,apartment,8,8.2559,8.210750579833984
16028701441,apartment,8,8.1315,8.195303916931152
16036503503,apartment,8,8.5783,8.373245239257812
16036503546,apartment,8,8.2782,8.373781204223633
16036802578,apartment,8,7.8753,8.033629417419434
16036803922,apartment,8,8.5598,8.250787734985352
16036804041,apartment,8,8.6559,8.263396263122559
16036804491,apartment,8,8.1233,8.04344367980957
16036805585,apartment,8,8.1682,8.042400360107422
16036807162,apartment,8,7.9891,8.058904647827148
16036808924,apartment,8,8.2311,8.0857515335083
16036812107,apartment,8,8.5954,8.315380096435547
16036812271,apartment,8,8.6305,8.299727439880371
16036812573,apartment,8,8.7403,8.305320739746094
16036812931,apartment,8,8.566,8.307973861694336
16036903986,apartment,8,8.2421,8.0403470993042
16036904192,apartment,8,8.2458,7.920540809631348
16036905121,apartment,8,8.4733,8.23881721496582
16037001951,apartment,8,8.3468,8.018136978149414
16037002117,apartment,8,8.265,8.0131196975708
16037002478,apartment,8,9.1938,8.356098175048828
16037002796,apartment,8,8.5244,8.313409805297852
16037005345,apartment,8,8.2504,8.220239639282227
16037006147,apartment,8,8.9872,8.230324745178223
16037007542,apartment,8,8.8569,8.338746070861816
16103815842,apartment,2,7.7829,8.049310684204102
16200100984,apartment,2,8.0679,8.052068710327148
16200105110,apartment,2,8.1233,8.147603988647461
16200105234,apartment,2,7.8419,8.144990921020508
16200106575,apartment,2,8.6748,8.304113388061523
16200106761,apartment,2,8.656,8.269414901733398
16200109019,apartment,2,8.2628,8.318605422973633
16200110076,apartment,2,8.3857,8.318929672241211
16200111056,apartment,2,8.394,8.333135604858398
16200112869,apartment,2,8.7208,8.264436721801758
16200113261,apartment,2,8.7834,8.265860557556152
16200115302,apartment,2,8.8858,8.282421112060547
16200116481,apartment,2,8.9513,8.342666625976562
16200116521,apartment,2,8.7618,8.295318603515625
16200117399,apartment,2,8.7988,8.284564018249512
16200117828,apartment,2,8.8698,8.340047836303711
16200118190,apartment,2,8.6507,8.357002258300781
16200118247,apartment,2,7.4346,8.419326782226562
16200118476,apartment,2,8.4077,8.415384292602539
16200118514,apartment,2,8.7248,8.358129501342773
16200119456,apartment,2,8.3189,8.41869068145752
16200121620,apartment,2,8.7812,8.35611629486084
16200122104,apartment,2,8.5925,8.391704559326172
16200124913,apartment,2,8.8104,8.359883308410645
16200125332,apartment,2,8.7736,8.357361793518066
16200134269,apartment,2,8.0494,8.315317153930664
16200136180,apartment,2,8.4154,8.32027530670166
16200136512,apartment,2,8.3886,8.346708297729492
16200138183,apartment,2,8.4988,8.38640022277832
16200143594,apartment,2,8.5703,8.377769470214844
16200145929,apartment,2,8.2533,8.357792854309082
16200147883,apartment,2,8.0913,8.40092658996582
16200153921,apartment,2,8.5306,8.327615737915039
16200501792,apartment,2,8.5839,8.173299789428711
16200502195,apartment,2,8.1456,8.173299789428711
16200503736,apartment,2,8.3688,8.168184280395508
16200503981,apartment,2,8.4998,8.171056747436523
16200504724,apartment,2,8.6464,8.167928695678711
16200507898,apartment,2,8.4821,8.171903610229492
16203501327,apartment,2,8.465,8.23311710357666
16203606714,apartment,2,8.4839,8.30410099029541
16203607761,apartment,2,8.5172,8.279703140258789
16203608423,apartment,2,8.3576,8.300292015075684
16203609705,apartment,2,8.267,8.298789024353027
16203610797,apartment,2,8.1304,8.404438018798828
16205102144,apartment,2,8.1543,8.266878128051758
16205102926,apartment,2,8.1605,8.36393928527832
16208400502,apartment,2,8.7072,8.597088813781738
16221300761,apartment,2,8.0848,8.211742401123047
16221602520,apartment,2,7.9207,7.951813697814941
16221602865,apartment,2,8.0466,7.948955535888672
16325500694,apartment,2,7.9159,7.903794288635254
16325601148,apartment,2,7.9176,7.9755706787109375
16325602276,apartment,2,8.1205,7.981236934661865
16325700626,apartment,2,7.7187,7.906999588012695
16325701134,apartment,2,7.824,7.907454967498779
16511710989,apartment,8,8.4118,8.26951789855957
16511711594,apartment,8,8.4978,8.344480514526367
16513500981,apartment,8,8.1353,8.151954650878906
16513500991,apartment,8,8.2659,8.156047821044922
16516900980,apartment,2,7.673,7.823822975158691
16535301477,apartment,2,8.1495,7.806229114532471
16536502778,apartment,2,7.7194,7.592622756958008
16536503499,apartment,2,7.5314,7.63620662689209
16537104253,apartment,2,8.5703,8.16473388671875
16537107988,apartment,2,8.4802,8.148006439208984
16537108895,apartment,2,8.4988,8.146978378295898
16537111071,apartment,2,8.4611,8.18397045135498
16540402146,apartment,2,7.9176,7.78303337097168
16540700295,apartment,2,7.9194,7.862523078918457
16540700392,apartment,2,8.0472,7.8676862716674805
16541403448,apartment,2,8.2601,8.037389755249023
16541404908,apartment,2,8.0915,8.090337753295898
16541406676,apartment,2,8.2179,8.094025611877441
16600403763,apartment,8,8.2158,8.108587265014648
16603302488,apartment,8,8.2889,8.286121368408203
16603305134,apartment,8,8.6226,8.331076622009277
16604701009,apartment,8,7.9576,8.102471351623535
16606502674,apartment,8,7.9431,7.990269660949707
16624902735,apartment,8,8.2295,8.116921424865723
16624905981,apartment,8,8.3183,8.180963516235352
16624906153,apartment,8,8.235,8.18390941619873
16624906277,apartment,8,8.3953,8.180280685424805
16624908751,apartment,8,8.127,8.063098907470703
16624909871,apartment,8,8.1117,8.067411422729492
16624911203,apartment,8,7.7264,8.053229331970215
16625701040,apartment,8,7.7498,7.771496772766113
16626708111,apartment,8,8.3493,8.251660346984863
16626708146,apartment,8,8.6583,8.25563907623291
16626709053,apartment,8,8.3894,8.266521453857422
16626710108,apartment,8,7.8557,8.319382667541504
16701402241,apartment,8,8.0529,7.941598892211914
16715904633,apartment,8,7.4335,7.680853366851807
16721801581,apartment,8,8.263,8.045038223266602
16724001047,apartment,8,7.8959,7.983483791351318
16724002035,apartment,8,7.774,7.994688987731934
16726800125,apartment,8,7.6699,7.964357376098633
16726900030,apartment,8,8.454,7.9581146240234375
16727500443,apartment,8,8.0854,7.987376689910889
16805900688,apartment,8,7.8996,7.927908897399902
16809301622,apartment,8,8.0405,8.049358367919922
16809301681,apartment,8,8.096,8.050247192382812
16809302432,apartment,8,7.9959,8.051386833190918
16810001815,apartment,8,7.7933,7.94123649597168
16810003931,apartment,8,8.4161,8.124126434326172
16813000925,apartment,8,7.8427,7.917876243591309
16813001107,apartment,8,7.6962,7.944820404052734
16820201094,apartment,8,7.9313,8.433778762817383
16820201612,apartment,8,7.9294,8.434816360473633
16820205162,apartment,8,8.2338,8.188820838928223
16825608613,apartment,8,8.8426,8.133675575256348
16825608885,apartment,8,8.581,8.13528823852539
16825609776,apartment,8,8.4886,8.24503231048584
16825610340,apartment,8,7.955,8.244317054748535
16825611347,apartment,8,8.0849,8.244695663452148
16829701014,apartment,8,7.9798,8.102850914001465
16829707391,apartment,8,8.0175,8.137598037719727
16832001834,apartment,8,7.9139,7.936892986297607
16832002326,apartment,8,7.9215,7.890106201171875
16832303891,apartment,8,8.2751,8.116741180419922
16832304179,apartment,8,7.6533,8.117769241333008
16832305035,apartment,8,7.5681,8.116460800170898
16832305116,apartment,8,8.21,8.116530418395996
16832405201,apartment,8,8.1433,8.007637977600098
16832406184,apartment,8,8.1025,8.014442443847656
16832407180,apartment,8,8.1487,8.006271362304688
16900901068,apartment,8,7.6201,8.144872665405273
16900901653,apartment,8,8.0186,8.139479637145996
16900902609,apartment,8,8.0348,8.139479637145996
16900908720,apartment,8,8.0348,8.136273384094238
16900911241,apartment,8,8.0348,8.13043212890625
16900915603,apartment,8,8.1117,8.12614631652832
16900915719,apartment,8,8.1481,8.11987018585205
16900921557,apartment,8,8.2563,8.289958953857422
16900923681,apartment,8,8.1763,8.282684326171875
16900924793,apartment,8,7.841,8.247215270996094
16900928081,apartment,8,8.3712,8.247905731201172
16900929541,apartment,8,8.074,8.256141662597656
16901800370,apartment,8,8.1367,8.258264541625977
16901901614,apartment,8,8.2424,8.14957332611084
16902001285,apartment,8,8.5019,8.303041458129883
16902001846,apartment,8,8.5817,8.356074333190918
16902002001,apartment,8,8.4833,8.34994888305664
16902100593,apartment,8,8.1826,8.298580169677734
16902100879,apartment,8,8.0012,8.332073211669922
16902101281,apartment,8,8.1065,8.294973373413086
16902103398,apartment,8,8.1828,8.293303489685059
16902103533,apartment,8,8.0394,8.312580108642578
16902105171,apartment,8,7.7449,8.173114776611328
16902105366,apartment,8,7.644,8.177291870117188
16902105447,apartment,8,7.7668,8.212068557739258
16902106559,apartment,8,8.36,8.291584968566895
16902301602,apartment,8,8.409,8.21530818939209
16902302056,apartment,8,8.3501,8.204586029052734
16902304131,apartment,8,8.2143,8.154895782470703
16902600741,apartment,8,8.0819,8.19651985168457
16902601241,apartment,8,7.9795,8.177511215209961
16902601835,apartment,8,8.0819,8.187919616699219
16902602270,apartment,8,8.0932,8.202306747436523
16902800374,apartment,8,8.3579,8.217826843261719
16902800706,apartment,8,8.4219,8.218713760375977
16902800714,apartment,8,8.5397,8.211742401123047
16902800927,apartment,8,8.3966,8.210591316223145
16902801303,apartment,8,8.4358,8.247279167175293
16902803780,apartment,8,8.099,8.23179817199707
16902803837,apartment,8,8.2803,8.254045486450195
16903001130,apartment,8,7.8723,7.994199752807617
16903101739,apartment,8,8.1263,8.15529727935791
16903600883,apartment,8,8.2078,8.195869445800781
16903601571,apartment,8,8.4392,8.198596000671387
16903602071,apartment,8,8.3157,8.19532299041748
16903602576,apartment,8,8.3374,8.190847396850586
16903602940,apartment,8,8.294,8.204684257507324
16903603254,apartment,8,8.4256,8.198596000671387
16903603602,apartment,8,8.3819,8.198413848876953
16903702880,apartment,8,8.1784,8.006210327148438
16903901875,apartment,8,8.5672,8.18587875366211
16904003420,apartment,8,8.1328,8.200489044189453
16904004362,apartment,8,8.3559,8.200103759765625
16904006721,apartment,8,8.6103,8.245702743530273
16904006861,apartment,8,8.5317,8.248433113098145
16904007302,apartment,8,8.29,8.288568496704102
16904007485,apartment,8,8.3717,8.288568496704102
16904007681,apartment,8,8.428,8.25367546081543
16904007841,apartment,8,8.6081,8.25367546081543
16904007981,apartment,8,8.6516,8.241628646850586
16906200381,apartment,8,7.722,8.116842269897461
16906201726,apartment,8,8.2328,8.112418174743652
16906202781,apartment,8,8.1942,8.11996841430664
16906203060,apartment,8,8.2228,8.107295989990234
16906205438,apartment,8,8.3859,8.252981185913086
16906206507,apartment,8,8.6042,8.241462707519531
16907600438,apartment,8,7.9519,8.016992568969727
16908401110,apartment,8,7.8989,7.965198516845703
16908402427,apartment,8,8.0887,8.1956787109375
16908903485,apartment,8,7.9365,7.936784267425537
16911901196,apartment,8,8.3075,8.153369903564453
16911902451,apartment,8,8.172,8.176739692687988
16911902631,apartment,8,8.372,8.173606872558594
16911903237,apartment,8,8.3075,8.164921760559082
16911903555,apartment,8,8.0189,8.232409477233887
16911903970,apartment,8,7.8764,8.229418754577637
16911904578,apartment,8,8.0368,8.229843139648438
16911905167,apartment,8,7.5558,8.230239868164062
16911905477,apartment,8,7.439,8.209385871887207
16919700947,apartment,8,7.8909,8.159688949584961
16919701978,apartment,8,8.4589,8.40296745300293
16919702273,apartment,8,8.5451,8.347906112670898
16919703377,apartment,8,8.3866,8.194990158081055
16919703415,apartment,8,8.3042,8.190174102783203
16919703741,apartment,8,8.5152,8.18896198272705
16919903201,apartment,8,8.3872,8.315646171569824
16919903309,apartment,8,7.9408,8.31511116027832
16919904321,apartment,8,8.3674,8.298674583435059
16919904593,apartment,8,8.4344,8.303226470947266
16919904992,apartment,8,8.5344,8.305622100830078
16919907312,apartment,8,8.9197,8.313776016235352
16919907411,apartment,8,8.8031,8.313776016235352
16919907444,apartment,8,8.6149,8.370768547058105
16919907721,apartment,8,8.6597,8.337897300720215
16919908408,apartment,8,8.8881,8.362046241760254
16919908432,apartment,8,8.5218,8.29602336883545
16919908769,apartment,8,8.7015,8.363121032714844
16920006846,apartment,8,7.9884,8.42208194732666
16920007524,apartment,8,8.447,8.213839530944824
16920007532,apartment,8,8.3949,8.23112964630127
16920008199,apartment,8,8.4827,8.211395263671875
16920010487,apartment,8,8.4219,8.254512786865234
16920010509,apartment,8,8.5245,8.301178932189941
16920201861,apartment,8,8.4719,8.262746810913086
16920300868,apartment,8,8.7153,8.460905075073242
16920301309,apartment,8,8.581,8.454828262329102
16920301341,apartment,8,8.4595,8.455422401428223
16920303034,apartment,8,8.3712,8.236815452575684
16920501995,apartment,8,8.4755,8.437049865722656
16920502071,apartment,8,8.4231,8.424623489379883
16920504579,apartment,8,8.5689,8.432418823242188
16920601302,apartment,8,7.9993,8.155929565429688
16920705388,apartment,8,8.0982,8.197882652282715
16920801603,apartment,8,8.4428,8.086847305297852
16921201448,apartment,8,8.3021,8.099483489990234
16921203572,apartment,8,8.1439,8.217517852783203
16921205087,apartment,8,8.4452,8.3017578125
16921205842,apartment,8,8.531,8.305574417114258
16921206131,apartment,8,8.4482,8.186613082885742
16921400823,apartment,8,8.294,8.10228443145752
16921401781,apartment,8,7.9447,7.889066219329834
16921402117,apartment,8,8.1158,8.128541946411133
16921402230,apartment,8,8.0536,8.127557754516602
16921402435,apartment,8,8.0739,8.125222206115723
16921402451,apartment,8,8.1348,8.127959251403809
16921402486,apartment,8,8.2034,8.126897811889648
16921900966,apartment,8,8.187,7.998876094818115
16921901482,apartment,8,7.7063,7.951070785522461
16922302124,apartment,8,7.9191,7.91486930847168
16922500988,apartment,8,8.2479,8.257559776306152
16922602901,apartment,8,8.2868,8.162900924682617
16922603108,apartment,8,8.1044,8.162900924682617
16922603655,apartment,8,8.4584,8.162900924682617
16922603825,apartment,8,8.2234,8.157358169555664
16922605658,apartment,8,8.4338,8.133119583129883
16922606131,apartment,8,8.7171,8.124868392944336
16922701975,apartment,8,8.1729,8.255311012268066
16926907179,apartment,8,8.4952,8.024134635925293
16926912857,apartment,8,8.1526,8.161843299865723
16929000271,apartment,8,7.824,8.078715324401855
16929000573,apartment,8,7.4518,8.0808687210083
16929001510,apartment,8,7.8427,8.080362319946289
16930101000,apartment,8,8.1079,7.961043834686279
16930101019,apartment,8,7.8611,7.96003532409668
16930101035,apartment,8,8.3487,8.27747917175293
16930102856,apartment,8,8.0133,7.995124340057373
16930402655,apartment,8,7.9985,8.05215835571289
16930403112,apartment,8,8.2334,8.053276062011719
16930403473,apartment,8,8.0635,8.062076568603516
16930403937,apartment,8,8.0819,8.05487060546875
16930414815,apartment,8,8.5268,8.347249031066895
16930416028,apartment,8,8.8144,8.344676971435547
16930416435,apartment,8,8.6229,8.336296081542969
17000403445,apartment,8,8.595,8.279458999633789
17000500718,apartment,8,7.7012,7.836012363433838
17000702353,apartment,8,8.08,7.868525505065918
17000702582,apartment,8,7.9782,8.245498657226562
17000800886,apartment,8,7.8278,8.207023620605469
17000805373,apartment,8,8.358,8.38511848449707
17001001316,apartment,8,7.8748,8.08148193359375
17001001332,apartment,8,8.064,8.06244945526123
17001002428,apartment,8,8.6836,8.45761775970459
17001003149,apartment,8,8.6836,8.46045207977295
17001100977,apartment,8,8.2311,8.089136123657227
17001200750,apartment,8,8.5388,8.416909217834473
17001202214,apartment,8,8.81,8.197075843811035
17001202974,apartment,8,8.7628,8.19847583770752
17001204039,apartment,8,8.7775,8.199295997619629
17001204217,apartment,8,8.2648,8.204123497009277
17001204373,apartment,8,8.774,8.205543518066406
17001206244,apartment,8,8.7213,8.433919906616211
17001300747,apartment,8,8.4134,8.292787551879883
17001502412,apartment,8,8.0214,8.004705429077148
17001504571,apartment,8,8.762,8.276891708374023
17001900248,apartment,8,8.2798,8.13375186920166
17002101241,apartment,8,8.1568,8.113449096679688
17002102825,apartment,8,8.3688,8.436814308166504
17002102876,apartment,8,8.5511,8.440070152282715
17002200673,apartment,8,8.2369,8.220657348632812
17002201181,apartment,8,8.2033,8.21037769317627
17002201823,apartment,8,8.1807,8.212970733642578
17002201912,apartment,8,8.1066,8.207327842712402
17002301275,apartment,8,7.7334,7.972434997558594
17002301755,apartment,8,7.7439,8.052244186401367
17002302638,apartment,8,8.608,8.487648010253906
17002303529,apartment,8,8.3481,8.22529411315918
17003700629,apartment,8,7.4648,7.771718502044678
17003700920,apartment,8,7.9611,8.182025909423828
17003701196,apartment,8,7.9606,8.182052612304688
17003702044,apartment,8,7.9198,8.21359634399414
17003702850,apartment,8,7.9194,8.251611709594727
17003902280,apartment,8,7.9294,8.241134643554688
17004300322,apartment,8,7.8177,8.199714660644531
17004301175,apartment,8,7.8872,8.169816970825195
17004800384,apartment,8,7.7353,7.9792561531066895
17004901024,apartment,8,7.5433,8.001498222351074
17004901733,apartment,8,7.4388,8.01430606842041
17004901768,apartment,8,7.4929,8.012154579162598
17005901192,apartment,8,8.3301,7.773077487945557
17005901524,apartment,8,7.5169,8.058290481567383
17005905295,apartment,8,8.1461,8.15787124633789
17006202395,apartment,8,8.0995,8.24802303314209
17006202433,apartment,8,8.3489,8.261978149414062
17006202530,apartment,8,8.2058,8.252199172973633
17006202786,apartment,8,8.2976,8.252199172973633
17006203200,apartment,8,8.1673,8.19244384765625
17006204479,apartment,8,7.8964,8.293437004089355
17007301249,apartment,8,8.1291,8.612518310546875
17007302466,apartment,8,8.2144,8.535898208618164
17007302806,apartment,8,8.3584,8.605810165405273
17007303683,apartment,8,8.1979,8.53994369506836
17007304809,apartment,8,8.2919,8.562252044677734
17007304851,apartment,8,8.2154,8.558176040649414
17007305287,apartment,8,8.2985,8.541091918945312
17007305376,apartment,8,8.2918,8.536553382873535
17007307573,apartment,8,8.0115,8.318483352661133
17007308731,apartment,8,7.9284,8.283864974975586
17007309967,apartment,8,8.1554,8.281231880187988
17007309967,apartment,8,7.8838,8.282632827758789
17007310868,apartment,8,8.363,8.29737663269043
17010902746,apartment,8,7.3855,9.092279434204102
17013000581,apartment,8,7.8982,8.525435447692871
17013001456,apartment,8,7.3851,8.517045974731445
17013003599,apartment,8,7.8501,8.638751983642578
17013201676,apartment,8,8.392,8.825461387634277
17013204888,apartment,8,8.4982,8.809587478637695
17015900539,apartment,8,7.4876,8.415075302124023
17015901217,apartment,8,8.1951,8.59749984741211
17015901543,apartment,8,8.2496,8.582215309143066
17017105418,apartment,8,7.6843,8.642180442810059
17017200593,apartment,8,7.6417,8.422016143798828
17017201077,apartment,8,7.6009,8.44504451751709
17017402145,apartment,8,7.8357,8.387296676635742
17017403087,apartment,8,7.824,8.663854598999023
17017403400,apartment,8,8.101,8.662866592407227
17017403877,apartment,8,7.4931,8.794425964355469
17017605194,apartment,8,7.4223,8.511092185974121
17017608223,apartment,8,8.6305,8.709366798400879
17018401576,apartment,8,7.6789,8.443984985351562
17018405229,apartment,8,7.5833,8.404776573181152
17018407752,apartment,8,8.5637,8.436761856079102
17018408155,apartment,8,7.6247,8.398664474487305
17018408163,apartment,8,7.5938,8.40256118774414
17018408341,apartment,8,7.371,8.463516235351562
17018408929,apartment,8,8.4903,8.463348388671875
17018902982,apartment,8,8.1543,8.189852714538574
17018903792,apartment,8,8.5022,8.186036109924316
17019104133,apartment,8,7.5984,7.997468948364258
17019105725,apartment,8,8.2493,8.254064559936523
17019106217,apartment,8,7.6557,8.171270370483398
17019106829,apartment,8,8.0738,8.15929889678955
17019107515,apartment,8,8.18,8.126653671264648
17019202798,apartment,8,8.5446,8.310953140258789
17019203441,apartment,8,8.3849,8.282344818115234
17019204197,apartment,8,8.4472,8.307109832763672
17019205835,apartment,8,8.4638,8.407057762145996
17019400621,apartment,8,7.5785,7.800569534301758
17019606295,apartment,8,8.0018,8.033119201660156
17019606570,apartment,8,8.1456,8.032539367675781
17019606651,apartment,8,7.7746,8.033119201660156
17102101790,apartment,8,7.7295,8.610158920288086
17102102789,apartment,8,8.2255,8.622310638427734
17102102800,apartment,8,8.3501,8.665605545043945
17103500168,apartment,8,7.6083,8.739770889282227
17103705290,apartment,8,7.3905,8.516311645507812
17104300324,apartment,8,7.599,8.515783309936523
17104301487,apartment,8,8.1421,8.927499771118164
17104301754,apartment,8,8.209,8.90275764465332
17104302068,apartment,8,8.2782,8.744717597961426
17104302882,apartment,8,7.5762,8.726374626159668
17105901402,apartment,8,8.0441,8.429718017578125
17106601232,apartment,8,7.8034,7.849402904510498
17106601615,apartment,8,7.4831,7.825849533081055
17107101934,apartment,8,8.4145,8.371283531188965
17110101508,apartment,8,7.3033,8.27847957611084
17110102059,apartment,8,8.1658,8.275968551635742
17111500937,apartment,8,7.6756,7.892340660095215
17111900919,apartment,8,7.8059,7.79782772064209
17112402971,apartment,8,8.5778,8.366875648498535
17116102591,apartment,8,8.1742,8.200263977050781
17116103261,apartment,8,8.0929,8.185016632080078
17116202500,apartment,8,8.713,8.313833236694336
17116202683,apartment,8,8.3143,8.314765930175781
17116400728,apartment,8,7.6426,8.388212203979492
17116400817,apartment,8,7.3603,7.888279438018799
17116401473,apartment,8,8.1817,8.128368377685547
17116401961,apartment,8,8.0169,8.888561248779297
17116404243,apartment,8,8.8309,8.559029579162598
17116404782,apartment,8,9.1217,8.464531898498535
17116404790,apartment,8,8.5628,8.537907600402832
17116404847,apartment,8,8.6706,8.543010711669922
17116404901,apartment,8,8.8529,8.540460586547852
17116600328,apartment,8,7.657,7.957718849182129
17116701523,apartment,8,8.096,8.281241416931152
17116702031,apartment,8,8.0219,8.294376373291016
17116702368,apartment,8,8.1195,8.263394355773926
17116704980,apartment,8,7.3509,7.8848114013671875
17117301154,apartment,8,8.1956,8.82036304473877
17117500531,apartment,8,7.8753,8.510144233703613
17117503350,apartment,8,8.5074,8.727977752685547
17117503581,apartment,8,8.4363,8.72048282623291
17117703783,apartment,8,8.584,8.671751976013184
17117706561,apartment,8,8.434,8.680110931396484
17117710003,apartment,8,8.2387,8.639984130859375
17117712758,apartment,8,8.5848,8.67667007446289
17117716151,apartment,8,8.7772,8.649742126464844
17118301069,apartment,8,7.57,8.387781143188477
17118301247,apartment,8,7.6719,8.411164283752441
17118301387,apartment,8,7.9773,8.40568733215332
17118302561,apartment,8,8.154,8.557119369506836
17118302650,apartment,8,8.0698,8.556533813476562
17118500347,apartment,8,7.8954,8.404417991638184
17118900450,apartment,8,7.9624,8.315797805786133
17118900701,apartment,8,7.8608,8.315797805786133
17118902410,apartment,8,8.0435,8.284945487976074
17118903409,apartment,8,7.7746,8.496509552001953
17119002588,apartment,8,8.2279,8.676652908325195
17119005803,apartment,8,8.498,8.936269760131836
17119005986,apartment,8,8.2568,8.933828353881836
17119006311,apartment,8,8.675,8.933828353881836
17119100652,apartment,8,7.9171,8.750814437866211
17119101209,apartment,8,7.8623,8.744087219238281
17119101314,apartment,8,7.7753,8.745758056640625
17119200711,apartment,8,7.6334,8.45767593383789
17119201009,apartment,8,7.5976,8.431811332702637
17119202013,apartment,8,9.2158,8.756338119506836
17119202145,apartment,8,7.7881,8.75643539428711
17119202269,apartment,8,8.6976,8.754331588745117
17119202293,apartment,8,8.6976,8.749807357788086
17119202315,apartment,8,8.75,8.762214660644531
17119203842,apartment,8,8.1987,8.544013023376465
17119204156,apartment,8,8.4737,8.6528959274292
17119204725,apartment,8,8.554,8.497270584106445
17119204970,apartment,8,8.5896,8.65205192565918
17119205675,apartment,8,8.5172,8.655138969421387
17119205799,apartment,8,8.5457,8.655094146728516
17119206299,apartment,8,8.5903,8.598844528198242
17119501061,apartment,8,7.8833,8.321663856506348
17119501215,apartment,8,7.9887,8.42713451385498
17119502645,apartment,8,7.4734,8.385501861572266
17119503129,apartment,8,7.824,8.36666488647461
17119503587,apartment,8,8.0133,8.364704132080078
17119800786,apartment,8,7.62,8.525525093078613
17119801197,apartment,8,7.627,8.16820240020752
17119806709,apartment,8,8.2042,8.767602920532227
17119807209,apartment,8,8.6412,8.66795825958252
17119900926,apartment,8,7.4561,8.474311828613281
17119903038,apartment,8,7.7683,8.301891326904297
17119903046,apartment,8,7.3645,8.305634498596191
17119903569,apartment,8,7.8685,8.46706771850586
17119903836,apartment,8,7.8258,8.468801498413086
17119905456,apartment,8,7.574,8.365779876708984
17119906010,apartment,8,8.0317,8.359121322631836
17119908064,apartment,8,7.7533,8.443916320800781
17119908250,apartment,8,7.613,8.426700592041016
17119912533,apartment,8,8.2263,8.475913047790527
17120001670,apartment,8,8.4727,8.46298599243164
17120002057,apartment,8,8.4381,8.458993911743164
17120002065,apartment,8,8.544,8.454736709594727
17120002243,apartment,8,8.4555,8.458637237548828
17120002537,apartment,8,7.4949,8.459335327148438
17120003509,apartment,8,8.5265,8.46850299835205
17120200835,apartment,8,7.7765,7.9070281982421875
17120201300,apartment,8,7.9557,8.188460350036621
17120202048,apartment,8,8.3033,8.22647476196289
17120202625,apartment,8,8.4389,8.193061828613281
17120205012,apartment,8,8.6109,8.40296459197998
17120211063,apartment,8,9.0609,8.381011962890625
17120301828,apartment,8,8.4284,8.12260627746582
17120302581,apartment,8,7.953,8.021056175231934
17120307788,apartment,8,8.1062,8.359710693359375
17120310290,apartment,8,8.7569,8.355443954467773
17120402081,apartment,8,8.9967,8.229948043823242
17120603743,apartment,8,7.902,8.367701530456543
17120606793,apartment,8,7.9918,8.069725036621094
17120800379,apartment,8,7.8633,7.907817840576172
17120901019,apartment,8,8.3211,8.290336608886719
17121001569,apartment,8,8.3608,8.283306121826172
17121002956,apartment,8,8.027,8.624855041503906
17121003472,apartment,8,7.9126,8.184846878051758
17121100745,apartment,8,8.32,8.042561531066895
17121301015,apartment,8,8.4764,8.162064552307129
17121302712,apartment,8,8.4467,8.237286567687988
17121304804,apartment,8,8.6396,8.192092895507812
17121501677,apartment,8,8.4106,8.233148574829102
17121601299,apartment,8,8.3931,8.403068542480469
17121602767,apartment,8,8.5064,8.435125350952148
17121700432,apartment,8,7.9525,8.157218933105469
17121700440,apartment,8,8.1063,8.18149471282959
17121801727,apartment,8,8.5127,8.431303977966309
17121802243,apartment,8,8.5997,8.442924499511719
17121802881,apartment,8,8.4621,8.396499633789062
17121803274,apartment,8,9.0334,8.21906852722168
17121808934,apartment,8,8.9239,8.145506858825684
17121809434,apartment,8,8.8248,8.185203552246094
17121901756,apartment,8,8.4276,8.385326385498047
17122000231,apartment,8,8.5389,8.208822250366211
17122000231,apartment,8,8.3421,8.209156036376953
17122100439,apartment,8,7.432,7.842444896697998
17122207551,apartment,8,8.5446,8.270869255065918
17122208061,apartment,8,8.4401,8.196516990661621
17122213217,apartment,8,8.3291,8.215137481689453
17123100653,apartment,8,8.0891,8.071976661682129
17123100939,apartment,8,8.0635,8.072318077087402
17124301091,apartment,8,8.1724,8.480768203735352
17124701014,apartment,8,7.9743,7.945896148681641
17124703610,apartment,8,8.4251,8.21976375579834
17124703807,apartment,8,8.294,8.084358215332031
17125805034,apartment,8,7.9069,7.997509479522705
17125805999,apartment,8,7.7777,8.127344131469727
17125808041,apartment,8,8.1689,8.031753540039062
17125809854,apartment,8,8.0311,8.374712944030762
17125810127,apartment,8,7.9687,8.37180233001709
17125810704,apartment,8,8.1617,8.197978019714355
17125813274,apartment,8,8.4986,8.512691497802734
17125814211,apartment,8,8.5889,8.456714630126953
17126700554,apartment,8,8.6934,8.798439025878906
17126701526,apartment,8,7.4467,8.780046463012695
17126702077,apartment,8,8.7568,8.77624225616455
17126703634,apartment,8,8.5795,8.839569091796875
17126703898,apartment,8,8.96,8.840177536010742
17126704584,apartment,8,8.7675,8.795865058898926
17126709314,apartment,8,8.7959,8.829721450805664
17127002966,apartment,8,8.2642,8.066740036010742
17127004497,apartment,8,8.3015,8.158300399780273
17127004871,apartment,8,8.2125,8.1522798538208
17127101719,apartment,8,8.5172,8.74675464630127
17127102618,apartment,8,8.4009,8.713688850402832
17127102715,apartment,8,8.4543,8.708795547485352
17127102979,apartment,8,8.4078,8.717981338500977
17127103258,apartment,8,8.047,8.739402770996094
17127104572,apartment,8,8.4672,8.715666770935059
17127106532,apartment,8,8.371,8.720552444458008
17127700590,apartment,8,8.4139,8.732576370239258
17127701325,apartment,8,8.4009,8.727243423461914
17127701511,apartment,8,8.3793,8.730212211608887
17127701589,apartment,8,8.4341,8.727243423461914
17127701813,apartment,8,8.5474,8.727041244506836
17128002390,apartment,8,8.3871,8.852997779846191
17128002749,apartment,8,8.3767,8.851266860961914
17128003389,apartment,8,8.4412,8.84996223449707
17128003419,apartment,8,8.3871,8.845003128051758
17128003575,apartment,8,8.4118,8.845003128051758
17129803192,apartment,8,8.274,8.176933288574219
17129803613,apartment,8,8.1103,8.176614761352539
17129803729,apartment,8,8.1114,8.180686950683594
17129803842,apartment,8,8.1114,8.180686950683594
17129803974,apartment,8,8.1157,8.177663803100586
17129804040,apartment,8,8.1095,8.179787635803223
17129804059,apartment,8,8.1133,8.177120208740234
17129804512,apartment,8,8.0994,8.18213176727295
17129804636,apartment,8,8.0994,8.18582820892334
17129804733,apartment,8,8.1099,8.175838470458984
17129805081,apartment,8,8.0851,8.300909042358398
17129806183,apartment,8,8.3557,8.306739807128906
17130001551,apartment,8,8.0196,7.986024379730225
17130009151,apartment,8,8.489,8.303067207336426
17130014228,apartment,8,8.35,8.178667068481445
17130014430,apartment,8,8.6836,8.180608749389648
17130021135,apartment,8,8.6565,8.522518157958984
17130022476,apartment,8,8.6052,8.521302223205566
17130024584,apartment,8,8.5878,8.246545791625977
17130024770,apartment,8,8.5065,8.228068351745605
17130024959,apartment,8,8.4737,8.228372573852539
17130028296,apartment,8,8.5848,8.201223373413086
17130201230,apartment,8,8.3972,8.126426696777344
17130205325,apartment,8,8.3088,8.137151718139648
17130205406,apartment,8,8.4241,8.143939018249512
17130206836,apartment,8,8.2489,8.126595497131348
17130209223,apartment,8,8.4122,8.423471450805664
17206500977,apartment,2,8.4553,8.18271255493164
17217606437,apartment,2,8.5703,8.296186447143555
17219901037,apartment,2,8.289,8.287049293518066
17226201126,apartment,2,8.0385,7.893855094909668
17234700799,apartment,2,7.7564,7.756466865539551
17234702627,apartment,2,8.0472,7.813579559326172
17235303599,apartment,2,8.2058,8.124836921691895
17235303742,apartment,2,8.2618,8.120868682861328
17235303955,apartment,2,8.2058,8.120552062988281
17235305575,apartment,2,8.2618,8.12513542175293
17300805158,apartment,2,7.789,8.01113510131836
17300806367,apartment,2,7.9501,7.99777889251709
17300808823,apartment,2,7.8678,7.999264240264893
17300809137,apartment,2,7.9533,8.025547981262207
17300809481,apartment,2,7.9234,8.064085960388184
17300809633,apartment,2,7.9553,8.07331371307373
17300810143,apartment,2,7.9067,8.079261779785156
17300810216,apartment,2,7.8662,8.073567390441895
17330201501,apartment,2,7.934,7.863715171813965
17331001654,apartment,2,7.7512,7.775533676147461
17331003150,apartment,2,7.9418,8.16413688659668
17331003169,apartment,2,7.9782,8.160377502441406
17331003355,apartment,2,7.9041,8.161463737487793
17331004963,apartment,2,7.9294,8.197224617004395
17332001941,apartment,2,8.197,8.035688400268555
17332002263,apartment,2,8.0882,7.955748081207275
17332003480,apartment,2,8.1703,8.036811828613281
17332003979,apartment,2,8.2525,7.970486640930176
17332004002,apartment,2,8.0772,8.120508193969727
17421900186,apartment,2,7.7994,8.069379806518555
17423603332,apartment,2,8.1724,8.084487915039062
17427403923,apartment,2,8.0489,8.156352043151855
17427403990,apartment,2,8.1605,8.15151309967041
17431205286,apartment,2,7.6879,8.108475685119629
17431209109,apartment,2,7.9438,8.117849349975586
17616409392,apartment,2,8.6553,8.149407386779785
17616413624,apartment,2,8.4672,8.148765563964844
17616416682,apartment,2,8.5536,8.146076202392578
17616417212,apartment,2,8.5355,8.150694847106934
17616417328,apartment,2,8.5536,8.146745681762695
17616417476,apartment,2,8.4795,8.146745681762695
17616418502,apartment,2,8.5536,8.148765563964844
17616418790,apartment,2,8.6057,8.149731636047363
17709800229,apartment,2,7.8823,7.967031955718994
17709800253,apartment,2,7.9725,7.948729038238525
17714300451,apartment,2,8.3931,8.106682777404785
17714302533,apartment,2,8.3253,8.140429496765137
17714304285,apartment,2,8.46,8.107586860656738
17714306563,apartment,2,8.4302,8.104565620422363
17714308140,apartment,2,7.7063,8.136008262634277
17714308671,apartment,2,7.9692,8.13868522644043
17714311631,apartment,2,7.6417,8.106682777404785
17714311648,apartment,2,8.4684,8.141207695007324
17714313896,apartment,2,8.1117,8.135144233703613
17715101000,apartment,2,8.0331,7.874373435974121
17715101795,apartment,2,8.1242,7.954279899597168
17805801540,apartment,2,7.7379,8.093231201171875
17805802067,apartment,2,8.4065,8.079219818115234
17805802164,apartment,2,8.4849,8.09443473815918
17806500439,apartment,2,9.0086,8.25731086730957
18106802336,apartment,8,8.2642,8.039128303527832
18111707117,apartment,8,7.3008,8.041770935058594
18300200664,apartment,8,8.294,8.115096092224121
18302700508,apartment,8,8.1747,8.16967487335205
18302701334,apartment,8,7.6809,8.168810844421387
18302901163,apartment,8,8.207,8.308701515197754
18303201602,apartment,8,8.0288,7.963066101074219
18303400575,apartment,8,7.9706,8.063848495483398
18304001127,apartment,8,7.9146,7.923632621765137
18308902331,apartment,8,8.3141,7.947682857513428
18308902919,apartment,8,8.4322,8.126446723937988
18308903052,apartment,8,8.6728,8.128128051757812
18309107225,apartment,8,7.4965,7.960708141326904
18309108906,apartment,8,8.3994,8.217426300048828
18309109279,apartment,8,8.489,8.21774673461914
18309109694,apartment,8,8.301,8.217304229736328
18309111567,apartment,8,8.3837,8.21820068359375
18309113306,apartment,8,8.3349,8.218999862670898
18309113969,apartment,8,8.1117,7.9392499923706055
18309114191,apartment,8,8.1442,7.965279579162598
18310802861,apartment,8,7.9639,8.05008316040039
18310803469,apartment,8,8.1456,8.066953659057617
18310805658,apartment,8,8.2149,7.993974685668945
18310805879,apartment,8,8.0897,7.989948272705078
18311001056,apartment,8,8.0266,7.965479373931885
18311100461,apartment,8,8.1032,7.8567914962768555
18311801192,apartment,8,8.4589,8.335077285766602
18311802997,apartment,8,8.5448,8.359806060791016
18311903610,apartment,8,7.9988,8.077075004577637
18311905011,apartment,8,7.9054,8.139436721801758
18311906830,apartment,8,7.4373,7.792230606079102
18312204074,apartment,8,7.6789,8.055598258972168
18312204831,apartment,8,8.0434,8.058359146118164
18312301142,apartment,8,7.6852,7.8831353187561035
18312302661,apartment,8,7.701,7.914701461791992
18312500250,apartment,8,7.6468,7.866655349731445
18312503462,apartment,8,7.824,7.92465877532959
18312503901,apartment,8,7.5364,7.908245086669922
18312701914,apartment,8,8.0631,7.919189453125
18312701949,apartment,8,7.8688,7.990267276763916
18312702090,apartment,8,7.7304,7.847681999206543
18312703194,apartment,8,7.5338,7.847002983093262
18312704484,apartment,8,7.7205,8.018180847167969
18406100760,apartment,8,8.0109,7.9766011238098145
18406100817,apartment,8,7.9644,7.97540283203125
18406501145,apartment,8,8.1622,7.932122230529785
18406501153,apartment,8,8.0025,7.93138313293457
18420311374,apartment,8,8.218,8.05397891998291
18420312435,apartment,8,7.3471,8.060708999633789
18420809615,apartment,8,7.7446,8.125442504882812
18424404172,apartment,8,8.3385,8.12074089050293
18425200791,apartment,8,7.5298,7.867934703826904
18425204967,apartment,8,7.9527,7.926187038421631
18425205531,apartment,8,8.0635,7.931570053100586
18425206544,apartment,8,8.1407,7.924829959869385
18500100612,apartment,8,7.7189,8.236414909362793
18500101791,apartment,8,7.7292,8.239339828491211
18501601259,apartment,8,7.8915,8.07577896118164
18501803021,apartment,8,7.8841,7.945432662963867
18505402331,apartment,8,8.428,8.341399192810059
18505402692,apartment,8,8.2716,8.344476699829102
18505403087,apartment,8,8.4067,8.353912353515625
18505403168,apartment,8,8.566,8.33269214630127
18505403613,apartment,8,8.4919,8.333783149719238
18505404865,apartment,8,8.4362,8.332388877868652
18505404921,apartment,8,8.5161,8.345459938049316
18505405470,apartment,8,8.554,8.31899642944336
18505405780,apartment,8,8.5172,8.324844360351562
18505406000,apartment,8,8.5419,8.319863319396973
18505406450,apartment,8,8.6226,8.322026252746582
18505407521,apartment,8,8.0415,8.341352462768555
18505408054,apartment,8,8.4409,8.341352462768555
18505409255,apartment,8,8.6442,8.391992568969727
18505409352,apartment,8,8.6049,8.391992568969727
18505409433,apartment,8,8.7183,8.396347045898438
18505409840,apartment,8,8.7355,8.316542625427246
18505412302,apartment,8,8.7514,8.358574867248535
18505412833,apartment,8,8.631,8.366223335266113
18512001061,apartment,8,7.8623,7.94831657409668
18513202011,apartment,8,8.406,8.214354515075684
18600213133,apartment,8,7.5937,8.139698028564453
18600213370,apartment,8,8.2123,8.131747245788574
18600214636,apartment,8,7.9993,8.205558776855469
18600601818,apartment,8,7.7038,8.15949821472168
18600607263,apartment,8,7.605,8.140533447265625
18600608863,apartment,8,7.5022,8.048526763916016
18600611740,apartment,8,7.4301,8.111631393432617
18600616076,apartment,8,7.7738,8.251357078552246
18600617331,apartment,8,7.7854,8.287015914916992
18600623781,apartment,8,8.3428,8.281593322753906
18600624346,apartment,8,8.4355,8.26866340637207
18600626594,apartment,8,7.9105,8.370574951171875
18600630184,apartment,8,7.9728,8.282859802246094
18600631997,apartment,8,7.7174,8.265100479125977
18600904829,apartment,8,8.4966,8.450220108032227
18606700265,apartment,8,7.6211,8.098061561584473
18606800561,apartment,8,7.673,7.869925498962402
18606801835,apartment,8,7.5386,7.822248935699463
18607200746,apartment,8,7.398,8.01639175415039
18607202315,apartment,8,8.1841,7.972201347351074
18607400321,apartment,8,8.1517,7.965936660766602
18608101911,apartment,8,8.0588,8.078876495361328
18608202661,apartment,8,8.1094,8.083353996276855
18608202785,apartment,8,8.0294,8.090670585632324
18700100705,apartment,7,7.7104,8.407028198242188
18724402795,apartment,7,7.8442,8.364097595214844
18724403910,apartment,7,7.8421,8.38292121887207
18724404380,apartment,7,7.7164,8.395774841308594
18724406073,apartment,7,8.2346,8.40121078491211
18724406642,apartment,7,8.5325,8.39917278289795
18800303179,apartment,7,7.8753,8.423255920410156
18800303470,apartment,7,8.0238,8.429044723510742
18800303934,apartment,7,7.8753,8.425397872924805
18803703933,apartment,7,7.889,8.376504898071289
18803704522,apartment,7,7.4993,8.384506225585938
18803704824,apartment,7,7.8685,8.390039443969727
18803704980,apartment,7,8.0064,8.390981674194336
18803706223,apartment,7,7.8421,8.426794052124023
18803706649,apartment,7,7.9111,8.409795761108398
18803706835,apartment,7,7.9519,8.406244277954102
18803707351,apartment,7,7.9235,8.40643310546875
18901900881,apartment,7,8.1807,8.294828414916992
19005501749,apartment,7,8.2721,8.315752029418945
19005503245,apartment,7,8.1951,8.298462867736816
19005505426,apartment,7,8.4727,8.303047180175781
19005507399,apartment,7,8.1543,8.275972366333008
19005509472,apartment,7,8.1543,8.346735000610352
19108900395,apartment,4,8.1807,7.916587829589844
19108900468,apartment,4,8.1807,7.922305107116699
19108900654,apartment,4,8.1188,7.926333427429199
19108901308,apartment,4,8.294,7.925356864929199
19201418271,apartment,5,8.3423,8.026827812194824
19201704541,apartment,5,7.4556,8.061861991882324
19219902280,apartment,5,7.8198,8.169173240661621
19300202331,apartment,5,8.3696,8.166709899902344
19313403934,apartment,5,7.3577,8.024903297424316
19313404541,apartment,5,7.3095,8.012731552124023
19404402851,apartment,5,7.381,7.991968154907227
19600400899,apartment,9,8.283,8.357659339904785
19600401364,apartment,9,8.2511,8.355794906616211
19600602017,apartment,9,8.4684,8.415234565734863
19600603455,apartment,9,8.9474,8.483757019042969
19600605431,apartment,9,8.3543,8.614123344421387
19600606349,apartment,9,8.5884,8.463571548461914
19600606535,apartment,9,8.3899,8.446379661560059
19600606861,apartment,9,8.6168,8.387542724609375
19600607280,apartment,9,8.2453,8.400350570678711
19601704425,apartment,9,8.8537,8.41193962097168
19601704654,apartment,9,8.6855,8.411276817321777
19601810292,apartment,9,8.0472,8.27504825592041
19601810780,apartment,9,8.4302,8.273702621459961
19601811558,apartment,9,8.2569,8.275118827819824
19601812716,apartment,9,7.9782,8.273685455322266
19601812945,apartment,9,8.2836,8.272407531738281
19601813143,apartment,9,8.2013,8.275693893432617
19601822843,apartment,9,8.3717,8.277957916259766
19601823051,apartment,9,8.2013,8.278219223022461
19601828655,apartment,9,8.3851,8.348601341247559
19601829139,apartment,9,8.5172,8.361109733581543
19601829856,apartment,9,8.5477,8.355478286743164
19601830773,apartment,9,8.3245,8.357755661010742
19603701180,apartment,9,8.446,8.405136108398438
19603701415,apartment,9,8.5014,8.407096862792969
19603702535,apartment,9,8.5007,8.386651992797852
19603702675,apartment,9,8.3741,8.404773712158203
19603702764,apartment,9,7.8658,8.4075927734375
19603703019,apartment,9,8.4668,8.389378547668457
19603705011,apartment,9,8.3547,8.398048400878906
19603706328,apartment,9,8.1996,8.41305160522461
19603708495,apartment,9,8.5507,8.342916488647461
19603710244,apartment,9,8.4219,8.342146873474121
19603713979,apartment,9,8.5038,8.344911575317383
19603714721,apartment,9,8.4684,8.392845153808594
19700103810,apartment,7,8.4055,8.641745567321777
19700103837,apartment,7,8.6817,8.640296936035156
19700104329,apartment,7,8.6412,8.628854751586914
19700602795,apartment,7,8.5359,8.744667053222656
19700602833,apartment,7,8.3972,8.734760284423828
19700603279,apartment,7,8.872,8.733478546142578
19700604070,apartment,7,8.6412,8.753803253173828
19700604471,apartment,7,8.3994,8.449185371398926
19700605964,apartment,7,8.7058,8.760334968566895
19700608491,apartment,7,8.6412,8.745849609375
19700609366,apartment,7,8.7359,8.632850646972656
19700610501,apartment,7,8.8457,8.617757797241211
19700611451,apartment,7,8.8886,8.669031143188477
19700611980,apartment,7,8.7901,8.668197631835938
19700613940,apartment,7,8.6981,8.666437149047852
19700615889,apartment,7,8.948,8.702554702758789
19700617679,apartment,7,8.5564,8.801103591918945
19700617857,apartment,7,8.0609,8.813837051391602
19700617962,apartment,7,8.5092,8.801103591918945
19700620289,apartment,7,8.2648,8.800286293029785
19700621455,apartment,7,8.6764,8.805828094482422
19700621791,apartment,7,8.4566,8.799240112304688
19700623725,apartment,7,8.5572,8.83266830444336
19700624489,apartment,7,8.3965,8.815485000610352
19700625639,apartment,7,8.4409,8.817691802978516
19700625795,apartment,7,8.5564,8.815057754516602
19700626163,apartment,7,8.1796,8.818669319152832
19700627917,apartment,7,7.9828,8.72700309753418
19700629898,apartment,7,8.6792,8.732049942016602
19700630179,apartment,7,7.6211,8.71706771850586
19700631051,apartment,7,8.2313,8.71789264678955
19701201281,apartment,0,8.8814,8.466024398803711
19701202766,apartment,0,8.7777,8.504590034484863
19701600648,apartment,0,8.6392,8.629344940185547
19701601423,apartment,0,8.8897,8.589805603027344
19701601822,apartment,0,8.8524,8.587532043457031
19701601989,apartment,0,8.8137,8.589423179626465
19701603426,apartment,0,8.7596,8.588652610778809
19701603892,apartment,0,8.9138,8.587594985961914
19701800061,apartment,0,8.2667,8.612893104553223
19701800108,apartment,0,8.2432,8.612893104553223
19701800711,apartment,0,8.9365,8.614840507507324
19701901931,apartment,0,8.5503,8.894576072692871
19701902067,apartment,0,8.5946,8.900997161865234
19701902814,apartment,0,8.7719,8.964261054992676
19701916610,apartment,0,8.5099,8.816690444946289
19701917277,apartment,0,8.7957,8.816877365112305
19701918907,apartment,0,8.7333,8.87406063079834
19701922769,apartment,0,7.9926,8.729731559753418
19702300648,apartment,0,8.6258,8.866384506225586
19702400227,apartment,0,8.7841,9.002921104431152
19703901939,apartment,0,8.5087,8.619266510009766
19703911322,apartment,0,8.7954,8.979485511779785
19703911497,apartment,0,8.4606,8.939949035644531
19703911519,apartment,0,8.6935,8.979485511779785
19703911829,apartment,0,8.8689,8.930233001708984
19703912167,apartment,0,8.7517,8.970897674560547
19703912175,apartment,0,8.5673,8.933274269104004
19704400569,apartment,0,8.6808,8.677586555480957
19704401433,apartment,0,8.5172,8.596899032592773
19704403061,apartment,0,8.4463,8.688713073730469
19704403762,apartment,0,8.2308,8.686174392700195
19704403762,apartment,0,8.6618,8.674379348754883
19704408624,apartment,0,8.3074,8.596522331237793
19704408896,apartment,0,8.5911,8.644426345825195
19704408942,apartment,0,8.3073,8.596522331237793
19704409043,apartment,0,8.6626,8.651296615600586
19704410440,apartment,0,8.9758,8.597460746765137
19704414421,apartment,0,8.5179,8.681822776794434
19704415582,apartment,0,8.2227,8.67635440826416
19704415991,apartment,0,8.7248,8.68395709991455
19704416007,apartment,0,8.055,8.683622360229492
19704416686,apartment,0,8.5172,8.62945556640625
19704703261,apartment,0,7.9094,8.932873725891113
19704703286,apartment,0,8.7883,8.911137580871582
19706000371,apartment,7,9.2944,8.909460067749023
19706200362,apartment,7,8.5066,8.759199142456055
19706200508,apartment,7,9.1472,8.752409934997559
19706200818,apartment,7,8.7059,8.757187843322754
19706201644,apartment,7,8.7435,8.752409934997559
19706202446,apartment,7,8.6828,8.779290199279785
19706202624,apartment,7,8.9667,8.772974014282227
19706300391,apartment,0,9.2894,8.97644329071045
19706300871,apartment,0,9.2486,8.967143058776855
19706301126,apartment,0,9.4549,8.940210342407227
19706301290,apartment,0,9.2814,8.96827220916748
19706301533,apartment,0,8.7697,8.935351371765137
19706303285,apartment,0,8.8796,8.89867115020752
19706304672,apartment,0,8.5862,8.866880416870117
19706304729,apartment,0,8.5798,8.937203407287598
19706304907,apartment,0,9.2608,8.913808822631836
19706305032,apartment,0,9.0049,8.89311408996582
19706305121,apartment,0,9.199,8.94179630279541
19706305849,apartment,0,8.7257,8.921286582946777
19706401491,apartment,7,8.2132,8.998072624206543
19706401554,apartment,7,8.8101,8.999979972839355
19706402534,apartment,7,8.7162,8.982476234436035
19812200400,apartment,4,7.9696,7.830541610717773
19812200842,apartment,4,8.0302,7.827413558959961
19901600838,apartment,7,8.4684,8.458978652954102
19905405320,apartment,7,8.1582,8.291723251342773
19905405835,apartment,7,7.9782,8.302687644958496
19905408818,apartment,7,8.0064,8.31787395477295
19911701513,apartment,7,8.2475,8.308350563049316
19911701882,apartment,7,8.2711,8.310598373413086
19911702617,apartment,7,8.1987,8.308528900146484
20004305580,apartment,6,8.9086,9.043190002441406
20004401611,apartment,6,9.1413,9.032830238342285
20004402586,apartment,6,9.105,9.032830238342285
20005000864,apartment,6,8.409,9.090215682983398
20005001720,apartment,6,9.1458,9.137968063354492
20101001094,apartment,8,7.8398,7.960161209106445
20101100361,apartment,8,7.8982,7.935798645019531
20101400258,apartment,8,7.9202,7.832381248474121
20101400290,apartment,8,7.5332,7.839151859283447
20101501331,apartment,8,7.9733,7.940762519836426
20101701169,apartment,8,7.769,7.839776992797852
20103300552,apartment,8,7.8711,8.074005126953125
20105000858,apartment,8,8.0156,8.068517684936523
20105100607,apartment,8,7.5638,7.95375919342041
20109601503,apartment,8,8.3143,8.09530258178711
20111200294,apartment,8,7.3734,7.971041679382324
20111201932,apartment,8,7.3336,7.978461265563965
20111400358,apartment,8,8.1796,8.153386116027832
20111400706,apartment,8,8.4616,8.131732940673828
20204704081,apartment,7,8.2623,8.202298164367676
20204704381,apartment,7,7.9725,8.158092498779297
20204704500,apartment,7,8.3165,8.223823547363281
20800202048,apartment,7,8.4254,8.322481155395508
20800203362,apartment,7,8.3539,8.297380447387695
20800205446,apartment,7,8.4815,8.307833671569824
20901206707,apartment,7,8.3301,8.49785327911377
21002601876,apartment,7,7.6454,8.194482803344727
21002604557,apartment,7,7.4533,8.232799530029297
21002605502,apartment,7,8.414,8.232028007507324
21100205525,apartment,7,7.3614,8.236261367797852
21401400424,apartment,7,8.5253,8.492047309875488
21401402354,apartment,7,8.537,8.495282173156738
21402003186,apartment,7,7.61,8.25719928741455
21402004212,apartment,7,7.838,8.30017375946045
21402004298,apartment,7,7.9434,8.301197052001953
21402008900,apartment,7,8.2479,8.305166244506836
21402009370,apartment,7,7.9749,8.299981117248535
21402300326,apartment,7,7.9979,8.275995254516602
21402301391,apartment,7,8.2171,8.405540466308594
21402301993,apartment,7,8.0427,8.406268119812012
21402302507,apartment,7,8.2171,8.408807754516602
21402400258,apartment,7,7.9953,8.335262298583984
21402401106,apartment,7,8.1007,8.33133316040039
21402401297,apartment,7,7.744,8.333946228027344
21402401378,apartment,7,7.9953,8.335018157958984
21402402757,apartment,7,8.2013,8.352231979370117
21402407181,apartment,7,8.4181,8.351495742797852
21402407880,apartment,7,8.397,8.332269668579102
21402411705,apartment,7,8.1117,8.406612396240234
21403000776,apartment,7,7.5589,8.26350212097168
21403300303,apartment,7,7.8649,8.341721534729004
21500304709,apartment,7,7.893,8.161117553710938
21601000403,apartment,7,8.3187,8.18886661529541
22601400569,apartment,4,8.214,7.827524185180664
22702300829,apartment,4,8.2435,7.88322639465332
22702302309,apartment,4,8.2331,7.885258197784424
22702302317,apartment,4,8.1501,7.891778469085693
22710201011,apartment,4,7.3341,7.915739059448242
23001401549,apartment,5,7.9738,8.017220497131348
23001404599,apartment,5,7.824,8.043438911437988
23006501312,apartment,5,7.4186,7.986883640289307
23006501649,apartment,5,8.1807,7.93427848815918
23006502319,apartment,5,7.6071,7.946911811828613
23006701354,apartment,5,8.1724,8.02778434753418
23007604621,apartment,5,7.8817,7.9640936851501465
23007702524,apartment,5,7.6837,8.028369903564453
23008001333,apartment,5,8.1285,7.960407257080078
23008603813,apartment,5,7.5652,8.026851654052734
23008605530,apartment,5,7.8063,8.014612197875977
23008900222,apartment,5,8.3453,8.005695343017578
23009002856,apartment,5,7.8418,7.9969353675842285
23009100726,apartment,5,8.1294,7.996484279632568
23009402463,apartment,5,8.1898,8.041433334350586
23009504150,apartment,5,8.2118,8.047674179077148
23009700601,apartment,5,8.3517,7.987262725830078
23009702378,apartment,5,8.1532,7.979554176330566
23009702920,apartment,5,8.0506,7.98830509185791
23009802704,apartment,5,7.966,7.975743293762207
23010002635,apartment,5,7.9492,7.940378189086914
23010200720,apartment,5,8.1807,7.9776530265808105
23010500198,apartment,5,7.4842,7.939064979553223
23010500910,apartment,5,8.012,7.944558143615723
23010503911,apartment,5,8.1117,7.947691440582275
23010505432,apartment,5,8.3453,7.958947658538818
23011201666,apartment,5,7.6687,8.101762771606445
23011800489,apartment,5,8.2295,8.002067565917969
23012901343,apartment,5,7.737,8.039578437805176
23013001281,apartment,5,8.2836,8.005918502807617
23013312457,apartment,5,7.9111,8.091564178466797
23013314840,apartment,5,7.6879,8.08953857421875
23013315952,apartment,5,7.768,8.095937728881836
23015600395,apartment,5,7.6752,8.070236206054688
23204109419,apartment,5,7.9111,8.127117156982422
23205501150,apartment,5,7.8565,7.875257968902588
23300901251,apartment,5,7.7634,8.149547576904297
23300901357,apartment,5,8.1132,8.143470764160156
23300901616,apartment,5,8.2017,8.147176742553711
23300902566,apartment,5,8.0737,8.158098220825195
23304500292,apartment,5,7.8152,8.032285690307617
23304501760,apartment,5,7.9698,8.052156448364258
23400801788,apartment,5,7.8545,7.997740745544434
23400804159,apartment,5,7.7407,7.945004463195801
23400804442,apartment,5,7.6337,7.940893173217773
23400804469,apartment,5,7.5492,7.955521583557129
23400807093,apartment,5,7.6277,7.941898822784424
23400809150,apartment,5,7.6352,7.954514026641846
23403602867,apartment,5,8.3349,8.179262161254883
23403604843,apartment,5,7.5617,7.893228530883789
23403800065,apartment,5,8.3498,8.245819091796875
23403802009,apartment,5,7.6867,7.9485697746276855
23404902139,apartment,5,7.7933,8.177288055419922
23404902236,apartment,5,8.1215,8.167628288269043
23404905979,apartment,5,7.8931,8.166802406311035
23506900771,apartment,5,7.8835,7.961151123046875
23507604238,apartment,5,7.6482,8.061702728271484
23603401725,apartment,5,7.359,7.972898483276367
23708600493,apartment,5,7.5869,7.958696365356445
23708600541,apartment,5,7.398,7.958473205566406
23712002279,apartment,5,7.6847,8.009215354919434
23713500965,apartment,5,7.8257,7.979924201965332
23903004251,apartment,5,7.8451,8.179309844970703
23903006066,apartment,5,8.066,8.190326690673828
23903006570,apartment,5,7.8842,8.174741744995117
23903007194,apartment,5,7.8173,8.188713073730469
23903009219,apartment,5,7.9218,8.059444427490234
23903009642,apartment,5,7.5792,8.060728073120117
23903010306,apartment,5,7.7607,8.049552917480469
23903012600,apartment,5,7.7268,8.064987182617188
23903013194,apartment,5,7.7551,7.9811248779296875
23903013781,apartment,5,7.5969,7.914884567260742
23903015804,apartment,5,7.7152,7.957553863525391
24100601008,apartment,5,8.4407,8.070369720458984
24100602365,apartment,5,8.3028,8.0720796585083
24100602578,apartment,5,8.0577,8.067413330078125
24100800604,apartment,5,7.4621,7.8241868019104
24100805371,apartment,5,8.4449,7.984427452087402
24100805800,apartment,5,7.9519,7.974526882171631
24101204584,apartment,5,7.7831,7.955942630767822
24302201604,apartment,5,7.744,8.082954406738281
24400800601,apartment,5,7.4002,7.954464912414551
24400901104,apartment,5,7.8881,7.956479072570801
24402302534,apartment,5,8.0137,8.203935623168945
24504100051,apartment,5,7.7678,7.936871528625488
24504101090,apartment,5,7.7934,7.926122188568115
24504701721,apartment,5,7.5909,7.932331562042236
24504702167,apartment,5,7.3433,7.937461853027344
24504901641,apartment,5,7.7421,7.9349045753479
24505002266,apartment,5,7.3627,7.933091163635254
24505101442,apartment,5,7.6664,7.94551420211792
24505300291,apartment,5,7.7678,7.9340410232543945
24505500861,apartment,5,7.8757,7.934103012084961
24505701539,apartment,5,7.6699,7.92548942565918
24512000060,apartment,5,7.8995,7.934445381164551
24512301397,apartment,5,7.6204,7.940845966339111
24512302709,apartment,5,7.3751,7.895432472229004
24512700356,apartment,5,7.4811,7.954200744628906
24600801529,apartment,5,7.6076,7.860462188720703
24601002281,apartment,5,7.4377,7.963387489318848
24601003510,apartment,5,7.6081,7.968587875366211
24601005416,apartment,5,7.8158,7.917978286743164
24601101695,apartment,5,7.5363,7.918652057647705
24601102187,apartment,5,7.4916,7.918622016906738
24601102934,apartment,5,7.8034,7.953152179718018
24601104252,apartment,5,7.8034,7.9523797035217285
24601200693,apartment,5,7.8034,7.958101272583008
24601204427,apartment,5,7.9294,8.043488502502441
24603303937,apartment,5,7.6699,7.969332695007324
24603400010,apartment,5,7.6136,7.946369171142578
24603604430,apartment,5,7.4104,7.939996719360352
24604000113,apartment,5,7.6438,7.939532279968262
24604800926,apartment,5,7.5999,7.919260025024414
24604802864,apartment,5,7.6699,7.955092430114746
24605603751,apartment,5,7.5375,7.87886905670166
24605800393,apartment,5,7.7347,7.8811540603637695
24606600118,apartment,5,7.9839,7.959793567657471
24609902301,apartment,5,7.9251,7.923566818237305
24825912247,apartment,5,7.6444,7.958189010620117
24825916048,apartment,5,7.5062,7.983483791351318
24825916773,apartment,5,7.3663,7.981993198394775
24825916838,apartment,5,7.6535,7.984369277954102
25302100779,apartment,5,8.1315,8.085862159729004
29900202188,apartment,6,9.4529,9.006059646606445
29900401830,apartment,6,9.0204,8.96682071685791
29900402160,apartment,6,9.5114,8.801675796508789
29900403558,apartment,6,9.3782,8.918941497802734
29900405194,apartment,6,9.6894,8.850343704223633
29901002972,apartment,6,8.8668,8.801460266113281
29901201118,apartment,6,8.7954,8.636923789978027
29901404329,apartment,6,9.377,9.09916877746582
29902001902,apartment,6,9.5821,9.018265724182129
29902808164,apartment,6,9.3724,8.929073333740234
29902809055,apartment,6,9.0315,8.900679588317871
29903506900,apartment,6,8.7421,8.571573257446289
29903507842,apartment,6,8.7403,8.57420539855957
29903525204,apartment,6,9.6485,9.028226852416992
29903525611,apartment,6,9.6944,8.996977806091309
29903526162,apartment,6,9.5632,9.024770736694336
29903526405,apartment,6,9.6485,9.049765586853027
29903906682,apartment,6,8.7782,8.584639549255371
29903919172,apartment,6,9.5402,8.844659805297852
29904103540,apartment,6,8.6832,8.509262084960938
29904103788,apartment,6,9.0715,8.514764785766602
29904503174,apartment,6,9.0775,9.021219253540039
29904602857,apartment,6,8.7957,8.747940063476562
29904604337,apartment,6,8.9644,8.620820045471191
29904605643,apartment,6,8.7981,8.743987083435059
29904702428,apartment,6,9.0532,8.717514038085938
29904703149,apartment,6,9.2719,9.057876586914062
29904704455,apartment,6,8.7185,9.05186653137207
29904704511,apartment,6,9.2305,8.918074607849121
29904706547,apartment,6,9.2647,8.883079528808594
29904707020,apartment,6,9.4323,8.887454986572266
29904707195,apartment,6,9.4933,8.941322326660156
29905401510,apartment,6,9.3305,8.737508773803711
29905402827,apartment,6,8.9045,8.593293190002441
29905408779,apartment,6,9.1923,8.80417251586914
29905502899,apartment,6,9.045,8.744443893432617
29905503240,apartment,6,9.6355,9.140697479248047
29905503445,apartment,6,9.4605,9.161800384521484
29906003446,apartment,6,8.9689,8.521297454833984
29906007948,apartment,6,9.0536,8.823882102966309
29906008529,apartment,6,8.9901,8.761367797851562
29906303725,apartment,6,9.0587,8.814071655273438
29906304152,apartment,6,9.0368,8.800313949584961
29906602544,apartment,6,8.9136,8.541511535644531
29906603419,apartment,6,8.0303,8.550005912780762
29906605470,apartment,6,8.8834,8.618005752563477
29906701011,apartment,6,8.8319,8.629070281982422
29906705211,apartment,6,9.1482,8.493638038635254
29907406153,apartment,6,8.9772,8.860319137573242
29907406498,apartment,6,9.235,8.846820831298828
29907406528,apartment,6,9.0522,8.849315643310547
29907406791,apartment,6,8.9635,8.846683502197266
29907407702,apartment,6,8.9622,8.845344543457031
29907505631,apartment,6,8.6664,8.733549118041992
29907704421,apartment,6,8.5172,8.545839309692383
29907705193,apartment,6,9.2347,8.612314224243164
29907706874,apartment,6,9.0392,8.959115982055664
29907718554,apartment,6,9.5847,9.028255462646484
29907719313,apartment,6,9.5971,9.041130065917969
29907719518,apartment,6,8.921,9.02344036102295
29908201490,apartment,6,8.9051,8.680721282958984
29908205917,apartment,6,8.8366,8.509437561035156
29908206115,apartment,6,8.7216,8.454584121704102
29908206808,apartment,6,9.3263,8.47745418548584
29908206808,apartment,6,8.7305,8.508251190185547
29908206824,apartment,6,8.8371,8.503045082092285
29908208223,apartment,6,8.975,8.63778305053711
29908208479,apartment,6,8.8674,8.649360656738281
29908302092,apartment,6,8.8663,8.940826416015625
29908302191,apartment,6,8.9023,8.940826416015625
29908302289,apartment,6,8.9474,8.934877395629883
29908302351,apartment,6,9.3501,8.940826416015625
29908302491,apartment,6,9.5288,8.924615859985352
29908302599,apartment,6,9.025,8.932706832885742
29908302645,apartment,6,9.0768,8.932706832885742
29908302769,apartment,6,9.0246,8.922579765319824
29908303285,apartment,6,8.991,8.937682151794434
29908303544,apartment,6,9.0768,8.935840606689453
29908303544,apartment,6,8.8576,8.935840606689453
29908303595,apartment,6,8.8987,8.937682151794434
29908303714,apartment,6,8.7198,8.934877395629883
29908303730,apartment,6,8.8738,8.940826416015625
29908303773,apartment,6,8.8506,8.937682151794434
29908303791,apartment,6,9.0169,8.937682151794434
29908304036,apartment,6,8.9932,8.934877395629883
29908304044,apartment,6,9.0024,8.940826416015625
29908304176,apartment,6,9.2525,8.924615859985352
29908304184,apartment,6,8.8218,8.940826416015625
29908304222,apartment,6,9.0443,8.934877395629883
29908304321,apartment,6,9.1188,8.93911361694336
29908304461,apartment,6,8.9484,8.934877395629883
29908304702,apartment,6,9.1313,8.935840606689453
29908305083,apartment,6,9.1297,8.929899215698242
29908305199,apartment,6,9.3206,8.822409629821777
29908305253,apartment,6,8.9204,8.937682151794434
29908305261,apartment,6,8.9204,8.937682151794434
29908305326,apartment,6,9.311,8.932706832885742
29908305393,apartment,6,8.7812,8.934877395629883
29908305598,apartment,6,9.1226,8.934877395629883
29908305970,apartment,6,9.0764,8.980836868286133
29908306071,apartment,6,9.0959,8.98681354522705
29908306081,apartment,6,9.1618,8.979598999023438
29908306098,apartment,6,9.2234,8.820592880249023
29908306101,apartment,6,9.2235,8.8067626953125
29908306179,apartment,6,9.119,8.980836868286133
29908306462,apartment,6,9.263,8.980836868286133
29908306462,apartment,6,9.0576,8.980836868286133
29908306713,apartment,6,9.1732,8.979011535644531
29908306731,apartment,6,9.1841,8.980836868286133
29908306810,apartment,6,9.1262,8.979798316955566
29908306950,apartment,6,9.1016,8.980836868286133
29908307051,apartment,6,9.1094,8.979598999023438
29908307124,apartment,6,9.2315,8.989423751831055
29908307140,apartment,6,9.2147,8.808563232421875
29908307159,apartment,6,9.3184,8.8067626953125
29908307469,apartment,6,9.1933,8.978893280029297
29908307541,apartment,6,9.1472,8.989263534545898
29908307841,apartment,6,9.1388,8.980836868286133
29908307851,apartment,6,9.1587,8.980836868286133
29908307922,apartment,6,9.1545,8.978893280029297
29908307991,apartment,6,9.2557,8.977639198303223
29908308023,apartment,6,9.3001,8.980836868286133
29908308031,apartment,6,9.2249,8.977639198303223
29908308139,apartment,6,9.186,8.979598999023438
29908308155,apartment,6,9.2184,8.98681354522705
29908308181,apartment,6,9.257,8.979598999023438
29908308198,apartment,6,9.359,8.819243431091309
29908308341,apartment,6,9.3473,8.8067626953125
29908308449,apartment,6,9.2045,8.979598999023438
29908308457,apartment,6,9.2852,8.979598999023438
29908705936,apartment,6,8.7033,9.003692626953125
29908707351,apartment,6,8.8429,9.028332710266113
29908707701,apartment,6,8.7976,9.055933952331543
29908708676,apartment,6,8.8655,9.053813934326172
29909206941,apartment,6,8.5731,8.67050838470459
29909302339,apartment,6,8.4403,8.67045783996582
29909302347,apartment,6,8.4434,8.67045783996582
29909302411,apartment,6,8.4403,8.67045783996582
29909302479,apartment,6,8.4434,8.67045783996582
29909302551,apartment,6,8.4434,8.67045783996582
29909302576,apartment,6,8.4403,8.67045783996582
29909407262,apartment,6,9.0741,8.727863311767578
29909501188,apartment,6,8.534,8.471414566040039
29909601352,apartment,6,9.0768,8.666629791259766
29909601816,apartment,6,8.9002,8.661041259765625
29909801841,apartment,6,8.8319,8.482566833496094
29909801882,apartment,6,8.5889,8.474727630615234
29909801920,apartment,6,8.564,8.621659278869629
29909802943,apartment,6,8.5336,8.459413528442383
29909901331,apartment,6,8.9433,8.51826286315918
29910104324,apartment,6,9.0961,8.51672649383545
29910105428,apartment,6,8.8807,8.56024169921875
29910106211,apartment,6,9.2967,8.832356452941895
29910201346,apartment,6,8.4874,8.617799758911133
29910201885,apartment,6,8.5564,8.688061714172363
29910301987,apartment,6,9.4027,8.945832252502441
29910302010,apartment,6,9.4442,8.969783782958984
29910402503,apartment,6,7.9158,9.052253723144531
29910402961,apartment,6,9.4817,9.052042961120605
29910600186,apartment,6,8.5514,8.54715347290039
29911001634,apartment,6,9.1179,8.669068336486816
29911002150,apartment,6,8.7536,8.657804489135742
29911101329,apartment,6,8.8391,8.502077102661133
29911101991,apartment,6,8.6748,8.494819641113281
29911102562,apartment,6,8.509,8.542908668518066
29911103054,apartment,6,9.0489,8.514921188354492
29911201471,apartment,6,8.5653,8.485576629638672
29911403538,apartment,6,9.3746,8.6452054977417
29911403554,apartment,6,8.8856,8.661161422729492
29911406405,apartment,6,8.6894,8.443536758422852
29911501203,apartment,6,8.6045,8.609197616577148
29911602158,apartment,6,8.4112,8.535144805908203
29911602239,apartment,6,8.2861,8.515645980834961
29911604797,apartment,6,8.8457,8.984058380126953
29911708231,apartment,6,9.515,8.924388885498047
29911708398,apartment,6,9.5056,8.940086364746094
29912200606,apartment,6,9.4294,9.171187400817871
29914701041,apartment,6,8.9976,8.694032669067383
30000502348,apartment,6,8.7004,8.626140594482422
30001501019,apartment,6,8.9284,8.814655303955078
30001501124,apartment,6,8.5285,8.82319164276123
30001501132,apartment,6,8.5885,8.819873809814453
30001501183,apartment,6,8.9227,8.983248710632324
30001501221,apartment,6,8.5232,8.95551872253418
30001501744,apartment,6,8.5477,8.82319164276123
30004203450,apartment,6,8.157,8.864336013793945
30004303382,apartment,6,8.1056,8.095380783081055
30004401333,apartment,6,8.311,8.303690910339355
30004501087,apartment,6,7.54,8.06930160522461
30004601731,apartment,6,8.4802,8.118063926696777
30004602630,apartment,6,7.8707,8.270429611206055
30004602983,apartment,6,8.4165,8.7914400100708
30004800701,apartment,6,7.9199,8.452475547790527
30005301464,apartment,6,8.4031,8.06208610534668
30005303467,apartment,6,7.4316,7.749773025512695
30005402228,apartment,6,8.192,8.321540832519531
30005403054,apartment,6,7.882,7.971679210662842
30005800851,apartment,6,7.878,7.98310661315918
30005903456,apartment,6,8.3288,8.267805099487305
30006200386,apartment,6,8.478,8.328666687011719
30006300968,apartment,6,8.0995,8.22668170928955
30006301141,apartment,6,8.0713,8.200273513793945
30006302154,apartment,6,8.5222,8.262260437011719
30006600430,apartment,6,8.1647,7.884514331817627
30006601623,apartment,6,7.7334,7.747885704040527
30006701733,apartment,6,7.9963,8.060457229614258
30006701822,apartment,6,8.2983,8.061972618103027
30006702731,apartment,6,8.2443,8.039839744567871
30007301135,apartment,6,8.178,7.9884490966796875
30007301623,apartment,6,8.4219,8.093456268310547
30008000317,apartment,6,7.3682,7.89501953125
30008003022,apartment,6,7.9835,7.999404430389404
30008900342,apartment,6,8.3379,8.235136032104492
30008900423,apartment,6,8.8558,8.240396499633789
30010900291,apartment,6,8.7704,8.835793495178223
30010900729,apartment,6,9.0791,8.85382080078125
30011400495,apartment,6,8.3562,8.614805221557617
30011400886,apartment,6,7.9285,8.619287490844727
30011401912,apartment,6,8.0589,8.616228103637695
30103001351,apartment,8,7.9273,8.068140029907227
30103001589,apartment,8,7.6612,8.07717514038086
30103500321,apartment,8,8.7477,8.259662628173828
30104100866,apartment,8,8.6459,8.415231704711914
30104200526,apartment,8,8.6615,8.195696830749512
30104600761,apartment,8,7.8783,7.801702976226807
30104601342,apartment,8,7.9406,8.024659156799316
30104701096,apartment,8,8.157,8.13245964050293
30105100339,apartment,8,7.9094,8.040976524353027
30105100517,apartment,8,7.7782,8.030326843261719
30105100533,apartment,8,8.0014,8.023472785949707
30105102463,apartment,8,8.186,8.117621421813965
30105201275,apartment,8,8.1586,8.193408966064453
30105300893,apartment,8,7.7513,7.945556640625
30105403617,apartment,8,8.0652,8.203523635864258
30105406489,apartment,8,7.9261,8.157685279846191
30105406683,apartment,8,8.024,8.131974220275879
30105407671,apartment,8,7.9987,8.128576278686523
30105409501,apartment,8,8.1418,8.114933013916016
30105409690,apartment,8,8.024,8.116179466247559
30105410567,apartment,8,7.9399,8.133567810058594
30105411792,apartment,8,8.1193,8.114933013916016
30105414090,apartment,8,7.943,8.145223617553711
30105421852,apartment,8,8.9806,8.437816619873047
30105423723,apartment,8,8.9559,8.502360343933105
30105425483,apartment,8,8.6226,8.521332740783691
30105426560,apartment,8,8.8845,8.550946235656738
30105428296,apartment,8,8.3613,8.556427955627441
30105429659,apartment,8,8.4677,8.521079063415527
30105429691,apartment,8,8.462,8.522026062011719
30105429942,apartment,8,8.4186,8.502700805664062
30105430630,apartment,8,7.9594,8.470707893371582
30105431947,apartment,8,8.2822,8.285104751586914
30105432341,apartment,8,8.7611,8.280742645263672
30105433486,apartment,8,8.5087,8.3571138381958
30105434008,apartment,8,8.7022,8.359291076660156
30105434911,apartment,8,8.5648,8.513847351074219
30105435799,apartment,8,8.4665,8.339567184448242
30105436019,apartment,8,8.7156,8.51064682006836
30105436043,apartment,8,8.7549,8.498467445373535
30105436132,apartment,8,8.717,8.303926467895508
30105800871,apartment,8,8.2142,8.316413879394531
30106603652,apartment,8,8.612,8.316878318786621
30106900711,apartment,8,8.4442,8.133625030517578
30107200519,apartment,8,8.9311,8.542226791381836
30107200780,apartment,8,8.7282,8.57982063293457
30107201728,apartment,8,8.798,8.585796356201172
30107301587,apartment,8,8.2652,8.343038558959961
30107301617,apartment,8,8.4017,8.345182418823242
30107302761,apartment,8,8.69,8.451047897338867
30107303148,apartment,8,9.1194,8.483238220214844
30107303296,apartment,8,9.0109,8.426459312438965
30200501752,apartment,1,8.4268,8.627671241760254
30200502406,apartment,1,8.6226,8.626970291137695
30201503341,apartment,9,8.6071,8.522035598754883
30202800773,apartment,1,7.9663,8.530075073242188
30202800943,apartment,1,8.3712,8.531015396118164
30300401644,apartment,3,8.4104,8.321237564086914
30300402071,apartment,3,8.6102,8.523660659790039
30300402098,apartment,3,8.7139,8.472747802734375
30300705775,apartment,3,7.7848,8.214521408081055
30300705971,apartment,3,7.7589,8.032013893127441
30300706402,apartment,3,8.2608,8.330364227294922
30300707158,apartment,3,8.3133,8.255436897277832
30300708952,apartment,3,8.3349,8.364060401916504
30300709924,apartment,3,8.2542,8.327554702758789
30300711082,apartment,3,8.169,8.300089836120605
30300711104,apartment,3,8.2888,8.31194019317627
30300716068,apartment,3,8.3929,8.348780632019043
30300716688,apartment,3,8.0171,8.342782974243164
30300716904,apartment,3,8.0748,8.343021392822266
30300716981,apartment,3,8.2209,8.341287612915039
30300719105,apartment,3,8.0924,8.326512336730957
30300720278,apartment,3,8.2771,8.342656135559082
30300723749,apartment,3,8.2856,8.34649658203125
30300902155,apartment,3,7.8577,8.370101928710938
30301401338,apartment,3,8.548,8.282854080200195
30303402129,apartment,3,8.0288,8.215581893920898
30306600691,apartment,3,7.6732,8.149154663085938
30306601270,apartment,3,8.0064,8.165199279785156
30400303849,apartment,4,8.3936,8.122587203979492
30400403452,apartment,4,8.524,8.111995697021484
30401604788,apartment,4,7.7809,8.114931106567383
30401800821,apartment,4,8.4851,7.952050685882568
30405301194,apartment,4,8.7677,8.240345001220703
30405801901,apartment,4,7.4021,8.096990585327148
30405803297,apartment,4,8.0989,8.246970176696777
30405900357,apartment,4,8.1521,7.951305389404297
30406402581,apartment,4,8.3442,8.159656524658203
30406402911,apartment,4,8.2752,8.161558151245117
30408402536,apartment,4,8.2227,7.868190288543701
30408403419,apartment,4,8.211,7.921835899353027
30408403923,apartment,4,8.3706,7.963271617889404
30408404555,apartment,4,8.3143,7.937664985656738
30408404881,apartment,4,8.278,7.953074932098389
30408408240,apartment,4,8.346,8.011150360107422
30408408585,apartment,4,8.2915,7.97529935836792
30409301849,apartment,4,8.6183,8.305789947509766
30409302780,apartment,4,8.5675,8.288346290588379
30409303256,apartment,4,8.4957,8.303670883178711
30409303272,apartment,4,8.5298,8.275703430175781
30409304236,apartment,4,8.3696,8.30250358581543
30409304406,apartment,4,8.4577,8.324097633361816
30409304996,apartment,4,8.5791,8.328925132751465
30409305135,apartment,4,8.691,8.3164644241333
30409308126,apartment,4,8.0338,8.308782577514648
30409308444,apartment,4,8.33,8.312156677246094
30409308711,apartment,4,7.957,8.308782577514648
30409401517,apartment,4,8.2594,8.371940612792969
30409404818,apartment,4,8.696,8.336647033691406
30410601192,apartment,4,8.5172,8.358312606811523
30411101959,apartment,4,8.7929,8.539621353149414
30411901114,apartment,4,8.3041,8.289013862609863
30412300785,apartment,4,8.2887,8.242752075195312
30412301617,apartment,4,8.3284,8.24842643737793
30412302567,apartment,4,8.0271,8.297178268432617
30412303563,apartment,4,8.0995,8.310917854309082
30412305345,apartment,4,8.071,8.350553512573242
30412305371,apartment,4,8.4064,8.315195083618164
30412306104,apartment,4,8.4543,8.311051368713379
30412400682,apartment,4,8.3369,8.240819931030273
30412401522,apartment,4,8.191,8.263509750366211
30501000604,apartment,4,8.0383,7.879205226898193
30501000841,apartment,4,8.0383,7.879205226898193
30501002178,apartment,4,8.1481,8.049610137939453
30501002720,apartment,4,8.2816,8.04331111907959
30501004774,apartment,4,8.0893,8.043498992919922
30501005495,apartment,4,8.1481,8.043498992919922
30504501876,apartment,4,7.836,7.8157501220703125
30505108248,apartment,4,7.7498,7.806285858154297
30505201418,apartment,4,8.3521,7.8949785232543945
30505202112,apartment,4,8.0897,7.900267601013184
30505203887,apartment,4,8.3288,7.897331237792969
30505206762,apartment,4,8.2149,8.02090072631836
30506600898,apartment,4,7.9671,7.912973403930664
30506602017,apartment,4,7.9837,7.914400100708008
30506602033,apartment,4,7.9831,7.970314025878906
30507701604,apartment,4,8.2736,8.072193145751953
30507704395,apartment,4,8.162,8.048763275146484
30507705057,apartment,4,8.2366,8.057552337646484
30508201443,apartment,4,7.9839,7.951674461364746
30508903553,apartment,4,7.7796,7.847549915313721
30508905971,apartment,4,8.288,8.030784606933594
30509001715,apartment,4,7.9638,7.974659442901611
30509001804,apartment,4,8.0864,7.975185394287109
30509002797,apartment,4,8.0064,7.9730143547058105
30513101060,apartment,4,7.7865,8.013919830322266
30513101354,apartment,4,8.076,8.014263153076172
30513700282,apartment,4,7.9977,7.926082611083984
30514301284,apartment,4,8.2295,8.007761001586914
30514301772,apartment,4,7.9911,7.987833499908447
30514302469,apartment,4,7.9057,7.964964389801025
30514303589,apartment,4,7.7116,7.971678733825684
30514304781,apartment,4,8.3153,8.08397388458252
30602800827,apartment,4,8.4057,7.893625259399414
30605401230,apartment,0,8.2813,8.239670753479004
30606801437,apartment,0,8.1219,8.294535636901855
30607402064,apartment,0,8.144,8.228177070617676
30608001306,apartment,0,8.566,8.203702926635742
30608401584,apartment,0,7.9727,8.168957710266113
30609505367,apartment,0,8.3501,8.257162094116211
30609601102,apartment,0,7.8907,8.336162567138672
30610800301,apartment,0,8.3096,8.186476707458496
30610801438,apartment,0,8.1739,8.105880737304688
30610900355,apartment,0,8.2118,8.18237018585205
30610900622,apartment,0,7.6607,8.18885612487793
30610905098,apartment,0,8.093,8.087972640991211
30610909441,apartment,0,8.0064,8.084184646606445
30610909689,apartment,0,8.074,8.076667785644531
30610912426,apartment,0,8.1012,8.08175277709961
30610914194,apartment,0,7.9962,8.099702835083008
30610915999,apartment,0,7.8116,8.07571029663086
30610916464,apartment,0,7.7634,8.105635643005371
30610917185,apartment,0,8.2336,8.085490226745605
30611204638,apartment,0,8.7916,8.683656692504883
30611204697,apartment,0,8.8183,8.704765319824219
30611204913,apartment,0,8.5703,8.587928771972656
30611501055,apartment,0,8.8232,8.438024520874023
30611501081,apartment,0,8.674,8.416991233825684
30611501276,apartment,0,8.2471,8.420245170593262
30611701755,apartment,0,8.6933,8.420849800109863
30611703464,apartment,0,8.9905,8.598363876342773
30611704924,apartment,0,8.905,8.595710754394531
30611705246,apartment,0,8.7608,8.592925071716309
30612002974,apartment,0,8.5962,8.418182373046875
30612003881,apartment,0,8.8583,8.632944107055664
30612004772,apartment,0,8.7016,8.534369468688965
30612005991,apartment,0,8.8049,8.537846565246582
30612600911,apartment,0,8.3767,8.170775413513184
30612601304,apartment,0,8.259,8.136948585510254
30612602777,apartment,0,8.4199,8.201960563659668
30612603048,apartment,0,8.2442,8.16840934753418
30612603218,apartment,0,8.1718,8.201148986816406
30612901340,apartment,0,8.4111,8.46651554107666
30613101100,apartment,0,8.7556,8.621049880981445
30613401181,apartment,0,8.1117,8.241073608398438
30700301711,apartment,7,7.7987,8.254631042480469
30701701398,apartment,7,7.9993,8.126852035522461
30701703005,apartment,7,8.0539,8.196245193481445
30701704370,apartment,7,8.0101,8.178647994995117
30702501384,apartment,7,8.3349,8.150856018066406
30702601664,apartment,7,8.5714,8.467077255249023
30702602784,apartment,7,8.2017,8.618144035339355
30702603322,apartment,7,8.221,8.429967880249023
30705400902,apartment,7,8.204,8.429122924804688
30708200920,apartment,7,8.1117,8.177703857421875
30708201331,apartment,7,8.0133,8.171972274780273
30708201781,apartment,7,8.1068,8.164018630981445
30708203385,apartment,7,7.8681,8.19046688079834
30708203466,apartment,7,7.7966,8.18828010559082
30708204845,apartment,7,8.1152,8.467193603515625
30708401489,apartment,7,7.8456,8.239233016967773
30708601178,apartment,7,7.9219,8.254621505737305
30708601291,apartment,7,7.9715,8.252127647399902
30708601429,apartment,7,7.9048,8.252127647399902
30708602948,apartment,7,8.3089,8.505657196044922
30818100645,apartment,7,7.8456,8.299110412597656
30818100793,apartment,7,7.824,8.30067253112793
30818201980,apartment,7,7.9092,8.290793418884277
30900605305,apartment,1,8.9182,8.570209503173828
30900605321,apartment,1,8.3948,8.59476089477539
30900605577,apartment,1,8.749,8.505496978759766
30900605811,apartment,1,8.2031,8.505496978759766
30901101394,apartment,1,8.4907,8.558772087097168
30901101882,apartment,1,8.815,8.697173118591309
30901601257,apartment,1,8.2742,8.102598190307617
30901804026,apartment,1,8.4268,8.576351165771484
30901901765,apartment,1,8.9853,8.594720840454102
30902301117,apartment,1,8.4154,8.23698902130127
30902503976,apartment,1,8.5088,8.16684341430664
30902504158,apartment,1,7.8953,8.115850448608398
30902505091,apartment,1,8.5425,8.235316276550293
30902505472,apartment,1,8.6239,8.236445426940918
30902506738,apartment,1,8.2319,8.203990936279297
30902507084,apartment,1,8.4605,8.092697143554688
30902600955,apartment,1,8.5731,8.347578048706055
30902600998,apartment,1,8.771,8.478324890136719
30902601021,apartment,1,8.9106,8.515474319458008
30902601099,apartment,1,8.8474,8.481382369995117
30902701328,apartment,1,8.5274,8.268213272094727
30902704823,apartment,1,8.5644,8.602062225341797
30902705196,apartment,1,8.6497,8.542997360229492
30902803368,apartment,1,8.5734,8.272722244262695
30902804161,apartment,1,8.5336,8.288244247436523
30902901130,apartment,1,8.6921,8.099692344665527
30903001249,apartment,1,8.7976,8.583720207214355
30903103051,apartment,1,8.7337,8.710234642028809
30903103122,apartment,1,8.7425,8.7134370803833
30903103637,apartment,1,8.7978,8.707488059997559
30903104099,apartment,1,8.7263,8.529691696166992
30903104331,apartment,1,8.8669,8.531009674072266
30903104366,apartment,1,8.8739,8.557405471801758
30903104412,apartment,1,8.7168,8.529006004333496
30903105206,apartment,1,8.8132,8.557151794433594
30903201205,apartment,1,8.3994,8.52573299407959
30903201434,apartment,1,8.363,8.525371551513672
30903201752,apartment,1,8.2685,8.42591667175293
30903401050,apartment,1,8.6013,8.32121753692627
30903401281,apartment,1,8.6788,8.328290939331055
30903401360,apartment,1,8.5685,8.32121753692627
30903502231,apartment,1,8.3774,8.23835277557373
30903503007,apartment,1,8.7591,8.669527053833008
30903603834,apartment,1,8.1366,8.03776741027832
30903605527,apartment,1,8.0229,8.132640838623047
30903605705,apartment,1,8.294,8.1301851272583
30903610849,apartment,1,8.4021,8.292229652404785
30904002656,apartment,1,8.3881,8.037590980529785
30904300894,apartment,1,8.5637,8.649942398071289
30904300940,apartment,1,8.6507,8.69527816772461
30904401224,apartment,1,8.8849,8.392556190490723
30904402573,apartment,1,8.4409,8.654135704040527
30904402972,apartment,1,8.5632,8.650344848632812
30904500729,apartment,1,8.2879,8.144451141357422
30904500753,apartment,1,8.596,8.166546821594238
30904500796,apartment,1,8.4668,8.148948669433594
30904501571,apartment,1,8.4219,8.218252182006836
30904501581,apartment,1,8.3848,8.257230758666992
30904600693,apartment,1,8.0604,8.114639282226562
30904601721,apartment,1,8.4684,8.20733642578125
30904707821,apartment,1,8.9129,8.646869659423828
30904708567,apartment,1,8.6173,8.425773620605469
30904802172,apartment,1,8.294,8.237943649291992
30904802474,apartment,1,8.2228,8.215535163879395
30905002676,apartment,1,8.2771,8.293876647949219
30905002706,apartment,1,8.3326,8.321290969848633
30905003915,apartment,1,8.4964,8.269970893859863
30905006167,apartment,1,9.0184,8.80104923248291
30905006337,apartment,1,8.9539,8.79946231842041
30905006515,apartment,1,8.9033,8.803018569946289
30905101178,apartment,1,8.5862,8.498845100402832
30905502687,apartment,1,8.5454,8.189874649047852
30905506496,apartment,1,8.616,8.317122459411621
30905506631,apartment,1,8.6842,8.320235252380371
30905508944,apartment,1,8.6454,8.465486526489258
30905509258,apartment,1,8.8017,8.559876441955566
30905602460,apartment,1,8.1763,8.310985565185547
30905603556,apartment,1,8.4482,8.324247360229492
30905604897,apartment,1,8.6299,8.17539119720459
30905606512,apartment,1,8.6603,8.213176727294922
30905607926,apartment,1,8.6852,8.462303161621094
30905900984,apartment,1,8.6515,8.75802230834961
30905901034,apartment,1,8.6846,8.757852554321289
31001204260,apartment,1,8.5416,8.185968399047852
31002702851,apartment,1,8.5269,7.9696831703186035
31002705247,apartment,1,8.0562,8.105382919311523
31002811314,apartment,1,8.5172,8.324335098266602
31002813767,apartment,1,8.6316,8.38315486907959
31002901216,apartment,1,8.0243,7.880504131317139
31002904649,apartment,1,8.2418,7.982146263122559
31002904983,apartment,1,8.2171,7.980632781982422
31002905866,apartment,1,8.3501,8.030609130859375
31002909616,apartment,1,8.619,8.215285301208496
31003003262,apartment,1,8.6548,8.480640411376953
31003004137,apartment,1,8.6697,8.49053955078125
31004302034,apartment,1,7.928,7.841150283813477
31004302093,apartment,1,8.0222,7.873345851898193
31004302468,apartment,1,8.5172,8.185382843017578
31004302840,apartment,1,8.2271,8.138932228088379
31004304142,apartment,1,8.1537,8.345758438110352
31004503511,apartment,1,8.3102,8.172056198120117
31004600450,apartment,1,8.7492,8.398571968078613
31004600698,apartment,1,8.8187,8.388167381286621
31004601457,apartment,1,8.8244,8.41653060913086
31004601481,apartment,1,8.7916,8.416548728942871
31004601694,apartment,1,8.7577,8.414788246154785
31004602127,apartment,1,8.7226,8.415369033813477
31004607013,apartment,1,8.768,8.270751953125
31005902698,apartment,1,8.4482,8.291460037231445
31005904569,apartment,1,8.6327,8.148931503295898
31006201545,apartment,1,8.4128,8.224468231201172
31006201741,apartment,1,7.902,8.226457595825195
31006602752,apartment,1,8.3728,7.972361087799072
31007001671,apartment,1,8.4386,7.975008487701416
31007502565,apartment,1,8.2063,7.9411163330078125
31007900439,apartment,1,8.5085,8.437019348144531
31010000508,apartment,1,8.1049,8.17919921875
31011800575,apartment,1,8.483,7.921420097351074
00100300073,commercial,0,8.4894,8.31053352355957
00100300154,commercial,0,7.5453,8.264496803283691
00100500201,commercial,0,8.2295,8.309859275817871
00100800025,commercial,0,9.0162,8.688712120056152
00101400306,commercial,0,7.3132,8.524888038635254
00101600011,commercial,0,7.9778,8.284749984741211
00101901127,commercial,0,8.2097,8.533951759338379
00102001979,commercial,0,7.8085,8.616340637207031
00102100098,commercial,0,7.6778,8.67232894897461
00102300011,commercial,0,9.0926,8.438165664672852
00102500177,commercial,0,8.7383,8.224236488342285
00102500381,commercial,0,9.7031,8.417923927307129
00102500398,commercial,0,9.7303,8.431014060974121
00102900094,commercial,0,7.8587,8.70403003692627
00103000771,commercial,0,7.6211,8.551424980163574
00103001001,commercial,0,8.0472,8.52841567993164
00103002340,commercial,0,8.2108,8.669371604919434
00103002367,commercial,0,8.2177,8.478272438049316
00103300155,commercial,0,9.4335,8.845330238342285
00103401032,commercial,0,9.2749,8.389321327209473
00103501274,commercial,0,8.0952,8.550887107849121
00103501894,commercial,0,8.0789,8.507828712463379
00103502548,commercial,0,8.0789,8.517105102539062
00103502858,commercial,0,8.9872,8.536805152893066
00103503099,commercial,0,9.1776,8.511937141418457
00103503145,commercial,0,8.7279,8.576966285705566
00103510079,commercial,0,8.0164,8.518219947814941
00103600418,commercial,0,8.0652,8.576942443847656
00103600493,commercial,0,8.0164,8.546026229858398
00103600711,commercial,0,7.9383,8.581561088562012
00103600728,commercial,0,7.9787,8.576942443847656
00103600949,commercial,0,7.6597,8.574460983276367
00103600957,commercial,0,7.8539,8.544095039367676
00103601031,commercial,0,7.6597,8.576942443847656
00103601104,commercial,0,7.9418,8.551997184753418
00103601295,commercial,0,7.5056,8.562716484069824
00103601325,commercial,0,7.5303,8.576942443847656
00103601333,commercial,0,7.44,8.581561088562012
00103601988,commercial,0,7.5453,8.585491180419922
00103800281,commercial,0,8.4527,8.729473114013672
00104000341,commercial,0,7.2695,8.77108383178711
00104403063,commercial,0,8.163,8.739742279052734
00104403071,commercial,0,8.1689,8.632467269897461
00104403284,commercial,0,7.4831,8.664116859436035
00104403314,commercial,0,7.4831,8.694378852844238
00104501014,commercial,0,8.11,8.828166961669922
00104501014,commercial,0,8.131,8.832216262817383
00104600160,commercial,0,9.0768,8.589157104492188
00104602181,commercial,0,7.1822,8.675093650817871
00104701714,commercial,0,8.4444,8.610316276550293
00104702044,commercial,0,7.7753,8.609358787536621
00104702176,commercial,0,8.2754,8.600627899169922
00104702192,commercial,0,8.3452,8.626005172729492
00104702338,commercial,0,8.2501,8.573514938354492
00104702818,commercial,0,7.8398,8.610973358154297
00104702834,commercial,0,7.2644,8.618243217468262
00104702885,commercial,0,7.9959,8.604812622070312
00104703741,commercial,0,8.6226,8.619980812072754
00104704217,commercial,0,8.0546,8.613524436950684
00104704251,commercial,0,8.3124,8.587573051452637
00104704926,commercial,0,8.301,8.591137886047363
00104704942,commercial,0,8.301,8.61185359954834
00104705353,commercial,0,7.9294,8.624526023864746
00104705371,commercial,0,7.9294,8.624526023864746
00104705612,commercial,0,7.5239,8.633737564086914
00104705639,commercial,0,7.3008,8.606795310974121
00104705957,commercial,0,7.9294,8.587573051452637
00104706090,commercial,0,8.3349,8.619980812072754
00104706163,commercial,0,8.3784,8.604573249816895
00104706422,commercial,0,8.2894,8.61097526550293
00104706597,commercial,0,8.4402,8.617276191711426
00104707038,commercial,0,8.2171,8.60737419128418
00104707720,commercial,0,8.6553,8.63057804107666
00104707747,commercial,0,8.7767,8.620443344116211
00104707925,commercial,0,8.3868,8.61185359954834
00104707984,commercial,0,8.7329,8.608190536499023
00104708239,commercial,0,8.0247,8.617276191711426
00104708492,commercial,0,8.4909,8.61185359954834
00104708786,commercial,0,8.42,8.587573051452637
00104708883,commercial,0,8.2801,8.604843139648438
00104709014,commercial,0,7.9294,8.624526023864746
00104709138,commercial,0,8.1658,8.593926429748535
00104709261,commercial,0,8.6225,8.604843139648438
00104709332,commercial,0,8.656,8.602476119995117
00104709553,commercial,0,8.5172,8.61185359954834
00104709571,commercial,0,8.2171,8.61185359954834
00104709928,commercial,0,8.4985,8.625911712646484
00104710160,commercial,0,8.8323,8.619980812072754
00104710217,commercial,0,7.9294,8.606795310974121
00104710306,commercial,0,8.3784,8.6039400100708
00104710632,commercial,0,7.6637,8.624526023864746
00104710659,commercial,0,7.6637,8.624526023864746
00104710837,commercial,0,8.3124,8.624526023864746
00104710888,commercial,0,7.6637,8.604843139648438
00104711280,commercial,0,8.1117,8.620443344116211
00104711337,commercial,0,7.6637,8.624526023864746
00104711337,commercial,0,7.6637,8.61185359954834
00104711371,commercial,0,7.6637,8.624526023864746
00104711371,commercial,0,7.6637,8.61185359954834
00104900938,commercial,0,8.1117,8.699359893798828
00105101761,commercial,0,9.3078,8.691824913024902
00105101931,commercial,0,9.0672,8.700739860534668
00105105767,commercial,0,9.926,8.716512680053711
00105500372,commercial,0,7.4494,8.665892601013184
00105702201,commercial,0,8.0791,8.404925346374512
00105702226,commercial,0,8.2369,8.632085800170898
00105802956,commercial,0,7.5952,8.730415344238281
00105803065,commercial,0,7.731,8.693464279174805
00105803278,commercial,0,7.1591,8.699051856994629
00105803456,commercial,0,7.3445,8.729764938354492
00105803529,commercial,0,7.5579,8.752632141113281
00106701274,commercial,0,8.0317,8.571533203125
00106701959,commercial,0,8.6068,8.559865951538086
00106701959,commercial,0,8.6068,8.559865951538086
00106701967,commercial,0,8.6068,8.559865951538086
00107201021,commercial,0,8.3896,8.830711364746094
00107201151,commercial,0,8.0725,8.823991775512695
00107202301,commercial,0,7.5547,8.384373664855957
00107202328,commercial,0,7.657,8.377206802368164
00107202336,commercial,0,7.9194,8.41195297241211
00107203294,commercial,0,7.9399,8.424332618713379
00107503972,commercial,0,8.0434,8.731812477111816
00107503980,commercial,0,8.0064,8.747082710266113
00107504367,commercial,0,7.5617,8.793360710144043
00107504375,commercial,0,7.5877,8.788656234741211
00107504383,commercial,0,8.6811,8.783000946044922
00107801612,commercial,0,7.258,8.659343719482422
00107801620,commercial,0,7.2555,8.66943645477295
00107801647,commercial,0,7.2595,8.641331672668457
00107801655,commercial,0,7.2555,8.66943645477295
00107801663,commercial,0,7.258,8.659343719482422
00107801671,commercial,0,7.258,8.659343719482422
00107801681,commercial,0,7.2555,8.66943645477295
00107801701,commercial,0,7.2595,8.641331672668457
00107801711,commercial,0,7.2555,8.66943645477295
00107801728,commercial,0,7.258,8.659343719482422
00107801736,commercial,0,7.1735,8.653509140014648
00107801744,commercial,0,7.0206,8.661711692810059
00107801752,commercial,0,7.3437,8.634516716003418
00107801760,commercial,0,7.3437,8.634516716003418
00107801779,commercial,0,7.0206,8.674939155578613
00107801787,commercial,0,7.1735,8.653509140014648
00107801817,commercial,0,7.3437,8.634516716003418
00107801825,commercial,0,7.3437,8.634516716003418
00107801833,commercial,0,7.0206,8.661711692810059
00107801841,commercial,0,7.1735,8.653509140014648
00107802856,commercial,0,7.896,8.69327449798584
00108301842,commercial,0,8.5937,8.793357849121094
00108301850,commercial,0,8.5924,8.874857902526855
00108601226,commercial,0,8.4207,8.739388465881348
00200100122,commercial,0,8.558,8.795341491699219
00200100130,commercial,0,8.558,8.772292137145996
00200400363,commercial,0,9.0392,8.397725105285645
00200400371,commercial,0,7.0821,8.316115379333496
00200400657,commercial,0,9.6158,8.608358383178711
00202900223,commercial,0,9.8923,8.671365737915039
00203200179,commercial,0,9.0672,8.406906127929688
00203300149,commercial,0,7.9888,8.412217140197754
00203300157,commercial,0,8.2512,8.4681396484375
00203300165,commercial,0,8.2641,8.374699592590332
00203901258,commercial,0,7.4525,8.387301445007324
00203901479,commercial,0,7.4525,8.444778442382812
00203901487,commercial,0,7.4525,8.383514404296875
00203901495,commercial,0,7.4525,8.444778442382812
00203901509,commercial,0,7.4525,8.444778442382812
00203901533,commercial,0,7.4525,8.444778442382812
00204200113,commercial,0,8.0661,8.615363121032715
00204300721,commercial,0,7.893,8.347350120544434
00204301033,commercial,0,8.7296,8.744518280029297
00205400299,commercial,0,8.9209,8.548171997070312
00205400299,commercial,0,8.3613,8.548171997070312
00205600522,commercial,0,9.3802,8.63931941986084
00205902898,commercial,0,8.4161,8.527162551879883
00206000286,commercial,0,7.7113,8.618460655212402
00206101351,commercial,0,7.6386,8.613988876342773
00206600135,commercial,0,9.2904,8.262919425964355
00207000522,commercial,0,7.7202,8.592218399047852
00207006962,commercial,0,7.6843,8.765764236450195
00207100152,commercial,0,7.737,8.321147918701172
00207100160,commercial,0,7.3316,8.142843246459961
00207400628,commercial,0,6.8763,8.81283187866211
00208400079,commercial,0,9.9035,8.764289855957031
00209000211,commercial,0,8.8503,8.672019958496094
00300704003,commercial,0,7.5239,8.752365112304688
00300704054,commercial,0,7.4186,8.753556251525879
00300704062,commercial,0,7.4186,8.75584602355957
00300704070,commercial,0,7.4186,8.75584602355957
00301100799,commercial,0,8.5172,8.830384254455566
00301100810,commercial,0,8.9872,8.64503288269043
00301402371,commercial,0,8.1297,8.231721878051758
00301502064,commercial,9,7.9571,8.439443588256836
00301502072,commercial,9,7.9648,8.43488883972168
00301901147,commercial,0,8.0472,8.296550750732422
00304100536,commercial,9,8.8739,8.695478439331055
00306000776,commercial,9,8.5197,8.581830978393555
00400700603,commercial,9,7.8216,8.491534233093262
00402700449,commercial,9,8.0462,8.659385681152344
00404300820,commercial,0,8.3664,8.693859100341797
00404400744,commercial,0,7.8141,8.384883880615234
00405900759,commercial,9,8.0266,8.151198387145996
00406701881,commercial,0,7.9321,8.59243106842041
00500200246,commercial,0,8.1456,8.612568855285645
00500400806,commercial,0,8.5722,8.628156661987305
00500500444,commercial,0,7.6905,8.718887329101562
00500500614,commercial,0,7.7634,8.810277938842773
00500500630,commercial,0,7.7142,8.894641876220703
00501000674,commercial,0,7.905,8.674175262451172
00501000682,commercial,0,7.9208,8.671978950500488
00501000879,commercial,0,7.824,8.6649751663208
00501000887,commercial,0,7.824,8.6649751663208
00501001247,commercial,0,8.0546,8.638508796691895
00501001451,commercial,0,8.3303,8.696352005004883
00501001514,commercial,0,8.1252,8.680471420288086
00501001591,commercial,0,7.9294,8.690765380859375
00501002367,commercial,0,8.5425,8.552543640136719
00501101217,commercial,0,7.6597,8.591851234436035
00501101551,commercial,0,7.824,8.586882591247559
00501101586,commercial,0,8.1117,8.580402374267578
00501101624,commercial,0,7.9736,8.586002349853516
00501102124,commercial,0,7.2507,8.678670883178711
00501102302,commercial,0,7.0356,8.664886474609375
00501102418,commercial,0,7.6962,8.643732070922852
00501102426,commercial,0,7.6962,8.643732070922852
00501300899,commercial,0,8.0427,8.646326065063477
00501400133,commercial,0,7.8887,8.71387767791748
00501701850,commercial,0,8.4752,8.710536003112793
00501701915,commercial,0,7.9558,8.744827270507812
00501706161,commercial,0,7.7525,8.59228515625
00501706501,commercial,0,7.6009,8.618139266967773
00501706518,commercial,0,7.6009,8.677181243896484
00501907122,commercial,0,8.4118,8.686474800109863
00502000856,commercial,0,7.2967,8.684576988220215
00502001135,commercial,0,7.3564,8.586530685424805
00502102292,commercial,0,8.2295,8.643050193786621
00502102306,commercial,0,8.1807,8.674721717834473
00502102500,commercial,0,7.4594,8.869344711303711
00502102519,commercial,0,7.5899,8.918258666992188
00502102527,commercial,0,7.5899,8.918258666992188
00502102535,commercial,0,7.5899,8.918258666992188
00502102543,commercial,0,7.5899,8.918258666992188
00502102551,commercial,0,7.5899,8.918258666992188
00502102561,commercial,0,7.4545,8.986236572265625
00502102578,commercial,0,7.5899,8.90616512298584
00502103061,commercial,0,6.8685,8.956279754638672
00502200359,commercial,0,7.9263,8.839457511901855
00502200413,commercial,0,7.3302,8.61027717590332
00502200421,commercial,0,7.3645,8.60880184173584
00502200510,commercial,0,7.0821,8.62191104888916
00502201460,commercial,0,7.7148,8.682073593139648
00502201487,commercial,0,8.5298,8.7618989944458
00502400560,commercial,0,8.0652,8.748481750488281
00502401567,commercial,0,8.1285,8.715178489685059
00502402083,commercial,0,7.6843,8.752623558044434
00502500719,commercial,0,8.4118,8.61935806274414
00502501431,commercial,0,8.6995,8.62753677368164
00502501901,commercial,0,8.0044,8.888243675231934
00502503882,commercial,0,8.5022,8.572587966918945
00502800161,commercial,0,9.0964,8.759225845336914
00502800291,commercial,0,7.9418,8.627313613891602
00502800542,commercial,0,7.7634,8.608858108520508
00502801727,commercial,0,7.7863,8.619797706604004
00502901608,commercial,0,8.2048,8.619338989257812
00502901616,commercial,0,7.4611,8.600739479064941
00503300799,commercial,0,9.1458,8.530926704406738
00503407127,commercial,0,8.3427,8.453374862670898
00503407127,commercial,0,7.9215,8.44802474975586
00503407151,commercial,0,7.7223,8.57917594909668
00503502340,commercial,0,7.744,8.625568389892578
00503502561,commercial,0,8.1754,8.675118446350098
00503502571,commercial,0,7.8753,8.664091110229492
00503802263,commercial,0,8.33,8.633395195007324
00503900648,commercial,0,7.3757,8.83378791809082
00503901105,commercial,0,8.2453,8.391611099243164
00503901466,commercial,0,8.4854,8.383415222167969
00503901687,commercial,0,8.7208,8.329286575317383
00503905089,commercial,0,7.8389,8.498689651489258
00503905100,commercial,0,7.4186,8.53296947479248
00503905542,commercial,0,8.4202,8.660993576049805
00503905712,commercial,0,8.0376,8.53882884979248
00503909858,commercial,0,9.3047,8.890861511230469
00503909890,commercial,0,9.1371,9.014864921569824
00503910368,commercial,0,7.7926,8.703474044799805
00503911410,commercial,0,8.4068,8.542898178100586
00503911429,commercial,0,8.2548,8.575526237487793
00504001221,commercial,0,8.9227,8.71786880493164
00504401114,commercial,0,7.3233,8.858449935913086
00504501305,commercial,0,8.0258,8.101016998291016
00504604481,commercial,0,8.4219,8.681373596191406
00505100894,commercial,0,8.1399,8.621392250061035
00505101815,commercial,0,7.6905,8.677718162536621
00505101815,commercial,0,8.3837,8.67823600769043
00505200368,commercial,0,9.0846,8.747936248779297
00505204401,commercial,0,7.2804,8.620744705200195
00505301385,commercial,0,8.4028,8.601323127746582
00506304795,commercial,0,9.144,8.518789291381836
00506304809,commercial,0,9.0078,8.515254974365234
00506400875,commercial,0,8.4065,8.4606351852417
00506401774,commercial,0,8.363,8.46904182434082
00506803740,commercial,0,7.7913,8.579691886901855
00506804127,commercial,0,8.1683,8.517548561096191
00506804135,commercial,0,8.1313,8.54319953918457
00507000587,commercial,0,8.4416,8.577356338500977
00507200616,commercial,0,7.607,8.643522262573242
00507617347,commercial,0,8.0897,8.418313026428223
00507617355,commercial,0,8.0897,8.418313026428223
00507617517,commercial,0,8.1851,8.422517776489258
00507617525,commercial,0,8.0489,8.422186851501465
00507617606,commercial,0,8.0208,8.422975540161133
00507618386,commercial,0,7.8666,8.419626235961914
00507619234,commercial,0,7.9918,8.419626235961914
00507701038,commercial,0,7.4611,8.438620567321777
00507800346,commercial,0,7.9353,8.289963722229004
00507801695,commercial,0,7.7063,8.456306457519531
00508200814,commercial,0,8.8503,8.615981101989746
00508201276,commercial,0,7.3496,8.593453407287598
00508201284,commercial,0,7.3496,8.593453407287598
00508201292,commercial,0,7.3496,8.593453407287598
00508201306,commercial,0,7.5478,8.559286117553711
00508201403,commercial,0,8.4684,8.596673965454102
00508701767,commercial,0,8.6713,8.617365837097168
00600301834,commercial,0,7.9195,8.84373664855957
00600301850,commercial,0,7.7353,8.862040519714355
00600301923,commercial,0,7.5345,8.948707580566406
00600600416,commercial,0,8.6915,8.968541145324707
00600601161,commercial,0,7.6629,8.68239974975586
00600601171,commercial,0,7.9066,8.68239974975586
00600601188,commercial,0,7.5848,8.68239974975586
00600706222,commercial,0,8.8157,8.812483787536621
00600707237,commercial,0,7.6417,8.951842308044434
00600707385,commercial,0,8.1689,8.629599571228027
00600707611,commercial,0,9.0982,8.629997253417969
00600800504,commercial,0,7.4147,9.117426872253418
00600800512,commercial,0,7.4363,8.868043899536133
00600800938,commercial,0,7.0557,8.571216583251953
00600801101,commercial,0,7.1689,8.998825073242188
00600804267,commercial,0,7.5139,8.55087947845459
00600807101,commercial,0,7.6375,8.951761245727539
00600807118,commercial,0,7.6182,8.895031929016113
00601000757,commercial,0,7.4017,8.702425003051758
00601001052,commercial,0,7.4811,8.635915756225586
00601001745,commercial,0,7.9481,8.60962200164795
00601104285,commercial,0,8.6008,8.744307518005371
00601500741,commercial,0,7.5099,8.773061752319336
00601500768,commercial,0,8.0973,8.67776107788086
00601500776,commercial,0,7.6843,8.843175888061523
00601501551,commercial,0,7.6812,9.0328950881958
00601600347,commercial,0,7.5201,9.039071083068848
00601600576,commercial,0,7.1062,8.985118865966797
00601602099,commercial,0,7.6809,8.627801895141602
00601602625,commercial,0,7.6252,8.623847007751465
00601602757,commercial,0,7.6252,8.623847007751465
00601602803,commercial,0,7.4508,8.62641429901123
00601603141,commercial,0,7.3132,8.610069274902344
00601603451,commercial,0,7.3132,8.62070083618164
00601603818,commercial,0,7.5364,8.628512382507324
00601605152,commercial,0,7.7029,8.909852027893066
00601608283,commercial,0,8.3759,8.676531791687012
00601608941,commercial,0,7.8678,9.12363052368164
00601610301,commercial,0,7.4823,8.834354400634766
00601610873,commercial,0,7.9831,8.635029792785645
00601703294,commercial,0,9.5088,8.737428665161133
00601703464,commercial,0,8.9227,8.738594055175781
00601705777,commercial,0,7.8753,8.65004825592041
00601706056,commercial,0,8.4912,8.646982192993164
00601706684,commercial,0,7.8604,8.64928913116455
00601707117,commercial,0,8.3124,8.64928913116455
00602206723,commercial,0,8.0985,8.636404037475586
00602206723,commercial,0,8.1377,8.636404037475586
00602206812,commercial,0,8.0151,8.603181838989258
00602208254,commercial,0,7.4373,8.555930137634277
00602208262,commercial,0,7.4373,8.582216262817383
00602208270,commercial,0,7.4373,8.606060028076172
00602208289,commercial,0,7.4401,8.62053108215332
00602300363,commercial,0,8.5402,8.7118501663208
00602300738,commercial,0,8.1117,8.672069549560547
00602300835,commercial,0,8.0064,8.68674087524414
00602301122,commercial,0,8.2376,8.682886123657227
00602303941,commercial,0,7.7272,8.587467193603516
00602306744,commercial,0,7.292,8.836458206176758
00602400430,commercial,0,7.2406,8.667282104492188
00602401305,commercial,0,7.8223,8.728776931762695
00602402212,commercial,0,7.4354,9.130603790283203
00602402360,commercial,0,7.4354,9.130603790283203
00602406439,commercial,0,7.2934,8.891485214233398
00602406528,commercial,0,7.9111,8.89784049987793
00602406811,commercial,0,7.7551,8.826164245605469
00602500958,commercial,0,7.5521,8.576604843139648
00602501806,commercial,0,7.7582,8.646482467651367
00602501814,commercial,0,7.7582,8.646482467651367
00602501822,commercial,0,7.2192,8.647253036499023
00602502330,commercial,0,7.6525,8.658524513244629
00602502349,commercial,0,7.6621,8.654784202575684
00602502357,commercial,0,7.6577,8.67070198059082
00602502365,commercial,0,7.6418,8.663323402404785
00602502691,commercial,0,7.4894,8.646831512451172
00602502705,commercial,0,7.4894,8.647542953491211
00602502713,commercial,0,7.4894,8.647542953491211
00602502721,commercial,0,7.4477,8.64557933807373
00603502822,commercial,0,6.9078,8.74631118774414
00603600621,commercial,0,7.4792,8.790754318237305
00603600700,commercial,0,7.934,8.674464225769043
00605108277,commercial,0,8.4154,8.589031219482422
00605108447,commercial,0,8.5972,8.581660270690918
00605109362,commercial,0,8.3349,8.588678359985352
00605310424,commercial,0,7.6427,8.832343101501465
00605400288,commercial,0,8.0064,8.661702156066895
00606100131,commercial,0,7.6009,8.939483642578125
00606100180,commercial,0,7.9527,8.622468948364258
00606200223,commercial,0,9.2442,8.991286277770996
00606401733,commercial,0,7.744,8.872992515563965
00606401741,commercial,0,7.744,8.874590873718262
00606401849,commercial,0,7.744,8.804680824279785
00606401891,commercial,0,8.5549,8.813589096069336
00606401891,commercial,0,8.478,8.813589096069336
00606405879,commercial,0,8.0317,8.713567733764648
00606407839,commercial,0,8.1117,8.68742847442627
00606409335,commercial,0,7.4734,8.784812927246094
00606409718,commercial,0,8.2548,8.817803382873535
00606418695,commercial,0,7.9839,8.870003700256348
00606418709,commercial,0,7.9576,8.791197776794434
00606418733,commercial,0,7.5114,8.859795570373535
00606428801,commercial,0,8.294,8.688199996948242
00607009764,commercial,0,8.689,8.694450378417969
00607009837,commercial,0,8.1874,8.660151481628418
00607009888,commercial,0,8.1003,8.655885696411133
00607010436,commercial,0,8.2794,8.678984642028809
00607010800,commercial,0,8.2453,8.667485237121582
00607010894,commercial,0,8.2976,8.67673397064209
00607011882,commercial,0,8.2788,8.695799827575684
00607012463,commercial,0,8.4616,8.665093421936035
00607012943,commercial,0,8.5413,8.659303665161133
00607013079,commercial,0,8.1586,8.668392181396484
00607013346,commercial,0,8.5952,8.665093421936035
00607013354,commercial,0,8.2915,8.686932563781738
00700203461,commercial,0,7.7128,8.517050743103027
00700504621,commercial,0,8.3311,8.434822082519531
00700601902,commercial,0,8.7813,8.843419075012207
00700900780,commercial,0,8.2671,8.719451904296875
00701007321,commercial,0,7.9508,8.463997840881348
00701007338,commercial,0,8.5119,8.47264289855957
00701007346,commercial,0,8.5119,8.47264289855957
00701007354,commercial,0,7.9508,8.463997840881348
00701007575,commercial,0,7.3428,8.47264289855957
00701007583,commercial,0,7.3428,8.47264289855957
00701209909,commercial,0,8.3015,8.468127250671387
00701210125,commercial,0,8.46,8.457369804382324
00701210583,commercial,0,8.9603,8.96646499633789
00701700114,commercial,0,8.0064,8.423657417297363
00702700185,commercial,0,8.232,8.192694664001465
00703301837,commercial,0,7.8666,8.567643165588379
00703306812,commercial,0,8.0539,8.18464183807373
00703307657,commercial,0,8.3593,8.188079833984375
00704200139,commercial,0,8.681,8.881933212280273
00704505509,commercial,0,7.9647,8.377366065979004
00704505517,commercial,0,7.9647,8.382185935974121
00704505525,commercial,0,7.9294,8.374380111694336
00704505533,commercial,0,7.9294,8.374380111694336
00704505630,commercial,0,8.4347,8.360215187072754
00704505657,commercial,0,8.4302,8.35608196258545
00704901749,commercial,0,8.323,8.492715835571289
00704903091,commercial,0,7.6112,8.83039665222168
00705003167,commercial,0,8.3155,9.026796340942383
00705108384,commercial,0,8.368,8.80204963684082
00705502074,commercial,0,8.8653,8.399697303771973
00705502333,commercial,0,8.1566,8.53560733795166
00705900231,commercial,0,8.9227,8.853960990905762
00705900959,commercial,0,7.5727,8.530159950256348
00706006739,commercial,0,8.6537,8.473444938659668
00706006747,commercial,0,8.6485,8.438862800598145
00706301021,commercial,0,8.1117,9.02517318725586
00706304683,commercial,0,7.6078,8.654736518859863
00706304691,commercial,0,7.7063,8.636784553527832
00706307682,commercial,0,7.824,8.991153717041016
00706602382,commercial,0,8.7403,8.950132369995117
00706703121,commercial,0,9.2575,8.466938972473145
00706703138,commercial,0,9.2674,8.491485595703125
00707100429,commercial,0,7.529,8.876073837280273
00707500478,commercial,0,8.6823,8.670278549194336
00707602191,commercial,0,8.0652,8.518011093139648
00708101712,commercial,0,7.824,9.033129692077637
00708101739,commercial,0,8.1182,8.956159591674805
00708500404,commercial,0,8.8365,8.539804458618164
00708700251,commercial,0,9.0853,8.63163948059082
00709101198,commercial,0,8.2435,8.630843162536621
00800702344,commercial,0,8.415,8.98036003112793
00801200229,commercial,0,8.4118,8.559310913085938
00801900964,commercial,0,8.9227,8.671309471130371
00802900550,commercial,0,9.0926,8.889969825744629
00802902014,commercial,0,8.5803,8.94343376159668
00802902022,commercial,0,8.5803,8.94343376159668
00802902030,commercial,0,8.5803,8.94343376159668
00802902049,commercial,0,8.5803,8.94343376159668
00802902057,commercial,0,8.5993,8.951200485229492
00803102267,commercial,0,6.9948,8.607522010803223
00803103204,commercial,0,9.207,8.681256294250488
00804000913,commercial,0,9.4273,8.664872169494629
00804302766,commercial,0,8.7316,8.848225593566895
00804303770,commercial,0,7.4021,8.825714111328125
00804304157,commercial,0,8.4795,8.837860107421875
00804305749,commercial,0,7.6592,8.794267654418945
00804306095,commercial,0,7.9891,8.860433578491211
00804306435,commercial,0,8.0064,8.850646018981934
00805401954,commercial,0,7.9111,8.7608642578125
00805601430,commercial,0,9.105,8.550180435180664
00805601449,commercial,0,9.105,8.550180435180664
00805806881,commercial,0,8.7006,8.825797080993652
00805806911,commercial,0,7.1488,8.70361328125
00806000201,commercial,0,7.3071,8.808308601379395
00806102470,commercial,0,8.0064,8.792567253112793
00807301000,commercial,0,8.2175,8.603743553161621
00808800647,commercial,0,8.3688,8.57969856262207
00809103087,commercial,0,7.358,8.733078956604004
00809103095,commercial,0,7.3778,8.724477767944336
00809201550,commercial,0,7.7517,8.651006698608398
00809201666,commercial,0,7.7517,8.651006698608398
00809201887,commercial,0,7.6464,8.670093536376953
00809201976,commercial,0,7.0586,8.651006698608398
00809202085,commercial,0,7.0586,8.651006698608398
00809300087,commercial,0,7.744,8.578729629516602
00809300214,commercial,0,7.5314,8.62137508392334
00809300877,commercial,0,8.5843,8.62250804901123
00809300885,commercial,0,8.547,8.62012004852295
00809301938,commercial,0,8.1944,8.574124336242676
00809302241,commercial,0,7.824,8.587749481201172
00809302322,commercial,0,7.5681,8.546053886413574
00809302411,commercial,0,7.1062,8.584270477294922
00809302421,commercial,0,7.9831,8.580343246459961
00809302446,commercial,0,7.6482,8.571207046508789
00809302586,commercial,0,7.8623,8.812813758850098
00809302594,commercial,0,7.7231,8.876477241516113
00809302608,commercial,0,7.8055,8.832111358642578
00809302721,commercial,0,7.7319,8.845590591430664
00809302731,commercial,0,8.1581,8.746905326843262
00809302748,commercial,0,7.734,8.741260528564453
00809302756,commercial,0,7.7336,8.83284854888916
00809302861,commercial,0,7.734,8.739295959472656
00900500212,commercial,0,8.294,8.789543151855469
00901309427,commercial,0,7.9111,8.458431243896484
00901309435,commercial,0,7.9973,8.471029281616211
00901310141,commercial,0,8.1252,8.459939956665039
00901404691,commercial,0,8.5936,8.600358963012695
00901406902,commercial,0,9.0536,8.551158905029297
00901406910,commercial,0,9.0536,8.551158905029297
00901415375,commercial,0,7.6699,8.481659889221191
00901420182,commercial,0,8.2677,8.459351539611816
00901426725,commercial,0,8.0109,8.32400894165039
00901428388,commercial,0,8.4164,8.3587007522583
00901432873,commercial,0,8.5545,8.52031421661377
00901610240,commercial,0,8.3526,9.102043151855469
00901611247,commercial,0,8.7328,8.788439750671387
00901612170,commercial,0,8.8618,8.772688865661621
00901612189,commercial,0,8.8633,8.77861499786377
00901612251,commercial,0,8.8368,8.777048110961914
00901612480,commercial,0,8.7709,8.782608985900879
00901612537,commercial,0,8.8144,8.77953052520752
00901614246,commercial,0,8.7761,8.732789993286133
00901900028,commercial,0,9.3157,8.897308349609375
00902900684,commercial,0,8.5215,8.80289077758789
00902900692,commercial,0,8.5215,8.80289077758789
00902900757,commercial,0,8.5755,8.801156997680664
00902901206,commercial,0,8.9244,8.832124710083008
00903901323,commercial,0,8.1614,8.681443214416504
00903901668,commercial,0,8.7916,8.60106086730957
00903901781,commercial,0,9.0334,8.581572532653809
00903901961,commercial,0,8.5817,8.609960556030273
00903902214,commercial,0,8.6588,8.609975814819336
00904201724,commercial,0,8.0577,8.61156940460205
00904502317,commercial,0,9.4335,8.664194107055664
00904504492,commercial,0,8.6995,8.60189151763916
00904504506,commercial,0,8.7197,8.600386619567871
00904506843,commercial,0,8.7197,8.717755317687988
00904506908,commercial,0,8.6842,8.676997184753418
00904506975,commercial,0,8.5325,8.694398880004883
00904507564,commercial,0,8.768,8.710237503051758
00904507580,commercial,0,8.7983,8.663753509521484
00904508706,commercial,0,8.4219,8.701583862304688
00904508803,commercial,0,8.3529,8.654669761657715
00904512258,commercial,0,8.2031,8.83882999420166
00904512266,commercial,0,8.4194,8.847057342529297
00904512614,commercial,0,9.0699,8.871047973632812
00904517144,commercial,0,8.6262,8.682729721069336
00904517152,commercial,0,8.6262,8.682729721069336
00904601889,commercial,0,9.8265,8.616389274597168
00904603121,commercial,0,8.649,8.663553237915039
00904603611,commercial,0,8.9336,8.730069160461426
00904604047,commercial,0,8.1605,8.672194480895996
00904604861,commercial,0,8.872,8.736570358276367
00905103939,commercial,0,8.5817,8.76192569732666
00905104250,commercial,0,8.4254,8.73717975616455
00905107837,commercial,0,8.7113,8.55630874633789
00905108779,commercial,0,8.8426,8.591351509094238
00905108841,commercial,0,8.9921,8.594893455505371
00905111540,commercial,0,8.4149,8.179404258728027
00906200725,commercial,0,8.7775,8.391486167907715
00906200822,commercial,0,8.6076,8.349364280700684
00906201764,commercial,0,9.1555,8.956612586975098
00906203491,commercial,0,8.6499,8.8407621383667
00906207371,commercial,0,8.4852,8.271280288696289
00906207381,commercial,0,8.4882,8.250565528869629
00906207398,commercial,0,8.5063,8.17484188079834
00906209201,commercial,0,8.5439,8.450488090515137
00906305926,commercial,0,8.561,8.69886589050293
00906310059,commercial,0,8.5685,8.79109001159668
00906310067,commercial,0,8.5685,8.79109001159668
00906310441,commercial,0,8.6144,8.72972297668457
00906311233,commercial,0,8.2428,8.758197784423828
00906311586,commercial,0,8.435,8.766019821166992
00906313260,commercial,0,8.7213,8.741415977478027
00906406706,commercial,0,8.7569,8.697275161743164
00906411254,commercial,0,8.7843,8.659185409545898
00907106226,commercial,0,8.5744,8.225624084472656
00907107117,commercial,0,8.7285,8.204144477844238
00907107125,commercial,0,8.6544,8.255270004272461
00907107281,commercial,0,8.618,8.2307767868042
00907305954,commercial,0,8.7707,8.99489688873291
00907603130,commercial,0,8.7096,8.639025688171387
00907707890,commercial,0,7.9248,8.481386184692383
00907707947,commercial,0,8.3303,8.506301879882812
00907714455,commercial,0,8.9004,8.952095031738281
00907714773,commercial,0,8.5654,8.577568054199219
00907715052,commercial,0,8.8212,8.588081359863281
00907803369,commercial,0,8.9948,8.988714218139648
00907902405,commercial,0,8.7641,8.617951393127441
00907902413,commercial,0,8.7641,8.617951393127441
00907902571,commercial,0,8.7359,8.619351387023926
00907904912,commercial,0,7.8802,8.805338859558105
00908102143,commercial,0,8.5536,8.36876392364502
00908103182,commercial,0,7.6488,8.576977729797363
00908401698,commercial,0,7.4354,8.592397689819336
00908401701,commercial,0,8.3898,8.621190071105957
00908401701,commercial,0,8.4506,8.506993293762207
00908401711,commercial,0,6.9251,8.57835578918457
00908401728,commercial,0,6.9321,8.610957145690918
00908606303,commercial,0,7.7564,8.38625431060791
00908606311,commercial,0,7.8136,8.38625431060791
00908606321,commercial,0,7.7564,8.38625431060791
00908607652,commercial,0,8.6866,8.402429580688477
00908607717,commercial,0,8.5017,8.399394989013672
00908607891,commercial,0,8.6469,8.427262306213379
00909200041,commercial,0,9.7981,8.874627113342285
00909500444,commercial,0,8.2428,8.571884155273438
00910102090,commercial,0,8.4243,8.851354598999023
00910103100,commercial,0,7.9696,8.210433959960938
01000903737,commercial,0,8.6995,8.489832878112793
01001404319,commercial,0,7.2138,8.77713394165039
01001604156,commercial,0,8.1543,8.345268249511719
01001604172,commercial,0,8.5085,8.345268249511719
01001803590,commercial,0,8.6226,8.283000946044922
01001906624,commercial,0,8.6938,8.394558906555176
01001907183,commercial,0,8.4302,8.38592529296875
01001907949,commercial,0,8.3573,8.424186706542969
01001909453,commercial,0,8.5397,8.213074684143066
01002004535,commercial,0,8.0472,8.667533874511719
01002004853,commercial,0,8.0225,8.703287124633789
01002006635,commercial,0,8.6954,8.708876609802246
01002006643,commercial,0,8.6954,8.708876609802246
01002313287,commercial,0,8.9294,8.468700408935547
01002418178,commercial,0,8.3725,8.639494895935059
01002418331,commercial,0,8.4966,8.642459869384766
01002418453,commercial,0,8.2089,8.642228126525879
01002506573,commercial,0,8.9872,8.478463172912598
01002506573,commercial,0,9.0049,8.479708671569824
01002709822,commercial,0,8.1117,8.215356826782227
01002709822,commercial,0,8.5607,8.219063758850098
01002709865,commercial,0,7.6852,8.164373397827148
01003005152,commercial,0,8.4627,8.691285133361816
01003005160,commercial,0,8.5333,8.685873985290527
01003005179,commercial,0,8.4627,8.691285133361816
01003005187,commercial,0,8.8457,8.665184020996094
01003005519,commercial,0,8.6878,8.666794776916504
01003005527,commercial,0,8.6844,8.67562198638916
01003005535,commercial,0,8.6798,8.661272048950195
01003005543,commercial,0,8.682,8.660414695739746
01003005632,commercial,0,8.5302,8.703903198242188
01003005640,commercial,0,8.478,8.69828987121582
01003005659,commercial,0,8.5302,8.705782890319824
01003005667,commercial,0,8.5845,8.678706169128418
01003100430,commercial,0,9.5896,8.540193557739258
01003214959,commercial,0,8.0908,8.654420852661133
01003215254,commercial,0,8.1012,8.660037994384766
01003215262,commercial,0,8.1012,8.660037994384766
01003215270,commercial,0,8.1012,8.660037994384766
01003215548,commercial,0,8.1455,8.660037994384766
01003215556,commercial,0,8.1455,8.657266616821289
01003215564,commercial,0,8.1455,8.65703010559082
01003302459,commercial,0,8.3757,8.667203903198242
01003315623,commercial,0,9.2729,8.728290557861328
01003320082,commercial,0,8.8739,8.495223045349121
01003320279,commercial,0,9.5157,8.53934097290039
01003320333,commercial,0,8.6995,8.495223045349121
01003321550,commercial,0,9.3439,8.545660972595215
01003535003,commercial,0,8.3337,8.713912010192871
01003710395,commercial,0,8.909,8.672334671020508
01003710409,commercial,0,8.8888,8.674543380737305
01003803083,commercial,0,8.6006,8.488150596618652
01003803091,commercial,0,8.5425,8.402618408203125
01003803113,commercial,0,8.5425,8.402618408203125
01003803121,commercial,0,8.528,8.463638305664062
01003803148,commercial,0,8.3774,8.495696067810059
01003803156,commercial,0,8.478,8.403129577636719
01003803164,commercial,0,8.4498,8.475590705871582
01003901018,commercial,0,8.2548,8.644014358520508
01003901026,commercial,0,8.2548,8.644014358520508
01004001614,commercial,0,7.8577,8.530810356140137
01004826346,commercial,0,8.5723,8.204784393310547
01004829353,commercial,0,9.2858,8.240860939025879
01004831749,commercial,0,8.452,8.468900680541992
01005005281,commercial,0,7.8041,8.19419002532959
01005300569,commercial,0,8.1216,8.789739608764648
01005313121,commercial,0,8.1692,8.873124122619629
01005313121,commercial,0,9.4019,8.87000560760498
01005313131,commercial,0,9.3125,8.917360305786133
01005313131,commercial,0,8.0799,8.918930053710938
01005313148,commercial,0,9.3797,8.885248184204102
01005313148,commercial,0,8.1471,8.8855619430542
01005313156,commercial,0,9.2922,8.923919677734375
01005313156,commercial,0,8.0596,8.925684928894043
01005313164,commercial,0,9.4019,8.87000560760498
01005313172,commercial,0,8.0799,8.918930053710938
01005313172,commercial,0,9.3125,8.917360305786133
01005313180,commercial,0,8.1471,8.8855619430542
01005313180,commercial,0,9.3797,8.885248184204102
01005313202,commercial,0,8.1471,8.8855619430542
01005313202,commercial,0,9.3797,8.885248184204102
01005313210,commercial,0,9.2922,8.923919677734375
01005313210,commercial,0,8.0596,8.925684928894043
01005313229,commercial,0,9.4019,8.87000560760498
01005313229,commercial,0,8.1692,8.873124122619629
01005313245,commercial,0,8.1471,8.8855619430542
01005313245,commercial,0,9.3797,8.885248184204102
01005313253,commercial,0,9.2922,8.923919677734375
01005313253,commercial,0,8.0596,8.925684928894043
01005313261,commercial,0,8.1471,8.8855619430542
01005313261,commercial,0,9.3797,8.885248184204102
01005313271,commercial,0,9.2922,8.923919677734375
01005313288,commercial,0,8.1692,8.873124122619629
01005313296,commercial,0,8.0799,8.918930053710938
01005313296,commercial,0,9.3125,8.917360305786133
01005400873,commercial,0,9.5107,8.636923789978027
01005400881,commercial,0,9.5337,8.498710632324219
01005400891,commercial,0,9.5337,8.539350509643555
01005602484,commercial,0,8.6902,8.579344749450684
01005602492,commercial,0,8.5909,8.585803985595703
01005602506,commercial,0,8.635,8.579283714294434
01005602832,commercial,0,8.8362,8.573127746582031
01005603235,commercial,0,8.6885,8.602632522583008
01005603693,commercial,0,8.3946,8.57219123840332
01005603839,commercial,0,8.7021,8.569409370422363
01005703787,commercial,0,8.8958,8.622376441955566
01005801568,commercial,0,7.6693,8.729106903076172
01005801614,commercial,0,7.3769,8.736536026000977
01005801622,commercial,0,7.3686,8.736536026000977
01005801649,commercial,0,7.5139,8.674570083618164
01005801657,commercial,0,7.5139,8.674570083618164
01005801665,commercial,0,7.7063,8.598641395568848
01005801770,commercial,0,7.4485,8.584587097167969
01006107381,commercial,0,9.2529,8.218282699584961
01006110917,commercial,0,9.268,8.473101615905762
01006600681,commercial,0,8.4748,8.98869800567627
01006801561,commercial,0,8.916,8.825257301330566
01006801782,commercial,0,8.7403,8.811589241027832
01006802207,commercial,0,9.1532,8.80146598815918
01006806288,commercial,0,8.8117,8.774698257446289
01006814991,commercial,0,8.9493,8.827590942382812
01006815015,commercial,0,8.339,8.840211868286133
01006900195,commercial,0,9.8424,8.74770450592041
01006900209,commercial,0,9.8424,8.74770450592041
01006900411,commercial,0,9.9523,8.758353233337402
01006900578,commercial,0,9.6889,8.74675464630127
01006900624,commercial,0,9.8294,8.693167686462402
01006903704,commercial,0,8.7498,8.74834156036377
01007300973,commercial,0,8.9267,8.610917091369629
01007301279,commercial,0,8.5982,8.606295585632324
01007301317,commercial,0,8.9018,8.611063957214355
01007301333,commercial,0,9.1652,8.601122856140137
01007605928,commercial,0,8.9845,9.165740966796875
01007606584,commercial,0,8.8847,9.014681816101074
01007804483,commercial,0,8.4157,8.444814682006836
01007804734,commercial,0,8.5983,8.265408515930176
01007805048,commercial,0,8.7978,8.261073112487793
01007805676,commercial,0,8.2311,8.26323413848877
01007805684,commercial,0,8.2311,8.26323413848877
01007805692,commercial,0,8.2311,8.26323413848877
01007904275,commercial,0,8.7093,8.250732421875
01008002003,commercial,0,9.1987,8.897920608520508
01008002011,commercial,0,9.1987,8.897920608520508
01008002232,commercial,0,9.1987,8.805684089660645
01008002240,commercial,0,9.1987,8.90192985534668
01008002313,commercial,0,9.2356,8.914384841918945
01008107441,commercial,0,8.7829,8.98572826385498
01008306282,commercial,0,8.7736,8.353570938110352
01008306363,commercial,0,8.5272,8.35933780670166
01008306371,commercial,0,8.558,8.36269474029541
01008306381,commercial,0,8.5425,8.360273361206055
01008306479,commercial,0,8.5778,8.365358352661133
01008306533,commercial,0,8.5623,8.366299629211426
01008306649,commercial,0,8.8049,8.355613708496094
01008306657,commercial,0,8.8356,8.359773635864258
01008306665,commercial,0,8.6111,8.366299629211426
01008306932,commercial,0,8.7278,8.35430908203125
01008306940,commercial,0,8.7123,8.350749969482422
01008307033,commercial,0,8.1425,8.365358352661133
01008307041,commercial,0,8.7096,8.351534843444824
01008307051,commercial,0,8.7972,8.350798606872559
01008307092,commercial,0,8.2548,8.373647689819336
01008400416,commercial,0,8.7896,8.761700630187988
01008503411,commercial,0,8.3211,8.355575561523438
01008503428,commercial,0,8.3489,8.307093620300293
01008503436,commercial,0,8.3489,8.34981918334961
01008503444,commercial,0,8.3489,8.34981918334961
01008503525,commercial,0,8.5371,8.336434364318848
01008503533,commercial,0,8.5371,8.336434364318848
01008503551,commercial,0,8.5418,8.334890365600586
01008503568,commercial,0,8.5418,8.334890365600586
01008503576,commercial,0,8.5418,8.334890365600586
01008503878,commercial,0,8.3489,8.355789184570312
01008503886,commercial,0,8.1807,8.367111206054688
01008600423,commercial,0,9.2059,8.838395118713379
01009100734,commercial,0,9.3513,9.157973289489746
01009400037,commercial,0,9.028,8.871487617492676
01009400975,commercial,0,8.4482,8.649589538574219
01009400991,commercial,0,9.0768,8.700506210327148
01009505254,commercial,0,9.1727,8.319953918457031
01009900609,commercial,0,8.8425,8.569803237915039
01009900617,commercial,0,8.8425,8.569803237915039
01009901524,commercial,0,8.9185,8.570211410522461
01009901990,commercial,0,8.8589,8.567556381225586
01009902008,commercial,0,8.8049,8.558267593383789
01009903152,commercial,0,9.3618,8.73707103729248
01009903160,commercial,0,9.3618,8.73707103729248
01009903179,commercial,0,9.3547,8.73770523071289
01009903209,commercial,0,9.3618,8.73707103729248
01009903217,commercial,0,9.3547,8.73770523071289
01009903225,commercial,0,9.3835,8.737189292907715
01009903233,commercial,0,9.3618,8.73707103729248
01009903241,commercial,0,9.3618,8.73707103729248
01009903268,commercial,0,9.3835,8.737189292907715
01009903276,commercial,0,9.3618,8.73707103729248
01009903306,commercial,0,9.3835,8.737189292907715
01009903314,commercial,0,9.3618,8.73707103729248
01009903322,commercial,0,9.3618,8.73707103729248
01009903349,commercial,0,9.3835,8.737189292907715
01009903365,commercial,0,9.4094,8.695292472839355
01009903373,commercial,0,9.4321,8.692395210266113
01009903391,commercial,0,9.3762,8.69819164276123
01009903403,commercial,0,9.3762,8.69819164276123
01009903411,commercial,0,9.4094,8.695292472839355
01009903421,commercial,0,9.4094,8.695292472839355
01009903446,commercial,0,9.4792,8.689535140991211
01009903454,commercial,0,9.3762,8.69819164276123
01009903462,commercial,0,9.3762,8.69819164276123
01009903470,commercial,0,9.4094,8.695292472839355
01009903489,commercial,0,9.4094,8.695292472839355
01009903519,commercial,0,9.3762,8.69819164276123
01009903535,commercial,0,9.4094,8.695292472839355
01009903543,commercial,0,9.4094,8.695292472839355
01009903551,commercial,0,9.4321,8.692395210266113
01009903561,commercial,0,9.4792,8.689535140991211
01009903578,commercial,0,9.3762,8.69819164276123
01009903586,commercial,0,9.3762,8.69819164276123
01009903594,commercial,0,9.4094,8.695292472839355
01009903608,commercial,0,9.4094,8.695292472839355
01009903616,commercial,0,9.4321,8.692395210266113
01009903624,commercial,0,9.4792,8.689535140991211
01009903640,commercial,0,9.3762,8.69819164276123
01009903659,commercial,0,9.4094,8.695292472839355
01009903675,commercial,0,9.4321,8.692395210266113
01009903683,commercial,0,9.4792,8.689535140991211
01009903691,commercial,0,9.3762,8.69819164276123
01009903705,commercial,0,9.3762,8.69819164276123
01009903780,commercial,0,9.4094,8.695292472839355
01009903799,commercial,0,9.4321,8.692395210266113
01009903802,commercial,0,9.4792,8.689535140991211
01009903829,commercial,0,9.3762,8.69819164276123
01009903837,commercial,0,9.4094,8.695292472839355
01009903853,commercial,0,9.4321,8.692395210266113
01009903861,commercial,0,9.4792,8.689535140991211
01009903888,commercial,0,9.3762,8.69819164276123
01009903896,commercial,0,9.4094,8.695292472839355
01009903901,commercial,0,9.4094,8.695292472839355
01009903926,commercial,0,9.4792,8.597764015197754
01009903934,commercial,0,9.3762,8.69819164276123
01009903942,commercial,0,9.3762,8.69819164276123
01009903950,commercial,0,9.0874,9.227283477783203
01009912356,commercial,0,8.6922,8.97393798828125
01009912380,commercial,0,8.6581,8.928977012634277
01010101048,commercial,0,9.1718,8.691472053527832
01010101838,commercial,0,8.4819,8.714956283569336
01010106211,commercial,0,8.8585,8.871944427490234
01106400046,commercial,0,9.2793,9.25160026550293
01107001412,commercial,0,8.8326,8.587657928466797
01107001455,commercial,0,8.7371,8.580216407775879
01107001651,commercial,0,8.6226,8.622870445251465
01108100317,commercial,0,9.1054,8.959922790527344
01108900054,commercial,0,8.7529,8.489045143127441
01109800010,commercial,0,9.0482,9.02369499206543
01110202105,commercial,0,8.3862,8.486270904541016
01110202156,commercial,0,8.406,8.514363288879395
01110202474,commercial,0,7.8592,8.4845609664917
01110204906,commercial,0,7.7223,8.54121208190918
01111400032,commercial,0,9.6803,8.6805419921875
01112202031,commercial,0,8.5172,8.410722732543945
01112202722,commercial,0,8.3547,8.433131217956543
01112203834,commercial,0,8.3554,8.315452575683594
01112203850,commercial,0,8.3554,8.315452575683594
01112303911,commercial,0,8.1729,8.550348281860352
01112304401,commercial,0,8.3219,8.576654434204102
01112307907,commercial,0,8.3618,8.456528663635254
01112307923,commercial,0,8.3581,8.482572555541992
01113101814,commercial,0,9.5663,8.953842163085938
01113104821,commercial,0,9.1494,8.810892105102539
01113104831,commercial,0,9.1494,8.810892105102539
01113104848,commercial,0,9.1494,8.810892105102539
01113104856,commercial,0,9.1494,8.810892105102539
01113106050,commercial,0,8.9406,8.6492280960083
01113106069,commercial,0,8.9406,8.6492280960083
01113106077,commercial,0,8.9335,8.6464262008667
01113703474,commercial,0,8.1744,8.34691333770752
01113703482,commercial,0,8.1744,8.34691333770752
01113703504,commercial,0,8.2583,8.359917640686035
01114800155,commercial,0,8.8486,9.21351432800293
01202100228,commercial,0,8.4659,8.642578125
01204401349,commercial,0,8.3481,8.539227485656738
01204401500,commercial,0,8.362,8.530234336853027
01205903747,commercial,0,8.294,8.874566078186035
01206807393,commercial,0,8.4575,8.297295570373535
01206807520,commercial,0,8.2646,8.264857292175293
01208605216,commercial,0,8.4055,8.51817512512207
01209502003,commercial,0,8.729,8.416251182556152
01209502283,commercial,0,8.5059,8.423356056213379
01209502666,commercial,0,8.3211,8.384299278259277
01209502798,commercial,0,8.3211,8.353113174438477
01209502801,commercial,0,8.3211,8.353113174438477
01209503204,commercial,0,8.4111,8.403738021850586
01209503212,commercial,0,8.4111,8.403738021850586
01209606208,commercial,0,7.5692,8.242064476013184
01209606232,commercial,0,7.571,8.232393264770508
01209606240,commercial,0,7.5692,8.242064476013184
01209606259,commercial,0,7.5403,8.230420112609863
01209606313,commercial,0,7.7634,8.230755805969238
01209606461,commercial,0,7.6009,8.238409996032715
01212100034,commercial,0,9.5793,9.149908065795898
01214202225,commercial,7,8.5172,9.036648750305176
01215400128,commercial,0,9.2393,8.882061004638672
01215702736,commercial,0,9.477,8.406570434570312
01300104538,commercial,0,8.267,8.814695358276367
01300105038,commercial,0,8.5849,8.789363861083984
01300105186,commercial,0,8.7504,8.797674179077148
01300804491,commercial,0,8.5172,8.3423490524292
01300913819,commercial,0,8.6995,8.599939346313477
01300913827,commercial,0,8.6146,8.571648597717285
01300913878,commercial,0,8.5709,8.553563117980957
01300913894,commercial,0,8.6345,8.547639846801758
01300913908,commercial,0,8.6345,8.547639846801758
01300913924,commercial,0,8.5734,8.548593521118164
01300913932,commercial,0,8.5709,8.553563117980957
01300914084,commercial,0,8.7143,8.594157218933105
01300914092,commercial,0,8.537,8.593759536743164
01300914106,commercial,0,8.5981,8.593500137329102
01301107298,commercial,0,8.9235,8.613911628723145
01301107336,commercial,0,8.3966,8.615315437316895
01301107344,commercial,0,8.3966,8.615315437316895
01301107352,commercial,0,8.3741,8.622745513916016
01301107360,commercial,0,8.5076,8.633874893188477
01301107379,commercial,0,8.5936,8.646811485290527
01301107387,commercial,0,8.4858,8.623456954956055
01301107395,commercial,0,8.4654,8.632452964782715
01301107409,commercial,0,8.4654,8.632452964782715
01301107417,commercial,0,8.126,8.647186279296875
01301300421,commercial,0,9.8662,9.066320419311523
01301300586,commercial,0,9.6058,9.307443618774414
01301300683,commercial,0,9.8096,8.908665657043457
01301900214,commercial,0,9.9137,9.256265640258789
01302104217,commercial,0,8.3554,8.390069961547852
01302104233,commercial,0,8.2674,8.415300369262695
01302104268,commercial,0,8.3554,8.390069961547852
01302104276,commercial,0,8.2674,8.415300369262695
01302104500,commercial,0,8.2998,8.39759349822998
01302200178,commercial,0,9.8383,8.988166809082031
01302204191,commercial,0,9.9334,9.089548110961914
01302204904,commercial,0,8.3393,8.424444198608398
01302205013,commercial,0,8.4482,8.412824630737305
01302206605,commercial,0,8.5797,8.339065551757812
01302206621,commercial,0,8.4619,8.345067977905273
01302207091,commercial,0,8.3413,8.339065551757812
01302207164,commercial,0,8.3153,8.344375610351562
01302308009,commercial,0,9.3411,8.963109970092773
01302308289,commercial,0,9.4858,8.857545852661133
01302308297,commercial,0,9.4644,8.847538948059082
01302308335,commercial,0,9.4644,8.847538948059082
01302405101,commercial,0,9.8899,8.980709075927734
01302405111,commercial,0,9.8228,8.906818389892578
01302405128,commercial,0,9.9748,8.909005165100098
01302405136,commercial,0,9.8643,8.968465805053711
01302405144,commercial,0,9.8643,8.968465805053711
01302405152,commercial,0,9.8643,8.968465805053711
01302405160,commercial,0,9.8643,8.968465805053711
01302405179,commercial,0,9.8643,8.968465805053711
01302405187,commercial,0,9.8643,8.968465805053711
01302405195,commercial,0,9.8643,8.968465805053711
01302701967,commercial,0,8.9122,8.777811050415039
01302701975,commercial,0,8.9122,8.777811050415039
01302701983,commercial,0,9.0373,8.777219772338867
01302908741,commercial,0,8.3994,8.685264587402344
01302909177,commercial,0,8.4861,8.687541007995605
01302909185,commercial,0,8.476,8.692825317382812
01303000776,commercial,0,9.0364,8.89938735961914
01303114161,commercial,0,8.736,8.837940216064453
01303114291,commercial,0,9.0305,8.803560256958008
01303114429,commercial,0,8.4095,8.745224952697754
01303114501,commercial,0,8.5983,8.751104354858398
01303115158,commercial,0,9.1396,8.911320686340332
01303115166,commercial,0,9.1676,8.933147430419922
01303606501,commercial,0,8.4527,8.338562965393066
01303606518,commercial,0,8.4527,8.338562965393066
01303606526,commercial,0,8.4527,8.338562965393066
01303703637,commercial,0,8.3211,8.591314315795898
01303704201,commercial,0,8.3211,8.593205451965332
01303704511,commercial,0,8.9923,8.694989204406738
01303704781,commercial,0,8.844,8.698647499084473
01303704927,commercial,0,8.3688,8.704567909240723
01303705176,commercial,0,8.8226,8.69751262664795
01303807068,commercial,0,9.3439,8.574406623840332
01303807246,commercial,0,8.7886,8.574406623840332
01303807351,commercial,0,9.2385,8.58243179321289
01303807653,commercial,0,8.8403,8.579200744628906
01305400471,commercial,0,9.8124,9.240216255187988
01306005574,commercial,0,8.1242,8.439151763916016
01306400430,commercial,0,9.2591,8.863615036010742
01306401011,commercial,0,9.5933,9.029449462890625
01306505151,commercial,0,8.2849,8.612899780273438
01306505577,commercial,0,8.3954,8.583922386169434
01306505631,commercial,0,8.359,8.580232620239258
01306605180,commercial,0,8.632,8.186108589172363
01306605261,commercial,0,8.392,8.200085639953613
01400203554,commercial,0,9.607,8.91578483581543
01400403537,commercial,0,9.8696,8.783291816711426
01400501611,commercial,0,8.294,8.655572891235352
01400501725,commercial,0,8.4988,8.659025192260742
01400501865,commercial,0,8.4988,8.641646385192871
01400503833,commercial,0,8.4589,9.243484497070312
01400504716,commercial,0,9.4545,8.716464042663574
01400805120,commercial,0,8.5235,8.612865447998047
01400900069,commercial,0,9.6328,9.226940155029297
01400902657,commercial,0,8.8555,9.038206100463867
01400902665,commercial,0,9.4774,9.178126335144043
01400902673,commercial,0,9.4767,8.937185287475586
01400902797,commercial,0,9.4401,8.76455020904541
01401301827,commercial,0,8.3755,8.599420547485352
01401301843,commercial,0,8.5172,8.61023998260498
01401302033,commercial,0,8.0733,8.6151123046875
01401404162,commercial,0,8.6126,8.684690475463867
01401404170,commercial,0,8.6175,8.702987670898438
01401404189,commercial,0,8.6212,8.680691719055176
01401404200,commercial,0,8.6246,8.66206169128418
01401404219,commercial,0,8.6246,8.66206169128418
01401404227,commercial,0,8.6246,8.66206169128418
01401405071,commercial,0,9.0521,8.665908813476562
01402600100,commercial,0,9.9026,9.420574188232422
01402900041,commercial,0,9.3966,8.977783203125
01402900317,commercial,0,9.2904,8.96838665008545
01402903741,commercial,0,8.1252,8.54395866394043
01403004293,commercial,0,8.5698,8.396526336669922
01403907447,commercial,0,8.4942,8.340636253356934
01404800336,commercial,0,8.4431,9.088765144348145
01404803173,commercial,0,8.1377,8.37435531616211
01404803521,commercial,0,8.1144,8.371173858642578
01404803564,commercial,0,8.0878,8.373464584350586
01404803866,commercial,0,8.5952,8.362358093261719
01405601205,commercial,0,9.4442,8.62200927734375
01406008001,commercial,0,8.63,8.491715431213379
01406600334,commercial,0,9.4823,9.216206550598145
01406605328,commercial,0,8.2881,8.306356430053711
01406703834,commercial,0,8.7736,8.419700622558594
01406703850,commercial,0,8.8371,8.4251708984375
01406704016,commercial,0,8.5325,8.435201644897461
01406704024,commercial,0,8.5325,8.445821762084961
01406704075,commercial,0,8.5325,8.411896705627441
01406704091,commercial,0,8.5325,8.411896705627441
01406704113,commercial,0,8.6195,8.419479370117188
01406807311,commercial,0,7.8699,8.294727325439453
01406900524,commercial,0,9.2103,9.298921585083008
01407600036,commercial,0,8.7822,8.86824893951416
01408800527,commercial,0,9.0027,8.84532642364502
01408802228,commercial,0,8.5109,9.310078620910645
01408802287,commercial,0,8.2358,9.310869216918945
01500306231,commercial,0,8.375,8.189507484436035
01500307351,commercial,0,8.5172,8.214015007019043
01500402656,commercial,0,8.2287,9.07689094543457
01500505617,commercial,0,8.395,8.156009674072266
01500702854,commercial,0,9.2869,8.689582824707031
01500705561,commercial,0,8.2808,8.617831230163574
01500705578,commercial,0,8.3349,8.605573654174805
01500705594,commercial,0,8.2698,8.615293502807617
01500804304,commercial,0,8.4309,8.833738327026367
01501400185,commercial,0,9.6158,9.089681625366211
01501801430,commercial,0,8.421,8.224536895751953
01502202972,commercial,0,9.0727,8.917623519897461
01502303523,commercial,0,9.159,8.609798431396484
01502600854,commercial,0,8.5435,8.957836151123047
01503501541,commercial,0,8.428,8.138474464416504
01503502643,commercial,0,8.2771,8.647113800048828
01503502661,commercial,0,8.2732,8.643951416015625
01503503291,commercial,0,8.8047,8.823474884033203
01503503305,commercial,0,9.1103,9.085182189941406
01503601994,commercial,0,8.3349,8.325679779052734
01503602516,commercial,0,8.1724,8.325679779052734
01503703452,commercial,0,8.8926,8.8405122756958
01503703460,commercial,0,9.0422,9.076557159423828
01504000854,commercial,0,9.7386,8.93605899810791
01504000870,commercial,0,9.7386,8.93605899810791
01504000897,commercial,0,9.7386,8.93605899810791
01504000927,commercial,0,9.7333,8.932888984680176
01504000935,commercial,0,9.7386,8.93605899810791
01504000943,commercial,0,9.7333,8.932888984680176
01504000951,commercial,0,9.7386,8.93605899810791
01504000961,commercial,0,9.7333,8.932888984680176
01504000978,commercial,0,9.7386,8.93605899810791
01504000986,commercial,0,9.7333,8.932888984680176
01504000994,commercial,0,9.7386,8.93605899810791
01504001001,commercial,0,9.7333,8.932888984680176
01504001011,commercial,0,9.7386,8.93605899810791
01504001028,commercial,0,9.7333,8.932888984680176
01504001044,commercial,0,9.7333,8.932888984680176
01504001052,commercial,0,9.7386,8.93605899810791
01504001079,commercial,0,9.9644,8.958362579345703
01504101091,commercial,0,9.1247,8.952299118041992
01504200381,commercial,0,9.6254,9.075173377990723
01504202686,commercial,0,9.4608,9.180564880371094
01504706722,commercial,0,9.926,8.914094924926758
01505600723,commercial,0,8.1304,8.480185508728027
01505804639,commercial,0,7.9318,8.655292510986328
01506001734,commercial,0,8.9462,8.87558364868164
01506001742,commercial,0,8.9462,8.87558364868164
01506001750,commercial,0,8.9462,8.87558364868164
01506001769,commercial,0,8.9462,8.87558364868164
01506001785,commercial,0,8.9462,8.87558364868164
01506001793,commercial,0,8.9462,8.87558364868164
01506001807,commercial,0,8.9462,8.87558364868164
01506001823,commercial,0,8.9462,8.87558364868164
01506001823,commercial,0,8.7862,8.87558364868164
01506001831,commercial,0,8.9462,8.87558364868164
01506001841,commercial,0,8.9462,8.87558364868164
01506001858,commercial,0,8.9462,8.87558364868164
01506001866,commercial,0,8.9462,8.87558364868164
01506001874,commercial,0,8.9462,8.87558364868164
01506001890,commercial,0,8.9462,8.87558364868164
01506001904,commercial,0,8.9462,8.87558364868164
01506001912,commercial,0,8.9462,8.87558364868164
01506001939,commercial,0,8.9462,8.87558364868164
01506001947,commercial,0,8.9462,8.87558364868164
01506001955,commercial,0,8.9462,8.87558364868164
01506001963,commercial,0,8.9462,8.87558364868164
01506001971,commercial,0,8.9462,8.87558364868164
01506001981,commercial,0,8.9462,8.87558364868164
01507301162,commercial,0,9.5296,9.108935356140137
01507301189,commercial,0,9.5296,9.108935356140137
01507301421,commercial,0,8.2902,8.811896324157715
01507301952,commercial,0,8.3853,8.81350040435791
01507302541,commercial,0,8.4288,8.810440063476562
01507302584,commercial,0,8.3724,8.813260078430176
01507302592,commercial,0,8.4067,8.814616203308105
01507302721,commercial,0,7.9535,8.81244945526123
01507302738,commercial,0,8.6024,8.81330680847168
01507302886,commercial,0,8.2029,8.81136703491211
01507304064,commercial,0,8.3433,8.801820755004883
01507304196,commercial,0,8.7883,8.878366470336914
01507309627,commercial,0,8.294,8.58994197845459
01507309767,commercial,0,8.2118,8.576062202453613
01507404069,commercial,0,8.8581,8.393322944641113
01507404077,commercial,0,8.8581,8.424553871154785
01507405189,commercial,0,8.7403,8.426288604736328
01507405197,commercial,0,8.7403,8.426288604736328
01507405219,commercial,0,8.7403,8.426288604736328
01507405227,commercial,0,8.7403,8.426288604736328
01507500947,commercial,0,8.0348,8.585896492004395
01507500963,commercial,0,8.2409,8.484331130981445
01507500971,commercial,0,8.0348,8.565131187438965
01507501031,commercial,0,8.2499,8.570578575134277
01507601115,commercial,0,8.8562,9.282045364379883
01507601123,commercial,0,8.8562,9.282045364379883
01507601131,commercial,0,8.8562,9.282045364379883
01507800061,commercial,6,9.5532,9.407175064086914
01507800401,commercial,6,9.2901,8.79819107055664
01507800533,commercial,6,8.8247,8.7939453125
01507801424,commercial,6,8.294,8.817047119140625
01507801599,commercial,6,9.2695,8.584297180175781
01507801602,commercial,6,9.2644,8.592999458312988
01507801610,commercial,6,9.2695,8.584297180175781
01508001030,commercial,6,8.6366,8.769365310668945
01508001626,commercial,6,8.5039,8.747550964355469
01509300082,commercial,6,9.255,9.189208984375
01509301119,commercial,6,8.4039,8.599193572998047
01509301331,commercial,6,8.4039,8.599193572998047
01509303472,commercial,6,8.7731,8.613151550292969
01509303693,commercial,6,8.7731,8.613151550292969
01509303911,commercial,6,8.7731,8.613151550292969
01509400494,commercial,6,8.1117,8.756959915161133
01509400508,commercial,6,8.1117,8.756959915161133
01509400516,commercial,6,8.1117,8.756959915161133
01509400559,commercial,6,8.294,8.755401611328125
01509401377,commercial,6,8.2659,8.75576400756836
01509403272,commercial,6,8.4912,8.676382064819336
01509403280,commercial,6,8.6358,8.724554061889648
01509404627,commercial,6,9.3355,8.660884857177734
01509405097,commercial,6,8.6553,8.80532455444336
01509405704,commercial,6,7.7681,8.805130004882812
01509405704,commercial,6,8.2659,8.79861068725586
01509702202,commercial,6,8.1605,8.79294490814209
01510101500,commercial,6,9.173,8.857906341552734
01510102612,commercial,6,8.8888,8.775446891784668
01510103899,commercial,6,9.3317,8.764883041381836
01510103902,commercial,6,9.3317,8.764883041381836
01510103910,commercial,6,9.3317,8.764883041381836
01511601868,commercial,6,8.9421,8.75400447845459
01511601906,commercial,6,8.8195,8.769072532653809
01511601914,commercial,6,8.7197,8.750926971435547
01511601922,commercial,6,8.7197,8.750926971435547
01512600792,commercial,0,8.8947,9.090351104736328
01513300229,commercial,0,9.8425,9.140768051147461
01513301527,commercial,0,9.2783,8.994546890258789
01513306200,commercial,0,9.6048,9.184739112854004
01513306235,commercial,0,9.711,9.170310974121094
01513306251,commercial,0,9.5842,9.170310974121094
01604400498,commercial,6,8.7911,8.666505813598633
01604400889,commercial,6,8.7539,8.659723281860352
01604400897,commercial,6,8.7539,8.659723281860352
01604500395,commercial,6,9.0373,8.439682960510254
01604500514,commercial,6,8.8059,8.439682960510254
01604500522,commercial,6,8.8059,8.439682960510254
01604500786,commercial,6,9.4428,8.489141464233398
01605004472,commercial,6,9.3338,8.587919235229492
01605004601,commercial,6,9.236,8.542531967163086
01605004731,commercial,6,9.249,8.542531967163086
01605005711,commercial,6,8.7015,8.569178581237793
01605005940,commercial,6,9.078,8.629865646362305
01605701424,commercial,6,8.9289,8.617050170898438
01605701548,commercial,6,8.9289,8.617050170898438
01605701785,commercial,6,8.9102,8.676149368286133
01606302744,commercial,6,9.0303,9.093292236328125
01607401460,commercial,6,8.8763,8.599420547485352
01607402106,commercial,6,8.8049,8.624998092651367
01607403791,commercial,6,7.9054,8.467087745666504
01607404281,commercial,6,7.972,8.40414047241211
01607404311,commercial,6,7.9671,8.400748252868652
01607405962,commercial,6,8.7125,8.361774444580078
01607405970,commercial,6,8.6797,8.358968734741211
01607609258,commercial,6,8.4219,8.500913619995117
01607609274,commercial,6,8.4219,8.500913619995117
01607609290,commercial,6,8.4775,8.476402282714844
01607805235,commercial,6,8.532,8.369466781616211
01607805669,commercial,6,7.9866,8.354166030883789
01607805677,commercial,6,7.9866,8.354166030883789
01607811014,commercial,6,9.3594,8.657613754272461
01607811405,commercial,6,9.9162,8.650575637817383
01607811413,commercial,6,9.9339,8.655540466308594
01607811731,commercial,6,9.2095,8.666826248168945
01607811741,commercial,6,9.2147,8.686944007873535
01607811758,commercial,6,9.2105,8.673370361328125
01607811766,commercial,6,9.1918,8.659626007080078
01607811774,commercial,6,9.2004,8.680767059326172
01607811782,commercial,6,9.2147,8.686944007873535
01607811804,commercial,6,9.1918,8.659626007080078
01607811812,commercial,6,9.2095,8.666826248168945
01607811820,commercial,6,9.2147,8.686944007873535
01607811839,commercial,6,9.2105,8.673370361328125
01607811847,commercial,6,9.1918,8.659626007080078
01608015440,commercial,6,8.2365,8.297952651977539
01609002873,commercial,6,8.1987,9.097709655761719
01609102738,commercial,6,8.363,8.264961242675781
01609205170,commercial,6,8.7293,8.443809509277344
01609205189,commercial,6,8.7293,8.443809509277344
01609205251,commercial,6,9.3418,8.385743141174316
01609205456,commercial,6,8.5637,8.383667945861816
01609205979,commercial,6,8.4996,8.373027801513672
01609205995,commercial,6,8.5102,8.27912425994873
01609206053,commercial,6,8.5936,8.3905029296875
01609206681,commercial,6,8.5936,8.428865432739258
01609800192,commercial,6,9.4223,9.305473327636719
01609800206,commercial,6,9.4866,8.933649063110352
01609800397,commercial,6,9.8751,9.231603622436523
01609800427,commercial,6,9.5839,8.804309844970703
01609802276,commercial,6,9.8387,9.169327735900879
01609901411,commercial,6,8.2209,8.55360221862793
01609901452,commercial,6,8.3211,8.577953338623047
01609902068,commercial,6,8.2548,8.566596984863281
01609903171,commercial,6,8.6412,8.311491012573242
01609903951,commercial,6,8.3774,8.36107063293457
01609904087,commercial,6,8.4213,8.339223861694336
01609904567,commercial,6,8.4882,8.353084564208984
01609905709,commercial,6,8.9335,8.336263656616211
01609905717,commercial,6,8.9335,8.336263656616211
01610001982,commercial,6,8.3581,8.428770065307617
01610100433,commercial,6,9.77,9.07205867767334
01610101006,commercial,6,9.8712,8.654609680175781
01610102916,commercial,6,7.9074,8.536520004272461
01610102932,commercial,6,8.2726,8.545003890991211
01610103912,commercial,6,8.8488,8.412586212158203
01610104900,commercial,6,8.3736,8.322748184204102
01610104961,commercial,6,8.3113,8.297080993652344
01610105087,commercial,6,8.2372,8.33021068572998
01610105346,commercial,6,8.6662,8.501834869384766
01610200225,commercial,6,9.8707,8.869913101196289
01610307356,commercial,6,9.089,8.683318138122559
01610307836,commercial,6,8.633,8.722137451171875
01610307844,commercial,6,8.6173,8.647932052612305
01610307852,commercial,6,8.6173,8.647932052612305
01610307860,commercial,6,8.633,8.722137451171875
01610308158,commercial,6,9.1917,8.768487930297852
01610308174,commercial,6,9.1739,8.657851219177246
01610308182,commercial,6,9.1739,8.76119613647461
01610601440,commercial,6,8.5413,8.569246292114258
01610606604,commercial,6,8.8785,8.425971984863281
01610607635,commercial,6,8.4372,8.402485847473145
01610607694,commercial,6,8.301,8.335512161254883
01610608501,commercial,6,8.4659,8.296638488769531
01610611810,commercial,6,8.6603,8.66579818725586
01610612000,commercial,6,8.9561,8.734416961669922
01610612035,commercial,6,9.1506,8.71323013305664
01610700171,commercial,6,9.7842,9.311552047729492
01610900030,commercial,6,9.705,9.235898971557617
01611500079,commercial,6,9.6392,8.736922264099121
01611502586,commercial,6,8.5641,8.549543380737305
01611502640,commercial,6,8.3565,8.549543380737305
01611502713,commercial,6,9.1289,8.928327560424805
01611503401,commercial,6,9.7316,9.371382713317871
01611503701,commercial,6,9.0956,8.277270317077637
01611503711,commercial,6,9.0959,8.274129867553711
01611503728,commercial,6,9.0965,8.303829193115234
01611503736,commercial,6,9.0893,8.277270317077637
01611503744,commercial,6,9.0895,8.273024559020996
01611503752,commercial,6,9.0895,8.273024559020996
01611503760,commercial,6,9.0956,8.277270317077637
01611503779,commercial,6,9.0959,8.274129867553711
01611503787,commercial,6,9.0965,8.303829193115234
01611503795,commercial,6,9.0893,8.277270317077637
01611503809,commercial,6,9.0895,8.273024559020996
01611503817,commercial,6,9.0895,8.273024559020996
01611503825,commercial,6,9.0956,8.277270317077637
01611503833,commercial,6,9.0959,8.274129867553711
01611503841,commercial,6,9.0965,8.303829193115234
01611503868,commercial,6,9.0895,8.273024559020996
01611503876,commercial,6,9.0895,8.273024559020996
01611503884,commercial,6,9.0956,8.277270317077637
01611503892,commercial,6,9.0959,8.274129867553711
01611503906,commercial,6,9.0965,8.303829193115234
01611503914,commercial,6,9.0893,8.277270317077637
01611503922,commercial,6,9.0895,8.273024559020996
01611503930,commercial,6,9.0895,8.273024559020996
01611503949,commercial,6,9.0956,8.277270317077637
01611503965,commercial,6,9.0965,8.303829193115234
01611503973,commercial,6,9.0893,8.277270317077637
01611503991,commercial,6,9.0895,8.273024559020996
01611504007,commercial,6,9.0956,8.277270317077637
01611504015,commercial,6,9.0959,8.274129867553711
01611504023,commercial,6,9.0965,8.303829193115234
01611504031,commercial,6,9.0893,8.277270317077637
01611504058,commercial,6,9.0895,8.273024559020996
01611504066,commercial,6,9.0956,8.277270317077637
01611504074,commercial,6,9.0959,8.274129867553711
01611504082,commercial,6,9.0965,8.303829193115234
01611504090,commercial,6,9.0893,8.277270317077637
01611504104,commercial,6,9.0895,8.273024559020996
01611504112,commercial,6,9.0895,8.273024559020996
01611504120,commercial,6,9.0956,8.277270317077637
01611504139,commercial,6,9.0959,8.274129867553711
01611504147,commercial,6,9.0965,8.303829193115234
01611504163,commercial,6,9.0895,8.273024559020996
01611504171,commercial,6,9.0895,8.273024559020996
01611504181,commercial,6,9.0956,8.277270317077637
01611504198,commercial,6,9.0959,8.274129867553711
01611504201,commercial,6,9.0965,8.303829193115234
01611504211,commercial,6,9.0893,8.277270317077637
01611504244,commercial,6,9.0956,8.277270317077637
01611504260,commercial,6,9.0965,8.303829193115234
01611504287,commercial,6,9.0895,8.273024559020996
01611504295,commercial,6,9.0895,8.273024559020996
01611504309,commercial,6,9.0956,8.277270317077637
01611504317,commercial,6,9.0962,8.274129867553711
01611504325,commercial,6,9.0965,8.303829193115234
01611504333,commercial,6,9.0893,8.277270317077637
01611504341,commercial,6,9.0895,8.273024559020996
01611504351,commercial,6,9.0895,8.273024559020996
01611504368,commercial,6,9.0956,8.277270317077637
01611504376,commercial,6,9.0959,8.274129867553711
01611504384,commercial,6,9.0965,8.303829193115234
01611504392,commercial,6,9.0893,8.277270317077637
01611504406,commercial,6,9.0895,8.273024559020996
01611504414,commercial,6,9.0895,8.273024559020996
01611801060,commercial,6,7.7566,8.495010375976562
01611904919,commercial,6,8.8033,8.306350708007812
01612004326,commercial,6,8.1689,8.275754928588867
01612004466,commercial,6,8.2977,8.29642105102539
01612005561,commercial,6,8.7084,8.413055419921875
01612008542,commercial,6,9.1017,8.608842849731445
01612008550,commercial,6,9.0799,8.657690048217773
01612008577,commercial,6,9.0745,8.65064811706543
01612008607,commercial,6,9.1287,8.978546142578125
01612008615,commercial,6,9.1207,8.750711441040039
01612008623,commercial,6,9.117,8.740917205810547
01612008631,commercial,6,9.1098,8.773200035095215
01612008641,commercial,6,9.1212,8.689033508300781
01612008658,commercial,6,9.1165,8.686478614807129
01612008666,commercial,6,9.1199,8.746487617492676
01612008674,commercial,6,9.1187,8.85501480102539
01612008682,commercial,6,9.1185,8.79935359954834
01612008690,commercial,6,9.1162,8.6826171875
01612008704,commercial,6,9.1199,8.746487617492676
01612008712,commercial,6,9.1187,8.85501480102539
01612008720,commercial,6,9.1185,8.79935359954834
01612008739,commercial,6,9.1162,8.6826171875
01612008747,commercial,6,9.1199,8.746487617492676
01612008755,commercial,6,9.1187,8.85501480102539
01612008763,commercial,6,9.1185,8.79935359954834
01612008771,commercial,6,9.1162,8.6826171875
01612008781,commercial,6,9.1199,8.746487617492676
01612008798,commercial,6,9.1187,8.85501480102539
01612008801,commercial,6,9.1185,8.79935359954834
01612008836,commercial,6,9.1187,8.85501480102539
01612008844,commercial,6,9.1185,8.79935359954834
01612008860,commercial,6,9.1199,8.746487617492676
01612008879,commercial,6,9.1187,8.85501480102539
01612008887,commercial,6,9.1185,8.79935359954834
01612008925,commercial,6,9.1185,8.79935359954834
01612008933,commercial,6,9.1162,8.6826171875
01612008941,commercial,6,9.1199,8.620672225952148
01612008951,commercial,6,9.1098,8.636688232421875
01612008976,commercial,6,9.1201,8.617544174194336
01612008992,commercial,6,9.1124,8.628106117248535
01612009001,commercial,6,9.1088,8.623353958129883
01612009018,commercial,6,9.1099,8.625280380249023
01612009050,commercial,6,9.1201,8.617544174194336
01612009069,commercial,6,9.1143,8.617544174194336
01612009077,commercial,6,9.1028,8.629934310913086
01612009093,commercial,6,9.1098,8.636688232421875
01612009107,commercial,6,9.1143,8.617544174194336
01612009123,commercial,6,9.1117,8.63469123840332
01612009131,commercial,6,9.1124,8.628106117248535
01612009141,commercial,6,9.1088,8.623353958129883
01612009158,commercial,6,9.1099,8.625280380249023
01612009166,commercial,6,9.1079,8.623353958129883
01612009182,commercial,6,9.1117,8.63469123840332
01612009190,commercial,6,9.1201,8.617544174194336
01612009212,commercial,6,9.1028,8.629934310913086
01612009220,commercial,6,9.1199,8.746487617492676
01612009239,commercial,6,9.1187,8.85501480102539
01612009263,commercial,6,9.1199,8.746487617492676
01612009271,commercial,6,9.1187,8.85501480102539
01612009298,commercial,6,9.1162,8.6826171875
01612009311,commercial,6,8.9105,8.684677124023438
01612009336,commercial,6,8.8431,8.654973983764648
01612009344,commercial,6,8.9173,8.69530200958252
01612301665,commercial,6,8.294,8.199054718017578
01612302361,commercial,6,8.4569,8.349812507629395
01614402779,commercial,6,9.0316,8.48543643951416
01614500320,commercial,6,9.8413,8.641460418701172
01614700941,commercial,6,8.5511,8.274713516235352
01614700958,commercial,6,8.5627,8.27632999420166
01614700966,commercial,6,8.5744,8.277519226074219
01614700974,commercial,6,8.5511,8.274713516235352
01614701067,commercial,6,8.3196,8.28302001953125
01614801398,commercial,6,9.7212,9.097888946533203
01615000518,commercial,6,9.3534,8.797171592712402
01615000526,commercial,6,9.567,9.105731010437012
01615002731,commercial,6,8.2506,8.466748237609863
01615003118,commercial,6,8.3046,8.460403442382812
01615004092,commercial,6,8.4957,8.464094161987305
01615004246,commercial,6,8.2506,8.464688301086426
01615004351,commercial,6,8.1268,8.449872016906738
01615004378,commercial,6,8.2506,8.45976448059082
01615500030,commercial,6,9.7212,9.266905784606934
01615500601,commercial,6,9.5896,9.158113479614258
01615800980,commercial,6,8.5072,8.685094833374023
01616204524,commercial,6,8.9792,8.325325965881348
01616300515,commercial,6,9.1628,8.909571647644043
01616302879,commercial,6,8.3774,8.255401611328125
01616303204,commercial,6,8.2665,8.227073669433594
01616402997,commercial,6,8.2824,8.59939193725586
01616403306,commercial,6,8.0266,8.547050476074219
01617000450,commercial,6,9.8918,8.570253372192383
01700600206,commercial,4,8.052,8.470176696777344
01703800028,commercial,0,8.9163,8.778367042541504
01703800044,commercial,0,9.2103,8.809785842895508
01703800591,commercial,0,8.375,8.554712295532227
01704300029,commercial,9,7.418,7.9777445793151855
01704600464,commercial,9,8.5862,8.591876983642578
01704600480,commercial,9,8.5862,8.572734832763672
01704900476,commercial,9,7.78,8.437885284423828
01705700306,commercial,9,8.8457,8.795843124389648
01705700691,commercial,9,7.824,8.6854248046875
01705800211,commercial,9,8.9557,8.292122840881348
01705800661,commercial,9,8.6707,8.371238708496094
01707200483,commercial,9,8.4966,8.526166915893555
01707300445,commercial,9,8.7598,9.01130199432373
01707600422,commercial,0,8.5419,8.242037773132324
01707900231,commercial,9,7.1954,8.37606430053711
01708000054,commercial,9,8.1783,8.670392990112305
01708000161,commercial,9,8.6407,8.47803020477295
01708100091,commercial,9,8.5916,8.593551635742188
01708100164,commercial,9,8.1117,8.378283500671387
01708400257,commercial,0,8.6603,8.092069625854492
01708900772,commercial,9,8.3894,8.62848949432373
01708901183,commercial,9,8.948,8.628752708435059
01709000236,commercial,9,8.1595,8.386467933654785
01709101180,commercial,9,8.6713,8.591123580932617
01709101482,commercial,9,7.9749,8.402505874633789
01709200588,commercial,9,8.1319,8.436988830566406
01709200804,commercial,9,9.4833,8.82451343536377
01709400072,commercial,9,8.5909,8.454625129699707
01709700351,commercial,0,8.6915,8.108909606933594
01709700564,commercial,0,8.0317,8.058736801147461
01800900252,commercial,0,8.6305,8.596339225769043
01800900260,commercial,0,8.7606,8.775043487548828
01801200904,commercial,0,7.8494,8.682877540588379
01801501858,commercial,0,8.5466,8.618102073669434
01801801274,commercial,0,7.5373,8.786397933959961
01802500200,commercial,0,8.7508,8.660562515258789
01802500375,commercial,0,8.1117,8.782903671264648
01803100151,commercial,0,8.6287,8.223336219787598
01803800623,commercial,0,8.1997,8.384319305419922
01804000647,commercial,0,8.4302,8.601466178894043
01804200174,commercial,0,8.372,8.639007568359375
01804608572,commercial,0,6.9421,8.759098052978516
01804609722,commercial,0,7.5617,8.202897071838379
01804800651,commercial,0,7.9576,8.479329109191895
01804806196,commercial,0,7.6699,8.274020195007324
01804807044,commercial,0,7.6009,8.292448997497559
01805600265,commercial,0,8.0064,8.719472885131836
01805800612,commercial,0,9.6158,8.698477745056152
01806100290,commercial,0,8.0725,8.085015296936035
01806500809,commercial,0,7.551,8.362424850463867
01807300668,commercial,0,8.9227,8.422863960266113
01807400107,commercial,0,9.0926,8.632733345031738
01807500020,commercial,0,9.3934,7.971482753753662
01807500039,commercial,0,9.2059,8.005702018737793
01807700321,commercial,0,9.696,8.238384246826172
01807800441,commercial,0,9.2029,8.29575252532959
01809300118,commercial,0,7.8771,8.62033748626709
01902100182,commercial,0,8.3931,8.64413833618164
01903200199,commercial,0,7.6009,8.64599895477295
01903200301,commercial,0,8.0022,8.100800514221191
01904400833,commercial,0,8.1689,8.594568252563477
01904600565,commercial,0,8.1937,8.52244758605957
01905000332,commercial,0,8.5172,8.740397453308105
01905600291,commercial,0,7.9374,8.289332389831543
01905700024,commercial,0,7.7344,8.323636054992676
01905700563,commercial,0,7.9931,8.27225112915039
01906300526,commercial,0,8.2564,8.507155418395996
01906400121,commercial,0,8.0394,8.501443862915039
01906600309,commercial,0,8.6226,8.163847923278809
01906701393,commercial,0,7.7084,8.150535583496094
01906701423,commercial,0,7.7084,8.150535583496094
01907100393,commercial,0,8.207,8.714960098266602
01907100563,commercial,0,7.955,8.203312873840332
01907700161,commercial,0,7.3196,8.755498886108398
01908100559,commercial,0,7.9853,8.698716163635254
01908400201,commercial,0,8.5242,8.736687660217285
01908400226,commercial,0,7.3966,8.309353828430176
01908402172,commercial,0,8.3175,8.882996559143066
01908800569,commercial,0,9.6791,8.80850887298584
01908900253,commercial,0,9.0911,8.774142265319824
01908901446,commercial,0,8.5824,8.553790092468262
01908901454,commercial,0,8.5824,8.553790092468262
01908901675,commercial,0,7.824,8.68657398223877
01908902698,commercial,0,7.9294,8.434011459350586
01908902701,commercial,0,7.9294,8.434011459350586
01909200085,commercial,0,8.0023,8.323678970336914
01909400017,commercial,0,8.6287,8.49927043914795
01909400149,commercial,0,8.2607,8.53160285949707
01909400890,commercial,0,8.8288,8.887406349182129
01909400981,commercial,0,8.6363,8.574034690856934
02000900410,commercial,0,7.4537,8.23489761352539
02001100019,commercial,0,7.7063,8.718420028686523
02001100159,commercial,0,8.2453,8.59607982635498
02001200064,commercial,0,8.5817,8.75145149230957
02003700455,commercial,0,8.5821,8.315211296081543
02004604336,commercial,0,8.3837,8.542959213256836
02004604344,commercial,0,8.3379,8.53594970703125
02004604832,commercial,0,7.7655,8.525898933410645
02004604840,commercial,0,7.7706,8.563837051391602
02004604859,commercial,0,7.7352,8.540631294250488
02004604875,commercial,0,7.9175,8.534344673156738
02004604931,commercial,0,8.0986,8.55007266998291
02004606916,commercial,0,8.2058,8.532697677612305
02004606924,commercial,0,8.3741,8.555586814880371
02004606932,commercial,0,8.1918,8.534344673156738
02005000061,commercial,0,9.3939,8.783510208129883
02005202150,commercial,0,8.6125,8.637943267822266
02005503622,commercial,0,7.5772,8.529287338256836
02005800491,commercial,0,7.3008,8.972349166870117
02005900095,commercial,0,8.2104,8.67834186553955
02005900109,commercial,0,8.4619,8.614481925964355
02006000454,commercial,0,8.1543,8.744407653808594
02006507486,commercial,0,7.5549,8.201150894165039
02006607871,commercial,0,7.9706,8.114289283752441
02006900404,commercial,0,9.6994,8.821093559265137
02006900463,commercial,0,9.4512,8.82229232788086
02006905503,commercial,0,8.0427,8.260615348815918
02006905971,commercial,0,7.3822,8.25462532043457
02006906313,commercial,0,8.0362,8.254434585571289
02007200368,commercial,0,8.9002,8.888249397277832
02007305364,commercial,0,7.8116,8.231468200683594
02007305402,commercial,0,8.5048,8.231468200683594
02007503468,commercial,0,8.207,8.219586372375488
02008011828,commercial,0,8.3194,8.210957527160645
02008012840,commercial,0,7.6843,8.220460891723633
02008013464,commercial,0,8.4352,8.250731468200684
02008904581,commercial,0,8.5172,8.357255935668945
02008904628,commercial,0,8.3473,8.386758804321289
02009106253,commercial,0,8.5881,8.555595397949219
02009106474,commercial,0,8.6103,8.578577995300293
02009106628,commercial,0,8.4005,8.603062629699707
02100401440,commercial,0,9.0034,9.012250900268555
02100600966,commercial,0,8.3837,8.349466323852539
02100601504,commercial,0,7.5877,8.534269332885742
02100601512,commercial,0,7.6417,8.536020278930664
02100601520,commercial,0,7.6127,8.523752212524414
02100601903,commercial,0,8.8414,8.90669059753418
02100700049,commercial,0,8.207,8.478469848632812
02100711113,commercial,0,8.3184,8.526724815368652
02100712071,commercial,0,8.4274,8.535876274108887
02100712888,commercial,0,8.6252,8.602542877197266
02100713019,commercial,0,8.7925,8.646038055419922
02100713027,commercial,0,8.7095,8.601401329040527
02100713442,commercial,0,8.3042,8.602542877197266
02101001543,commercial,0,8.4132,8.45997428894043
02101001551,commercial,0,8.4051,8.45997428894043
02101001561,commercial,0,8.4295,8.456218719482422
02101001578,commercial,0,8.4295,8.456218719482422
02101001586,commercial,0,8.4051,8.45997428894043
02101600013,commercial,0,8.276,8.818975448608398
02101605112,commercial,0,7.7137,8.244586944580078
02101605155,commercial,0,7.7137,8.176701545715332
02101900262,commercial,0,8.6651,8.669097900390625
02102203352,commercial,0,7.8312,8.275957107543945
02102206211,commercial,0,8.5702,8.575878143310547
02102206221,commercial,0,8.6769,8.568985939025879
02102206671,commercial,0,8.5489,8.555868148803711
02102206955,commercial,0,8.7898,8.498250961303711
02102207031,commercial,0,8.635,8.476811408996582
02102207031,commercial,0,8.4047,8.476811408996582
02102207390,commercial,0,8.6328,8.505096435546875
02102207412,commercial,0,8.7097,8.562215805053711
02102207420,commercial,0,8.758,8.512670516967773
02102207455,commercial,0,8.5981,8.46228313446045
02102207471,commercial,0,8.5872,8.47745418548584
02102207481,commercial,0,8.5981,8.46228313446045
02102501272,commercial,0,8.5054,8.474187850952148
02102601714,commercial,0,8.0417,8.592108726501465
02102902110,commercial,0,8.0478,8.767666816711426
02103406419,commercial,0,8.2923,8.18972110748291
02103406435,commercial,0,8.2923,8.18972110748291
02103406559,commercial,0,8.3994,8.189873695373535
02103409051,commercial,0,7.8921,8.513544082641602
02103409140,commercial,0,8.0866,8.498156547546387
02103409817,commercial,0,8.3559,8.486878395080566
02103409825,commercial,0,8.3559,8.475539207458496
02103504399,commercial,0,9.3102,9.076397895812988
02103505247,commercial,0,7.9866,8.424198150634766
02103600134,commercial,0,8.9666,8.793962478637695
02104102057,commercial,0,8.2504,8.319587707519531
02104200733,commercial,0,7.8793,8.870713233947754
02104303060,commercial,0,8.7443,9.135234832763672
02105504426,commercial,0,8.0652,8.377833366394043
02107300021,commercial,0,9.8991,9.049857139587402
02107301433,commercial,0,8.6653,8.598261833190918
02107301441,commercial,0,8.75,8.585241317749023
02107400131,commercial,0,9.115,8.749917984008789
02108506942,commercial,0,8.3075,8.545404434204102
02111400017,commercial,0,7.2917,8.56525993347168
02111400025,commercial,0,7.3055,8.57568359375
02111400033,commercial,0,7.3055,8.57568359375
02111400041,commercial,0,7.2917,8.56525993347168
02111400051,commercial,0,7.2917,8.56525993347168
02111400076,commercial,0,7.3055,8.57568359375
02111400092,commercial,0,7.2917,8.56525993347168
02111400106,commercial,0,7.3055,8.57568359375
02111400114,commercial,0,7.3055,8.57568359375
02111400122,commercial,0,7.2917,8.56525993347168
02111400130,commercial,0,7.2917,8.56525993347168
02111400157,commercial,0,7.3055,8.57568359375
02111400165,commercial,0,7.2917,8.56525993347168
02111400181,commercial,0,7.3055,8.57568359375
02111400191,commercial,0,7.3055,8.57568359375
02111400203,commercial,0,7.2917,8.56525993347168
02111400221,commercial,0,7.3055,8.57568359375
02111400238,commercial,0,7.3055,8.57568359375
02111400246,commercial,0,7.2917,8.56525993347168
02111400254,commercial,0,7.2917,8.56525993347168
02111400289,commercial,0,7.2917,8.56525993347168
02111400297,commercial,0,7.2917,8.56525993347168
02111400327,commercial,0,7.2917,8.56525993347168
02111400335,commercial,0,7.2917,8.56525993347168
02111400343,commercial,0,7.3055,8.57568359375
02111400351,commercial,0,7.3055,8.57568359375
02111400361,commercial,0,7.2917,8.56525993347168
02111400378,commercial,0,7.2917,8.56525993347168
02111400386,commercial,0,7.3055,8.57568359375
02111400394,commercial,0,7.3055,8.57568359375
02111400416,commercial,0,7.2917,8.56525993347168
02111400424,commercial,0,7.3055,8.57568359375
02111400432,commercial,0,7.3055,8.57568359375
02111400440,commercial,0,7.2917,8.56525993347168
02111400459,commercial,0,7.2917,8.56525993347168
02111400467,commercial,0,7.3055,8.57568359375
02111400475,commercial,0,7.3055,8.57568359375
02111400491,commercial,0,7.2917,8.56525993347168
02111400505,commercial,0,7.3055,8.57568359375
02111400513,commercial,0,7.3055,8.57568359375
02111400521,commercial,0,7.2917,8.56525993347168
02111400531,commercial,0,7.2917,8.56525993347168
02111400556,commercial,0,7.3055,8.57568359375
02111400564,commercial,0,7.2917,8.56525993347168
02111400572,commercial,0,7.2917,8.56525993347168
02111400599,commercial,0,7.3055,8.57568359375
02111400602,commercial,0,7.2917,8.56525993347168
02111400610,commercial,0,7.2917,8.56525993347168
02111400637,commercial,0,7.3055,8.57568359375
02111400645,commercial,0,7.2917,8.56525993347168
02111400653,commercial,0,7.2917,8.56525993347168
02111400661,commercial,0,7.3055,8.57568359375
02111400671,commercial,0,7.3055,8.57568359375
02111400688,commercial,0,7.2917,8.56525993347168
02111400696,commercial,0,7.2917,8.56525993347168
02111400701,commercial,0,7.3055,8.57568359375
02111400726,commercial,0,7.2917,8.56525993347168
02111400742,commercial,0,7.3055,8.57568359375
02111400750,commercial,0,7.3055,8.57568359375
02111400777,commercial,0,7.2917,8.56525993347168
02111400793,commercial,0,7.3055,8.57568359375
02111400807,commercial,0,7.2917,8.56525993347168
02111400815,commercial,0,7.2917,8.56525993347168
02111400823,commercial,0,7.3055,8.57568359375
02111400831,commercial,0,7.3055,8.57568359375
02111400841,commercial,0,7.2917,8.56525993347168
02111400874,commercial,0,7.3055,8.57568359375
02111400882,commercial,0,7.2917,8.56525993347168
02111400890,commercial,0,7.2917,8.56525993347168
02111400904,commercial,0,7.3055,8.57568359375
02111400912,commercial,0,7.3055,8.57568359375
02111400920,commercial,0,7.2917,8.56525993347168
02111400939,commercial,0,7.2917,8.56525993347168
02111400947,commercial,0,7.3055,8.57568359375
02111400955,commercial,0,7.3055,8.57568359375
02111400963,commercial,0,7.2917,8.56525993347168
02200614934,commercial,0,8.2118,8.531628608703613
02200615450,commercial,0,8.6831,8.529675483703613
02200615531,commercial,0,8.6082,8.5035400390625
02200617240,commercial,0,8.7829,8.507454872131348
02200617275,commercial,0,8.8185,8.50833797454834
02200617569,commercial,0,8.5696,8.503192901611328
02200617941,commercial,0,8.1689,8.504291534423828
02200618263,commercial,0,8.6277,8.498331069946289
02200618621,commercial,0,8.7721,8.504316329956055
02200618816,commercial,0,7.0777,8.544109344482422
02200619235,commercial,0,8.4137,8.544516563415527
02200619243,commercial,0,8.5291,8.501900672912598
02200619261,commercial,0,8.5285,8.507777214050293
02200619278,commercial,0,8.5285,8.507777214050293
02200619286,commercial,0,8.5176,8.504651069641113
02200619294,commercial,0,8.5285,8.507777214050293
02200619308,commercial,0,8.5026,8.577701568603516
02200619812,commercial,0,8.4085,8.50277328491211
02203001577,commercial,0,9.0768,8.807559967041016
02203200804,commercial,0,9.6474,8.758535385131836
02203200812,commercial,0,9.0494,8.831003189086914
02203200820,commercial,0,9.5408,8.841849327087402
02203301236,commercial,0,8.5172,8.438109397888184
02203301600,commercial,0,8.5504,8.435445785522461
02203301619,commercial,0,8.5507,8.435445785522461
02203301627,commercial,0,8.5507,8.435445785522461
02203302275,commercial,0,8.6416,8.426764488220215
02203400072,commercial,0,8.0929,8.89107608795166
02203601752,commercial,0,8.0387,8.357486724853516
02205401254,commercial,0,8.1342,8.447142601013184
02205401254,commercial,0,8.5601,8.447142601013184
02205401297,commercial,0,8.7308,8.446069717407227
02205401785,commercial,0,8.4039,8.447890281677246
02205402110,commercial,0,7.7652,8.439698219299316
02205808389,commercial,0,8.8074,8.503071784973145
02205907166,commercial,0,8.371,8.52492618560791
02206005549,commercial,0,9.7173,8.879510879516602
02206005565,commercial,0,9.3427,8.905193328857422
02206601648,commercial,0,8.2808,8.137185096740723
02206601915,commercial,0,8.4209,8.133027076721191
02206601923,commercial,0,8.3523,8.123115539550781
02206700077,commercial,0,9.3485,8.777117729187012
02208500441,commercial,7,7.9959,8.24078369140625
02208500458,commercial,7,7.9959,8.24078369140625
02208500806,commercial,7,7.8178,8.203285217285156
02208500849,commercial,7,8.4311,8.205744743347168
02300200181,commercial,7,7.3157,8.447772979736328
02300200457,commercial,7,8.2871,8.781656265258789
02301202811,commercial,7,7.5667,8.581300735473633
02301203204,commercial,7,8.1117,8.271507263183594
02301203433,commercial,7,7.7569,8.275896072387695
02301601420,commercial,7,7.8623,8.242137908935547
02301601447,commercial,7,7.9205,8.21847915649414
02301601668,commercial,7,7.8623,8.233509063720703
02301602443,commercial,7,7.9111,8.240511894226074
02301602461,commercial,7,7.9111,8.240511894226074
02301700951,commercial,7,6.959,8.30308723449707
02301700984,commercial,7,6.959,8.30308723449707
02301701001,commercial,7,6.959,8.30308723449707
02301701034,commercial,7,6.959,8.30308723449707
02301701042,commercial,7,6.959,8.30308723449707
02301701050,commercial,7,6.959,8.30308723449707
02301701107,commercial,7,6.959,8.30308723449707
02301701115,commercial,7,6.959,8.30308723449707
02301701174,commercial,7,8.2118,8.281658172607422
02301701239,commercial,7,6.959,8.30308723449707
02301701247,commercial,7,6.959,8.30308723449707
02302502302,commercial,7,8.0562,8.45236587524414
02302800028,commercial,7,8.4821,8.403985977172852
02302903560,commercial,7,8.9159,8.534686088562012
02302903595,commercial,7,8.1989,8.518905639648438
02302903609,commercial,7,8.2058,8.518905639648438
02302904291,commercial,7,8.0875,8.540018081665039
02302904303,commercial,7,8.1994,8.506369590759277
02303100100,commercial,7,8.7986,8.806961059570312
02303101281,commercial,7,7.9846,8.50877571105957
02303701910,commercial,7,9.9443,8.587081909179688
02303901138,commercial,7,8.2596,8.620319366455078
02303902541,commercial,7,7.9111,8.348699569702148
02304200771,commercial,7,9.118,8.830676078796387
02310000094,commercial,7,8.9227,8.723052978515625
02310000388,commercial,7,8.9326,8.666707038879395
02400200297,commercial,7,8.6995,8.477011680603027
02400700060,commercial,7,8.8258,8.835673332214355
02401300775,commercial,7,8.6738,8.684907913208008
02403200409,commercial,7,7.7533,8.495521545410156
02404800132,commercial,7,8.4713,8.818656921386719
02404800140,commercial,7,8.7374,8.94357681274414
02404800140,commercial,7,8.1117,8.94357681274414
02500200981,commercial,9,9.2103,8.541210174560547
02500300544,commercial,9,9.1679,8.532613754272461
02500300765,commercial,9,8.2738,8.843032836914062
02500300821,commercial,9,8.6386,8.57435131072998
02500300862,commercial,9,9.0562,8.980147361755371
02500401901,commercial,9,8.4684,8.497802734375
02500500152,commercial,9,8.363,8.33627986907959
02500500705,commercial,9,9.2245,8.434410095214844
02500500853,commercial,9,8.3037,8.59140396118164
02500900282,commercial,9,8.6424,8.972909927368164
02500900304,commercial,9,8.6507,9.000749588012695
02501400501,commercial,9,8.8041,8.482845306396484
02501500679,commercial,9,7.8141,8.367350578308105
02501500733,commercial,9,9.596,8.568595886230469
02501500741,commercial,9,9.4137,8.577333450317383
02501800362,commercial,9,8.4974,8.406696319580078
02501900073,commercial,9,8.3538,8.377157211303711
02501900367,commercial,9,8.7386,9.051969528198242
02502700027,commercial,9,8.7403,8.184844017028809
02503000517,commercial,9,9.1511,8.765432357788086
02503000525,commercial,9,9.1511,8.76167106628418
02503000568,commercial,9,8.558,8.691438674926758
02503300049,commercial,9,9.3157,8.733659744262695
02503400221,commercial,9,9.9443,8.844985961914062
02503500331,commercial,9,7.9374,8.600135803222656
02503600662,commercial,9,9.567,8.76970100402832
02503600743,commercial,9,8.7403,8.749248504638672
02503901239,commercial,9,9.7074,8.852487564086914
02504000650,commercial,9,8.9459,8.334393501281738
02504000766,commercial,9,8.6658,8.800882339477539
02504701640,commercial,9,8.8025,8.369365692138672
02504800177,commercial,9,8.4721,8.644671440124512
02504800428,commercial,9,8.3401,8.624201774597168
02505300178,commercial,9,8.3241,8.755120277404785
02505300259,commercial,9,8.1975,8.830833435058594
02505300267,commercial,9,8.0776,8.93138313293457
02505300275,commercial,9,7.4186,8.321085929870605
02505400441,commercial,9,7.6615,8.286683082580566
02505500215,commercial,9,7.2934,8.55910873413086
02505500258,commercial,9,8.84,8.639511108398438
02505500460,commercial,9,7.6839,8.239633560180664
02505500614,commercial,9,7.3385,8.24553108215332
02505603030,commercial,9,8.2324,8.621524810791016
02505702871,commercial,9,8.4527,8.188606262207031
02506800816,commercial,9,7.4816,8.628847122192383
02507200324,commercial,0,9.1202,8.309606552124023
02507200332,commercial,0,9.2829,8.36445426940918
02507300833,commercial,0,7.6556,7.957873821258545
02507600373,commercial,0,9.8772,8.544135093688965
02508200311,commercial,9,7.8812,8.664571762084961
02600100164,commercial,9,9.8212,8.869500160217285
02600200398,commercial,9,7.8721,8.301708221435547
02600600019,commercial,9,8.948,8.470027923583984
02600700056,commercial,9,9.7493,8.722102165222168
02601300477,commercial,9,8.5942,8.415453910827637
02602000256,commercial,9,9.028,8.78365707397461
02602200727,commercial,9,8.1043,8.137956619262695
02602401358,commercial,9,8.7179,8.577329635620117
02603000713,commercial,9,7.8812,8.183866500854492
02604500094,commercial,9,8.2711,8.666336059570312
02605301036,commercial,9,8.0961,8.443222999572754
02606600096,commercial,9,8.3822,8.542953491210938
02606600101,commercial,9,8.3554,8.535528182983398
02607400491,commercial,9,8.2884,8.40750789642334
02607500095,commercial,9,7.8409,8.43332290649414
02700203178,commercial,9,7.861,8.77834415435791
02700203186,commercial,9,8.0325,8.886167526245117
02700301536,commercial,9,7.7517,8.715461730957031
02700301641,commercial,9,8.3406,8.913942337036133
02700701291,commercial,9,8.3349,8.665779113769531
02702900331,commercial,9,8.6102,8.809613227844238
02704400466,commercial,9,8.558,8.580841064453125
02706203269,commercial,9,7.9406,8.216973304748535
02706203315,commercial,9,8.1787,8.235671997070312
02706203471,commercial,9,8.3075,8.231760025024414
02706203641,commercial,9,8.1807,8.243717193603516
02706203781,commercial,9,8.1807,8.241448402404785
02706203791,commercial,9,8.406,8.232307434082031
02706203846,commercial,9,8.0987,8.236526489257812
02706203862,commercial,9,8.3349,8.237934112548828
02706203889,commercial,9,8.3015,8.253595352172852
02706204141,commercial,9,8.421,8.240540504455566
02706204184,commercial,9,8.3321,8.241338729858398
02706204214,commercial,9,8.3453,8.229408264160156
02706205164,commercial,9,8.0897,8.218454360961914
02706205423,commercial,9,8.2346,8.254018783569336
02706205423,commercial,9,8.243,8.254018783569336
02706205431,commercial,9,8.0169,8.206400871276855
02706205431,commercial,9,8.11,8.206400871276855
02706205441,commercial,9,8.1729,8.211016654968262
02706205490,commercial,9,8.1516,8.241643905639648
02706205792,commercial,9,8.4952,8.216923713684082
02708700200,commercial,9,8.8049,8.764032363891602
02708700219,commercial,9,8.1117,8.46252155303955
02801401498,commercial,9,8.3687,8.292397499084473
02801401498,commercial,9,8.5389,8.292397499084473
02802302329,commercial,9,8.6797,8.51855754852295
02802302566,commercial,9,8.8217,8.178243637084961
02802900870,commercial,9,8.2788,7.993498802185059
02802901001,commercial,9,8.4521,7.963759422302246
02802901052,commercial,9,8.6534,7.963759422302246
02802901346,commercial,9,8.4521,8.011282920837402
02803100215,commercial,9,8.6995,8.373969078063965
02803300788,commercial,9,8.6735,8.370609283447266
02803714388,commercial,9,7.6793,8.384049415588379
02803714396,commercial,9,7.6952,8.384049415588379
02803714485,commercial,9,8.0119,8.404804229736328
02803714981,commercial,9,8.4302,8.383064270019531
02803715198,commercial,9,8.0632,8.385847091674805
02803715813,commercial,9,8.4415,8.383064270019531
02804500292,commercial,9,8.6797,8.268547058105469
02903200246,commercial,9,7.9633,8.465770721435547
02903400148,commercial,9,8.8509,8.645143508911133
02904402276,commercial,9,8.7432,8.393648147583008
02904402314,commercial,9,8.7469,8.418943405151367
02904402357,commercial,9,8.7949,8.40998649597168
02904402365,commercial,9,8.8311,8.42247486114502
02904402381,commercial,9,8.721,8.417350769042969
02904402391,commercial,9,8.7231,8.39950180053711
02904901094,commercial,9,8.4342,8.738272666931152
02904901191,commercial,9,8.1092,8.44906997680664
02904901205,commercial,9,8.0493,8.415189743041992
02904901213,commercial,9,7.3128,8.030424118041992
02904901221,commercial,9,8.0603,8.50633716583252
02904901248,commercial,9,7.8462,8.383110046386719
02904901256,commercial,9,7.8644,8.397743225097656
02905100761,commercial,9,8.379,8.353836059570312
02905100771,commercial,9,8.3994,8.349693298339844
02905101067,commercial,9,7.8926,8.353836059570312
02905101067,commercial,9,8.4244,8.371589660644531
02905101075,commercial,9,8.4378,8.363325119018555
02905101075,commercial,9,7.8766,8.349693298339844
02905101083,commercial,9,8.4099,8.412351608276367
02905101083,commercial,9,7.9944,8.395365715026855
02905101091,commercial,9,8.4099,8.412351608276367
02905101105,commercial,9,7.8766,8.349693298339844
02905101113,commercial,9,7.8926,8.353836059570312
02905101199,commercial,9,8.4065,8.360097885131836
02905400080,commercial,9,8.0684,8.068232536315918
02906000248,commercial,9,7.9721,8.141860961914062
02906100242,commercial,9,8.201,8.366731643676758
02906702196,commercial,9,8.3323,8.333351135253906
02906702285,commercial,9,7.9576,8.326796531677246
02906702382,commercial,9,8.2771,8.302356719970703
02907600011,commercial,9,8.6226,8.699800491333008
02909500039,commercial,9,8.8136,8.210186958312988
02909500268,commercial,9,8.4668,8.378055572509766
02909600130,commercial,9,7.5209,8.162137985229492
03000700773,commercial,9,7.2502,8.075143814086914
03000700927,commercial,9,8.4423,8.014986038208008
03000700935,commercial,9,8.4423,8.015008926391602
03000701435,commercial,9,8.0002,8.080465316772461
03000701443,commercial,9,7.9717,8.08391284942627
03000701451,commercial,9,7.9717,8.08391284942627
03000701478,commercial,9,8.0648,8.062625885009766
03000701486,commercial,9,7.9717,8.08391284942627
03001800046,commercial,9,8.6638,8.372438430786133
03003802641,commercial,9,8.7872,8.206478118896484
03003900625,commercial,9,9.1764,8.274106979370117
03003900722,commercial,9,9.0067,8.507261276245117
03003901060,commercial,9,9.2363,8.50250244140625
03003901516,commercial,9,9.1922,8.495874404907227
03003902687,commercial,9,9.0693,8.494514465332031
03003902695,commercial,9,9.0693,8.494514465332031
03003902709,commercial,9,9.018,8.48114013671875
03003902873,commercial,9,9.3223,8.469318389892578
03003902881,commercial,9,9.3223,8.469318389892578
03003902903,commercial,9,9.3223,8.469318389892578
03005500039,commercial,9,9.1587,8.500957489013672
03005500624,commercial,9,9.1642,8.619793891906738
03005701794,commercial,9,8.6648,8.499271392822266
03005702014,commercial,9,9.0465,8.493396759033203
03005702170,commercial,9,8.7871,8.491188049316406
03005702278,commercial,9,8.5947,8.522719383239746
03005702294,commercial,9,8.5309,8.516866683959961
03005702308,commercial,9,8.5764,8.49145793914795
03005702316,commercial,9,8.5764,8.49145793914795
03005702545,commercial,9,8.9056,8.491188049316406
03005702650,commercial,9,9.1632,8.518835067749023
03005702911,commercial,9,8.6603,8.500572204589844
03005703071,commercial,9,9.1757,8.490913391113281
03005703381,commercial,9,8.7843,8.480594635009766
03005703622,commercial,9,8.6331,8.436147689819336
03005703649,commercial,9,9.04,8.452974319458008
03005703721,commercial,9,8.8315,8.468528747558594
03005703800,commercial,9,8.7963,8.436147689819336
03005703819,commercial,9,9.1642,8.45795726776123
03006000927,commercial,9,8.2048,7.89214563369751
03006000935,commercial,9,8.1689,7.891995429992676
03006001206,commercial,9,8.1468,8.040042877197266
03007100542,commercial,9,9.4954,8.342905044555664
03007100542,commercial,9,8.9155,8.319415092468262
03007300924,commercial,9,8.4353,8.240018844604492
03007301726,commercial,9,8.532,8.037269592285156
03007301807,commercial,9,8.548,8.052129745483398
03007302838,commercial,9,8.0653,8.061689376831055
03007400775,commercial,9,8.5288,8.254654884338379
03007400910,commercial,9,8.4065,8.272223472595215
03007401178,commercial,9,8.3669,8.258390426635742
03007401178,commercial,9,8.6376,8.26223373413086
03007401186,commercial,9,8.9532,8.26223373413086
03007401275,commercial,9,8.8818,8.260238647460938
03007401445,commercial,9,8.5862,8.261761665344238
03007401534,commercial,9,8.3113,8.25961971282959
03007401569,commercial,9,8.6211,8.265827178955078
03007401577,commercial,9,8.5976,8.25990104675293
03007401887,commercial,9,8.8364,8.272223472595215
03007401909,commercial,9,8.8128,8.268033981323242
03007401917,commercial,9,8.8364,8.272223472595215
03008400205,commercial,9,8.9822,8.210283279418945
03008602304,commercial,9,8.6242,8.154253005981445
03008602495,commercial,9,8.6365,8.164616584777832
03008602770,commercial,9,8.6125,8.164616584777832
03009401280,commercial,9,8.0822,8.499629974365234
03010302339,commercial,9,7.8841,8.04748821258545
03010302347,commercial,9,8.294,8.046871185302734
03010302355,commercial,9,8.294,8.046871185302734
03010302371,commercial,9,8.0682,8.028999328613281
03010302541,commercial,9,8.4482,8.048728942871094
03010302541,commercial,9,8.9446,8.046079635620117
03010302551,commercial,9,8.9446,8.046079635620117
03010303327,commercial,9,8.5989,8.032549858093262
03010509812,commercial,9,8.5413,8.26919174194336
03010510233,commercial,9,8.2048,8.2606782913208
03010510241,commercial,9,8.4219,8.305181503295898
03010510780,commercial,9,8.9388,8.272079467773438
03011000141,commercial,9,9.028,8.31875228881836
03014200751,commercial,9,8.4254,7.888258457183838
03014200840,commercial,9,7.4699,7.978702545166016
03100407954,commercial,9,7.634,8.591139793395996
03101000335,commercial,9,8.1372,8.429553031921387
03101204321,commercial,9,8.1684,8.450288772583008
03101204331,commercial,9,8.1684,8.450288772583008
03101204348,commercial,9,8.1684,8.450288772583008
03101204356,commercial,9,8.1684,8.450288772583008
03101204364,commercial,9,8.1684,8.450288772583008
03101204372,commercial,9,8.1684,8.450288772583008
03101204380,commercial,9,8.1666,8.450666427612305
03101204399,commercial,9,8.167,8.453561782836914
03101204402,commercial,9,8.1636,8.450786590576172
03101204410,commercial,9,8.1717,8.4507417678833
03101204429,commercial,9,8.1745,8.442840576171875
03101204437,commercial,9,8.1741,8.45292854309082
03101204445,commercial,9,8.1741,8.45292854309082
03101204461,commercial,9,8.1741,8.45292854309082
03101204496,commercial,9,8.1741,8.45292854309082
03101204501,commercial,9,8.1741,8.45292854309082
03101204518,commercial,9,8.1741,8.45292854309082
03101204526,commercial,9,8.1741,8.45292854309082
03101204542,commercial,9,8.1741,8.45292854309082
03101204550,commercial,9,8.1741,8.45292854309082
03101204569,commercial,9,8.1756,8.442960739135742
03101401127,commercial,9,7.7187,8.367563247680664
03103400918,commercial,9,8.7882,8.49693489074707
03103900562,commercial,9,7.9494,8.378847122192383
03104100063,commercial,9,8.6995,8.644822120666504
03104300488,commercial,9,8.7403,8.675527572631836
03104301069,commercial,9,7.0329,8.068846702575684
03107400394,commercial,9,8.6226,8.249576568603516
03108500066,commercial,9,7.3731,8.17494010925293
03109501260,commercial,9,7.8859,8.29697036743164
03110300788,commercial,9,8.614,8.643566131591797
03202001922,commercial,9,7.3993,8.490964889526367
03202001922,commercial,9,8.2466,8.490964889526367
03202002244,commercial,9,8.6785,8.428139686584473
03202002252,commercial,9,8.6627,8.417287826538086
03202002295,commercial,9,8.566,8.428934097290039
03202003453,commercial,9,8.4741,8.420574188232422
03202003836,commercial,9,8.0963,8.420574188232422
03202003844,commercial,9,8.101,8.428934097290039
03202003852,commercial,9,8.0963,8.420574188232422
03202003860,commercial,9,8.0989,8.420574188232422
03202003879,commercial,9,8.0989,8.420574188232422
03202003887,commercial,9,8.0963,8.420574188232422
03202003895,commercial,9,8.101,8.428934097290039
03202003909,commercial,9,8.0963,8.420574188232422
03202004212,commercial,9,8.8571,8.419657707214355
03202900463,commercial,9,8.3973,8.262418746948242
03203602164,commercial,9,8.2092,8.190185546875
03203602199,commercial,9,8.4024,8.196430206298828
03203602202,commercial,9,8.4804,8.193073272705078
03203602717,commercial,9,8.1894,8.196207046508789
03204502686,commercial,9,7.5921,8.076990127563477
03204502716,commercial,9,7.9576,8.088876724243164
03205600304,commercial,9,8.0094,8.260601043701172
03206200245,commercial,9,8.6995,8.119487762451172
03212600144,commercial,9,8.4727,8.245283126831055
03300506913,commercial,0,8.7187,9.024171829223633
03300602378,commercial,0,8.2048,8.788651466369629
03300602386,commercial,0,8.2048,8.788651466369629
03300602580,commercial,0,8.5862,8.787094116210938
03300602637,commercial,0,8.6216,8.790390968322754
03300602998,commercial,0,8.6398,8.795440673828125
03300603021,commercial,0,8.442,8.773417472839355
03300603749,commercial,0,8.5834,8.76999282836914
03300604109,commercial,0,8.2971,8.792474746704102
03300604117,commercial,0,8.3606,8.798287391662598
03301000347,commercial,0,8.0943,8.750837326049805
03301201377,commercial,0,7.8966,8.170977592468262
03301204015,commercial,0,8.1509,8.476006507873535
03301307973,commercial,0,8.6754,8.625164985656738
03301308244,commercial,0,8.8845,8.560046195983887
03301411096,commercial,0,8.2422,8.641615867614746
03301411118,commercial,0,8.2422,8.677563667297363
03301601421,commercial,0,8.5068,8.569384574890137
03301603009,commercial,0,8.4875,8.638954162597656
03302302576,commercial,0,7.8706,8.489776611328125
03302304234,commercial,0,8.7731,8.522990226745605
03302400373,commercial,0,6.9833,8.193108558654785
03304000402,commercial,0,8.1028,8.25391674041748
03305003146,commercial,0,8.0494,8.045151710510254
03305100818,commercial,0,8.8537,8.523124694824219
03305101334,commercial,0,8.9568,8.986282348632812
03306800945,commercial,0,7.2012,8.228460311889648
03307500651,commercial,0,9.2793,8.484526634216309
03400600784,commercial,9,8.1765,8.059218406677246
03402400111,commercial,0,8.9872,8.518147468566895
03402400571,commercial,0,9.411,8.548157691955566
03402800489,commercial,9,8.1572,8.48884391784668
03404002962,commercial,1,8.1543,8.036397933959961
03406101208,commercial,1,7.2755,8.453195571899414
03406400663,commercial,1,7.5617,8.231149673461914
03406400868,commercial,1,8.5172,8.256896018981934
03500200702,commercial,9,8.9992,8.078971862792969
03500900178,commercial,9,9.2651,8.606491088867188
03500900534,commercial,9,7.7235,8.30154800415039
03502902224,commercial,9,7.7872,8.608054161071777
03508600092,commercial,9,8.0979,7.946266174316406
03508800091,commercial,9,7.507,8.222347259521484
03510300130,commercial,9,7.8886,8.384099960327148
03600101862,commercial,0,8.879,8.6051025390625
03600102168,commercial,0,8.4631,8.525476455688477
03600105337,commercial,0,8.2872,9.089754104614258
03600105345,commercial,0,8.2872,9.089754104614258
03600105353,commercial,0,8.2872,9.089754104614258
03600105361,commercial,0,8.2872,9.089754104614258
03600105388,commercial,0,8.2872,9.089754104614258
03600105426,commercial,0,8.2872,9.089754104614258
03600105434,commercial,0,8.2872,9.089754104614258
03600105442,commercial,0,8.2872,9.089754104614258
03600105450,commercial,0,8.2879,9.22330093383789
03600105477,commercial,0,8.2879,9.22330093383789
03600105485,commercial,0,8.2879,9.22330093383789
03600202243,commercial,0,8.7403,8.791417121887207
03600202367,commercial,0,8.7156,8.726572036743164
03600203274,commercial,0,8.3075,8.798529624938965
03600313975,commercial,0,8.5929,8.288247108459473
03600313983,commercial,0,8.2912,8.24838638305664
03600313991,commercial,0,8.2912,8.24838638305664
03600321811,commercial,0,8.1834,8.525053024291992
03600321821,commercial,0,7.9111,8.521149635314941
03600324012,commercial,0,8.1605,8.537894248962402
03600405391,commercial,0,8.3649,8.445048332214355
03600805118,commercial,0,8.276,8.42559814453125
03600805126,commercial,0,8.276,8.42559814453125
03600805134,commercial,0,8.4276,8.403569221496582
03600806203,commercial,0,8.305,8.42145824432373
03600806351,commercial,0,8.3752,8.42145824432373
03600900943,commercial,0,8.0472,8.325939178466797
03601003880,commercial,0,9.0894,8.564186096191406
03601304899,commercial,0,9.2596,8.735321998596191
03601407485,commercial,0,8.6061,8.639472961425781
03601407493,commercial,0,8.6061,8.639472961425781
03601500221,commercial,0,9.7783,8.838409423828125
03601500231,commercial,0,9.6618,8.866121292114258
03601500248,commercial,0,9.7871,8.865823745727539
03601503549,commercial,0,8.4925,8.261362075805664
03601600072,commercial,0,9.0376,9.03349494934082
03601601801,commercial,0,8.3198,8.343305587768555
03601602601,commercial,0,8.723,8.400216102600098
03601602989,commercial,0,8.5851,8.412094116210938
03601602997,commercial,0,8.5851,8.412094116210938
03601603004,commercial,0,8.5851,8.412094116210938
03601603012,commercial,0,8.5851,8.412094116210938
03601603020,commercial,0,8.5851,8.412094116210938
03601903237,commercial,0,8.4268,8.30081558227539
03601904195,commercial,0,9.476,8.666152000427246
03601904330,commercial,0,8.7169,8.674635887145996
03602200991,commercial,0,8.6472,8.582862854003906
03602300099,commercial,0,9.6367,8.995007514953613
03602300129,commercial,0,9.2341,9.22334098815918
03602301346,commercial,0,8.6112,8.57849407196045
03602301354,commercial,0,8.6254,8.580411911010742
03602301648,commercial,0,7.9576,8.603798866271973
03602705234,commercial,0,8.7883,8.36880874633789
03602801101,commercial,0,8.372,8.317517280578613
03603002547,commercial,0,9.8365,8.607341766357422
03603101642,commercial,0,7.7063,8.752167701721191
03603911113,commercial,0,8.2048,8.523929595947266
03603911229,commercial,0,8.5656,8.537927627563477
03603911245,commercial,0,8.5692,8.528022766113281
03603911601,commercial,0,8.5705,8.531885147094727
03604101141,commercial,0,8.538,8.190489768981934
03604101174,commercial,0,8.6337,8.207058906555176
03604101182,commercial,0,8.6135,8.192806243896484
03604101190,commercial,0,8.6135,8.20930290222168
03604101247,commercial,0,8.0737,8.227391242980957
03604806798,commercial,0,8.5862,8.54947280883789
03605000797,commercial,0,8.5172,8.66714096069336
03605000878,commercial,0,8.491,8.674640655517578
03605000916,commercial,0,8.5729,8.677903175354004
03605000940,commercial,0,8.5438,8.743130683898926
03605100929,commercial,0,9.8762,9.113019943237305
03605101011,commercial,0,8.1437,8.642335891723633
03605101100,commercial,0,8.2872,8.5455961227417
03605101593,commercial,0,8.2157,8.54218578338623
03605207898,commercial,0,8.2147,8.582125663757324
03605207901,commercial,0,8.2105,8.570934295654297
03605207911,commercial,0,8.2124,8.570934295654297
03605207928,commercial,0,8.2141,8.573562622070312
03605207936,commercial,0,8.2048,8.572962760925293
03605207944,commercial,0,8.208,8.573291778564453
03605207952,commercial,0,8.4748,8.568978309631348
03605207960,commercial,0,8.4703,8.569011688232422
03605207979,commercial,0,8.4659,8.569730758666992
03605207987,commercial,0,8.4686,8.569565773010254
03605207995,commercial,0,8.4713,8.57094955444336
03605208002,commercial,0,8.4743,8.569177627563477
03605208010,commercial,0,8.4655,8.569177627563477
03610701315,commercial,6,8.7796,8.55302619934082
03612205803,commercial,6,8.4566,8.568384170532227
03612206117,commercial,6,8.4372,8.397444725036621
03700303084,commercial,0,8.1358,8.826495170593262
03700602863,commercial,0,9.1763,8.749625205993652
03700702256,commercial,0,7.6865,8.78242301940918
03700800371,commercial,0,9.0815,9.205402374267578
03701201242,commercial,0,8.7351,9.0348482131958
03701703876,commercial,1,8.0769,8.689567565917969
03701704236,commercial,1,7.3698,8.717643737792969
03702002332,commercial,0,8.4318,8.362284660339355
03702102264,commercial,1,8.9698,8.2070951461792
03702102272,commercial,1,8.9703,8.210741996765137
03702105557,commercial,1,8.8336,8.561407089233398
03702600167,commercial,1,8.9443,8.945327758789062
03702801601,commercial,1,8.6954,8.794181823730469
03702801642,commercial,1,8.847,8.792190551757812
03702801650,commercial,1,8.7128,8.772720336914062
03702801669,commercial,1,8.7369,8.792810440063477
03702801741,commercial,1,9.0825,8.782296180725098
03702900330,commercial,1,8.6102,9.202088356018066
03703601809,commercial,1,9.2873,8.540328025817871
03703604956,commercial,1,9.5388,8.456534385681152
03703606339,commercial,1,8.9177,8.753534317016602
03703702631,commercial,1,7.9812,8.892488479614258
03703702648,commercial,1,8.1678,8.901494979858398
03800100304,commercial,0,8.0064,8.128374099731445
03800100411,commercial,0,7.8016,8.129718780517578
03800906449,commercial,0,7.824,8.22514533996582
03800910403,commercial,0,8.4795,8.691758155822754
03800910561,commercial,0,8.1117,8.688278198242188
03800910756,commercial,0,8.328,8.679316520690918
03800910977,commercial,0,8.6226,8.7101411819458
03800911299,commercial,0,8.3748,8.680525779724121
03800911302,commercial,0,8.3669,8.696259498596191
03800911310,commercial,0,8.3669,8.696259498596191
03800911337,commercial,0,8.3669,8.696259498596191
03801400557,commercial,0,8.153,8.188425064086914
03801902293,commercial,0,8.4837,8.683347702026367
03801902307,commercial,0,8.5407,8.68414306640625
03801902315,commercial,0,8.5289,8.684171676635742
03801905233,commercial,0,8.0922,8.514328956604004
03802201991,commercial,0,8.5201,8.600530624389648
03802202147,commercial,0,8.3856,8.595353126525879
03802905903,commercial,0,8.6603,8.685213088989258
03802906845,commercial,0,8.4566,8.702725410461426
03802906942,commercial,0,8.9029,8.698690414428711
03802906950,commercial,0,8.7238,8.65083122253418
03802907205,commercial,0,8.6595,8.677977561950684
03802907310,commercial,0,9.0162,8.698690414428711
03802908465,commercial,0,8.7125,8.70283317565918
03802908856,commercial,0,8.1046,8.707695007324219
03802908864,commercial,0,8.1046,8.707695007324219
03802909046,commercial,0,8.8339,8.70283317565918
03805104502,commercial,0,7.9146,8.251052856445312
03805105053,commercial,0,7.9887,8.249700546264648
03805700164,commercial,1,9.498,8.952468872070312
03806905487,commercial,1,8.3423,8.127031326293945
03806905606,commercial,1,8.3423,8.149362564086914
03806905614,commercial,1,8.276,8.142837524414062
03806906661,commercial,1,8.3205,8.145511627197266
03806909210,commercial,1,8.1117,8.19834041595459
03806909318,commercial,1,8.489,8.183449745178223
03806909458,commercial,1,8.4149,8.192230224609375
03806909547,commercial,1,8.5972,8.194852828979492
03806909555,commercial,1,8.5446,8.185670852661133
03806909725,commercial,1,8.4302,8.19834041595459
03808200782,commercial,1,8.1595,8.072309494018555
03809900028,commercial,1,9.9305,8.537575721740723
03810502294,commercial,1,8.9421,8.56308650970459
03810502464,commercial,1,8.9659,8.568578720092773
03810503134,commercial,1,9.0852,8.523681640625
03901900470,commercial,1,8.5389,8.467960357666016
03907402979,commercial,1,9.0316,8.689523696899414
03907403002,commercial,1,9.9108,8.602596282958984
03907500751,commercial,1,8.1706,8.020204544067383
03907602706,commercial,1,8.0348,8.020242691040039
03907604970,commercial,1,7.8886,8.054084777832031
03907604989,commercial,1,7.7832,8.054676055908203
03907605012,commercial,1,7.9374,8.055051803588867
03907606116,commercial,1,8.2421,8.10407829284668
03907606418,commercial,1,8.4244,8.099008560180664
03913700595,commercial,1,8.8579,8.153122901916504
03915600040,commercial,1,8.9996,8.432707786560059
03916303430,commercial,1,8.3417,8.390188217163086
03916303457,commercial,1,7.9172,8.392047882080078
03916303465,commercial,1,7.9848,8.384634017944336
03916303481,commercial,1,7.8887,8.394312858581543
03916303521,commercial,1,8.3476,8.384531021118164
03916303562,commercial,1,8.3476,8.384531021118164
04002502759,commercial,9,8.635,7.987744331359863
04002502775,commercial,9,8.3837,7.985372543334961
04002502953,commercial,9,7.9797,8.060857772827148
04002700674,commercial,9,7.8182,8.05246639251709
04004200581,commercial,9,8.0692,8.364316940307617
04004200598,commercial,9,8.0163,8.361082077026367
04004200601,commercial,9,7.9759,8.361114501953125
04004200611,commercial,9,7.9858,8.361145973205566
04004200628,commercial,9,7.9858,8.361145973205566
04004200636,commercial,9,7.9964,8.361114501953125
04005300103,commercial,9,7.8812,8.531057357788086
04005600417,commercial,1,8.4859,8.428871154785156
04008000453,commercial,1,8.3349,8.384552001953125
04008600140,commercial,1,9.0671,8.136285781860352
04009100141,commercial,1,8.2129,8.048356056213379
04010200715,commercial,1,8.9562,8.12055778503418
04013001039,commercial,1,8.1807,8.305381774902344
04015900928,commercial,9,7.9026,8.32424545288086
04015901118,commercial,9,7.9633,8.292496681213379
04015901126,commercial,9,7.9984,8.29328727722168
04015901452,commercial,9,8.2443,8.338082313537598
04015901487,commercial,9,7.9984,8.29328727722168
04100303157,commercial,6,8.6178,8.296798706054688
04100303165,commercial,6,8.5289,8.287285804748535
04100304048,commercial,6,8.6954,8.31585693359375
04100304064,commercial,6,8.6897,8.30540657043457
04100305907,commercial,6,8.891,8.508804321289062
04100305982,commercial,6,8.801,8.5324125289917
04100305990,commercial,6,8.801,8.5324125289917
04101200165,commercial,6,9.7749,9.117106437683105
04101500592,commercial,6,9.7842,9.00991153717041
04102909672,commercial,6,8.927,8.836816787719727
04102909699,commercial,6,8.9611,8.84257984161377
04102909702,commercial,6,9.3013,8.778703689575195
04102909710,commercial,6,8.9299,8.835871696472168
04102909729,commercial,6,8.9483,8.850412368774414
04102909761,commercial,6,8.9611,8.84257984161377
04102909788,commercial,6,8.9227,8.835871696472168
04102909826,commercial,6,9.1652,8.84574031829834
04102909842,commercial,6,9.185,8.835871696472168
04102909850,commercial,6,9.1755,8.839991569519043
04102909877,commercial,6,9.169,8.778671264648438
04102909885,commercial,6,9.1652,8.84574031829834
04102909982,commercial,6,9.2726,8.855108261108398
04102909990,commercial,6,9.284,8.84691047668457
04102910001,commercial,6,9.2569,8.787077903747559
04102910018,commercial,6,9.2675,8.858213424682617
04103500786,commercial,6,9.2028,8.808206558227539
04105100130,commercial,6,9.8037,9.056534767150879
04107900436,commercial,6,9.6097,9.201728820800781
04108200462,commercial,6,9.6985,9.004459381103516
04108401530,commercial,6,8.4292,8.847501754760742
04109100161,commercial,6,9.3841,8.818745613098145
04109100161,commercial,6,9.4204,8.844486236572266
04109405130,commercial,6,8.276,8.427762985229492
04109405149,commercial,6,8.6959,8.573772430419922
04109405629,commercial,6,8.1767,8.430940628051758
04109405637,commercial,6,8.1767,8.430940628051758
04109405653,commercial,6,8.1605,8.585330963134766
04110305039,commercial,6,9.0128,8.743366241455078
04110305101,commercial,6,8.8632,8.784801483154297
04111000959,commercial,6,8.2819,8.33765983581543
04111001440,commercial,6,8.0876,8.332071304321289
04111001491,commercial,6,8.215,8.317378044128418
04111001610,commercial,6,8.2176,8.310880661010742
04111002404,commercial,6,8.722,8.523868560791016
04111002501,commercial,6,8.6668,8.522516250610352
04112300344,commercial,6,9.5528,9.14815902709961
04112300379,commercial,6,9.1964,9.264833450317383
04112404123,commercial,6,8.3481,8.46580696105957
04112602472,commercial,6,8.9987,8.726526260375977
04112602545,commercial,6,8.4058,8.648554801940918
04112602731,commercial,6,8.2687,8.739766120910645
04113306591,commercial,6,8.5031,8.856098175048828
04114400893,commercial,6,8.5172,8.252908706665039
04114401024,commercial,6,8.4925,8.255592346191406
04114401032,commercial,6,8.4925,8.255592346191406
04114401946,commercial,6,8.7518,8.85492992401123
04114402039,commercial,6,9.0619,8.85492992401123
04114501215,commercial,6,8.7862,8.256549835205078
04114501381,commercial,6,8.3695,8.290374755859375
04114803262,commercial,6,8.4707,8.21196174621582
04114903097,commercial,6,7.9544,8.177370071411133
04115800534,commercial,6,9.105,8.946352005004883
04116401382,commercial,6,8.2415,8.169748306274414
04116401412,commercial,6,8.5919,8.161144256591797
04116401854,commercial,6,8.4099,8.374902725219727
04116402680,commercial,6,8.447,8.380132675170898
04116403032,commercial,6,8.4827,8.379191398620605
04116403040,commercial,6,8.465,8.379137992858887
04116403083,commercial,6,8.465,8.371801376342773
04116613355,commercial,6,8.4684,8.435842514038086
04116802883,commercial,6,7.6843,8.078302383422852
04116803006,commercial,6,8.0897,8.079505920410156
04116900958,commercial,6,8.3237,8.290643692016602
04116900974,commercial,6,8.4688,8.291162490844727
04116901131,commercial,6,8.2973,8.332042694091797
04116905216,commercial,6,8.811,8.616281509399414
04117000314,commercial,6,9.0356,9.028693199157715
04117003410,commercial,6,7.7787,8.382904052734375
04117003542,commercial,6,7.7787,8.382904052734375
04117400193,commercial,6,9.1977,8.994604110717773
04117900838,commercial,6,8.4331,8.663497924804688
04117900846,commercial,6,8.4233,8.659781455993652
04118301377,commercial,6,8.2469,8.256536483764648
04118301628,commercial,6,8.1183,8.24191665649414
04118301792,commercial,6,8.2251,8.258804321289062
04118403293,commercial,6,8.363,8.2813138961792
04118403331,commercial,6,8.3377,8.277669906616211
04118403341,commercial,6,8.3377,8.277669906616211
04118403536,commercial,6,8.4276,8.279255867004395
04118403617,commercial,6,8.3894,8.2803955078125
04118403986,commercial,6,8.5862,8.2813138961792
04118404648,commercial,6,8.6875,8.279989242553711
04118404656,commercial,6,8.6875,8.279989242553711
04118800136,commercial,6,9.6708,8.985986709594727
04118902842,commercial,6,8.3052,8.32917594909668
04118906937,commercial,6,8.2382,8.666181564331055
04118908360,commercial,6,8.9324,8.642202377319336
04119000109,commercial,6,9.4563,8.851985931396484
04119000427,commercial,6,9.5421,8.850860595703125
04120503984,commercial,6,9.019,8.416855812072754
04120504093,commercial,6,9.1616,8.360106468200684
04120504301,commercial,6,9.665,8.402996063232422
04120504891,commercial,6,9.2103,8.386017799377441
04120504956,commercial,6,8.1117,8.386451721191406
04120504972,commercial,6,8.6856,8.382304191589355
04120505227,commercial,6,8.4356,8.414825439453125
04120506207,commercial,6,8.2548,8.392017364501953
04120506991,commercial,6,8.392,8.389921188354492
04120507637,commercial,6,9.6259,8.337516784667969
04120507831,commercial,6,9.5635,8.375640869140625
04120508439,commercial,6,8.2901,8.418685913085938
04120508889,commercial,6,9.7508,8.406889915466309
04120508897,commercial,6,9.8455,8.406042098999023
04120508986,commercial,6,8.569,8.449447631835938
04120602753,commercial,6,8.0529,8.389047622680664
04120602958,commercial,6,8.723,8.42846393585205
04120604187,commercial,6,8.6507,8.426939010620117
04120605671,commercial,6,8.5172,8.412622451782227
04120605949,commercial,6,8.7752,8.395332336425781
04120606181,commercial,6,8.6125,8.371723175048828
04120700909,commercial,6,8.6603,8.176836967468262
04120701433,commercial,6,8.048,8.258977890014648
04120801349,commercial,6,7.8787,8.109776496887207
04120804402,commercial,6,7.824,8.100625991821289
04121000129,commercial,6,9.0119,8.993795394897461
04122801192,commercial,6,8.5913,8.511914253234863
04122801419,commercial,6,8.6773,8.458677291870117
04122802008,commercial,6,8.7906,8.465904235839844
04122900468,commercial,6,9.0867,8.90513801574707
04122901111,commercial,6,8.5253,8.15957260131836
04122901121,commercial,6,8.5276,8.166399002075195
04122901138,commercial,6,8.5634,8.141161918640137
04122901146,commercial,6,8.5276,8.166399002075195
04122901154,commercial,6,8.5292,8.15938949584961
04122901162,commercial,6,8.5723,8.139778137207031
04122901243,commercial,6,8.4925,8.221829414367676
04122901952,commercial,6,8.4423,8.250632286071777
04122902061,commercial,6,8.4423,8.250632286071777
04122902169,commercial,6,8.566,8.239562034606934
04122902241,commercial,6,8.566,8.239562034606934
04122903378,commercial,6,8.9013,8.605528831481934
04122903858,commercial,6,8.691,8.614959716796875
04122904374,commercial,6,8.1342,8.38876724243164
04124400985,commercial,6,8.4232,8.439253807067871
04124401159,commercial,6,8.609,8.442462921142578
04124401507,commercial,6,8.3501,8.442462921142578
04124401663,commercial,6,8.4684,8.432600021362305
04124402422,commercial,6,9.0249,8.433906555175781
04124402430,commercial,6,9.0249,8.433906555175781
04124402589,commercial,6,8.5728,8.40573501586914
04124402600,commercial,6,8.5087,8.405435562133789
04124402678,commercial,6,8.8426,8.43107795715332
04128004367,commercial,6,8.5791,8.206315994262695
04200700271,commercial,1,9.4634,8.773893356323242
04200901935,commercial,1,7.8763,8.421097755432129
04200902338,commercial,1,8.4177,8.342914581298828
04200902370,commercial,1,8.3453,8.374513626098633
04200902737,commercial,1,8.294,8.349267959594727
04200903237,commercial,1,8.3113,8.354995727539062
04201000230,commercial,1,8.8678,8.896212577819824
04201205525,commercial,1,8.7158,8.456035614013672
04201205738,commercial,1,8.6013,8.452962875366211
04201205746,commercial,1,8.6013,8.452962875366211
04201205940,commercial,1,8.7063,8.449209213256836
04201205940,commercial,1,8.9525,8.447683334350586
04201206051,commercial,1,8.5912,8.44621467590332
04201206191,commercial,1,8.5682,8.4603271484375
04201206475,commercial,1,8.5682,8.4603271484375
04202100085,commercial,1,9.325,8.947917938232422
04202100166,commercial,1,8.2985,8.774871826171875
04202501391,commercial,1,8.9763,8.601171493530273
04202501985,commercial,1,8.8868,8.616543769836426
04204401201,commercial,1,8.4056,8.233783721923828
04204401287,commercial,1,7.8606,8.26675796508789
04204401538,commercial,1,8.0789,8.22099494934082
04204401546,commercial,1,8.0952,8.226722717285156
04204401554,commercial,1,8.0952,8.226722717285156
04204410162,commercial,1,8.0225,8.27367877960205
04204410170,commercial,1,8.0472,8.277795791625977
04204410189,commercial,1,7.9519,8.261514663696289
04204410197,commercial,1,7.9519,8.261514663696289
04204410316,commercial,1,8.183,8.280252456665039
04204410626,commercial,1,8.1535,8.278112411499023
04204413374,commercial,1,8.2694,8.270639419555664
04204602010,commercial,1,8.6797,8.453385353088379
04204702171,commercial,1,8.4825,8.095260620117188
04205200749,commercial,1,8.0591,7.990294933319092
04205301162,commercial,1,8.3444,7.9262895584106445
04205301200,commercial,1,8.4684,7.9244279861450195
04205301863,commercial,1,8.3253,7.9244279861450195
04205802250,commercial,1,8.1481,8.311779022216797
04205802854,commercial,1,8.5479,8.323691368103027
04205802854,commercial,1,7.8116,8.323691368103027
04206601380,commercial,1,8.4396,8.397968292236328
04206602281,commercial,1,8.561,8.398208618164062
04206605491,commercial,1,9.0344,8.575708389282227
04206605491,commercial,1,9.1471,8.57485580444336
04206605505,commercial,1,9.1471,8.57485580444336
04206605505,commercial,1,9.2576,8.577590942382812
04206703957,commercial,1,8.4566,8.192949295043945
04206704848,commercial,1,9.0852,8.533050537109375
04206704961,commercial,1,9.0852,8.531927108764648
04206705038,commercial,1,9.1,8.542532920837402
04207502149,commercial,1,7.9474,8.085733413696289
04207502734,commercial,1,8.1572,8.092184066772461
04210300111,commercial,1,9.4357,8.897897720336914
04210402761,commercial,1,8.5172,8.450752258300781
04210402818,commercial,1,8.3948,8.904379844665527
04211100920,commercial,1,7.724,7.960432052612305
04212509075,commercial,1,7.9508,8.746110916137695
04212509156,commercial,1,7.896,8.564414978027344
04213003248,commercial,1,7.2307,8.720525741577148
04213003256,commercial,1,7.2327,8.726493835449219
04213004651,commercial,1,7.9576,8.316920280456543
04213004678,commercial,1,7.9866,8.328841209411621
04213004686,commercial,1,7.9866,8.328841209411621
04213004694,commercial,1,7.8753,8.279678344726562
04213004708,commercial,1,7.9576,8.316920280456543
04213004899,commercial,1,8.3291,8.316625595092773
04213004902,commercial,1,8.2469,8.277115821838379
04213004910,commercial,1,8.3581,8.32925033569336
04213005011,commercial,1,8.363,8.317952156066895
04213005127,commercial,1,8.4118,8.320655822753906
04213100103,commercial,1,8.865,8.461753845214844
04213202208,commercial,1,7.9576,8.020696640014648
04213202267,commercial,1,8.0649,8.020845413208008
04213202348,commercial,1,7.9237,8.029977798461914
04213202569,commercial,1,7.9576,8.020872116088867
04213809781,commercial,6,8.9412,8.68012809753418
04213809781,commercial,6,9.1678,8.68012809753418
04213809838,commercial,6,9.2052,8.661629676818848
04213809846,commercial,6,9.2148,8.660684585571289
04213809854,commercial,6,8.9974,8.67021369934082
04213809862,commercial,6,8.9974,8.67021369934082
04213809870,commercial,6,8.9974,8.67021369934082
04213809889,commercial,6,8.9974,8.67021369934082
04213810356,commercial,6,9.036,8.66617488861084
04213810380,commercial,6,9.0493,8.656553268432617
04213810631,commercial,6,9.1081,8.66617488861084
04213810631,commercial,6,8.931,8.655126571655273
04213810658,commercial,6,8.931,8.655126571655273
04213810658,commercial,6,9.1081,8.664190292358398
04213810690,commercial,6,9.0197,8.678909301757812
04213810720,commercial,6,9.2445,8.678010940551758
04213810801,commercial,6,8.8745,8.656553268432617
04213810811,commercial,6,8.8745,8.656553268432617
04213810828,commercial,6,8.8745,8.656553268432617
04213810836,commercial,6,8.8745,8.656553268432617
04213810879,commercial,6,9.4053,8.693434715270996
04213810887,commercial,6,9.4053,8.656553268432617
04213810895,commercial,6,9.4053,8.656553268432617
04213810909,commercial,6,9.4053,8.656553268432617
04213811042,commercial,6,9.0281,8.66617488861084
04213811050,commercial,6,9.0281,8.66617488861084
04213811093,commercial,6,9.0062,8.665487289428711
04213811387,commercial,6,9.1678,8.655126571655273
04214311493,commercial,1,9.1808,8.758044242858887
04214900928,commercial,1,9.8832,8.525394439697266
04215000106,commercial,1,9.127,8.30085563659668
04219800875,commercial,1,8.4626,8.702203750610352
04219800891,commercial,1,8.4649,8.697315216064453
04219800905,commercial,1,8.472,8.696496963500977
04219800913,commercial,1,8.4736,8.696496963500977
04219800921,commercial,1,8.472,8.694557189941406
04219800931,commercial,1,8.4626,8.702203750610352
04219800948,commercial,1,8.4641,8.702203750610352
04219800956,commercial,1,8.4649,8.697315216064453
04219800964,commercial,1,8.472,8.696496963500977
04219800972,commercial,1,8.4736,8.696496963500977
04219800980,commercial,1,8.472,8.694557189941406
04219800999,commercial,1,8.4626,8.702203750610352
04219801006,commercial,1,8.4641,8.702203750610352
04219801014,commercial,1,8.4649,8.697315216064453
04219801022,commercial,1,8.472,8.696496963500977
04219801030,commercial,1,8.4736,8.696496963500977
04219801049,commercial,1,8.472,8.694557189941406
04220301054,commercial,1,8.4645,8.557533264160156
04220302093,commercial,1,8.2334,8.541862487792969
04220302141,commercial,1,8.3536,8.564599990844727
04301702458,commercial,1,8.2171,8.18132209777832
04301702652,commercial,1,8.0932,8.163532257080078
04301703047,commercial,1,8.0017,8.229475021362305
04303405493,commercial,1,8.2637,8.221549987792969
04303405493,commercial,1,8.2239,8.221549987792969
04303405914,commercial,1,7.9501,8.253437042236328
04303600296,commercial,1,8.4171,8.088677406311035
04305102870,commercial,1,7.7703,8.175492286682129
04305102978,commercial,1,8.3221,8.150968551635742
04305103079,commercial,1,8.4925,8.137374877929688
04305103141,commercial,1,7.8681,8.147403717041016
04305103151,commercial,1,7.8681,8.147403717041016
04305103486,commercial,1,7.8096,8.17346477508545
04305103567,commercial,1,8.1551,8.149115562438965
04305103613,commercial,1,8.2849,8.138190269470215
04305103631,commercial,1,8.0874,8.152795791625977
04305103826,commercial,1,8.188,8.137374877929688
04305103958,commercial,1,8.4134,8.176567077636719
04306000370,commercial,1,8.108,7.994293212890625
04308300150,commercial,1,9.1516,8.22136116027832
04308301211,commercial,1,8.1407,8.399019241333008
04308901421,commercial,1,8.118,8.348749160766602
04308901545,commercial,1,8.2421,8.3865385055542
04308901741,commercial,1,8.289,8.389782905578613
04308901758,commercial,1,8.289,8.389782905578613
04308901774,commercial,1,8.289,8.389782905578613
04308901782,commercial,1,8.289,8.389782905578613
04308901790,commercial,1,8.289,8.389782905578613
04308902381,commercial,1,8.2828,8.392143249511719
04310205631,commercial,1,8.6596,8.684110641479492
04317400642,commercial,1,8.1862,8.29568099975586
04320404165,commercial,1,8.5803,8.404869079589844
04401903803,commercial,9,7.4525,8.305957794189453
04401903803,commercial,9,8.0943,8.305957794189453
04401903961,commercial,9,7.4525,8.305957794189453
04401904141,commercial,9,7.9399,8.316656112670898
04401904151,commercial,9,7.8063,8.318334579467773
04401904516,commercial,9,8.0005,8.310338973999023
04401904540,commercial,9,8.1877,8.319611549377441
04402203491,commercial,9,8.6988,8.472614288330078
04402203503,commercial,9,8.6752,8.521263122558594
04402203643,commercial,9,8.5494,8.578984260559082
04406800328,commercial,9,8.9997,8.232486724853516
04501000023,commercial,1,8.1034,8.790682792663574
04501600160,commercial,1,9.5068,8.992243766784668
04501700181,commercial,1,8.3863,8.676782608032227
04501900431,commercial,1,9.4106,8.398252487182617
04503700601,commercial,1,8.5172,8.88014030456543
04506200810,commercial,1,9.0914,8.72591781616211
04506500180,commercial,6,9.5613,8.738687515258789
04508201237,commercial,1,7.9194,8.009261131286621
04508201660,commercial,1,7.7824,8.020215034484863
04510600216,commercial,6,9.2606,8.743108749389648
04521302904,commercial,6,8.4075,8.456520080566406
04521302998,commercial,6,8.5527,8.466378211975098
04521303277,commercial,6,8.7035,8.459808349609375
04521303285,commercial,6,8.4844,8.457704544067383
04521800270,commercial,6,8.9752,8.784698486328125
04524000410,commercial,6,8.6507,8.385478973388672
04524000429,commercial,6,8.6507,8.385478973388672
04530900258,commercial,1,8.755,8.77589225769043
04602400388,commercial,1,8.6376,8.178434371948242
04617002881,commercial,1,8.2461,8.257745742797852
04617002881,commercial,1,8.1259,8.262828826904297
04617002898,commercial,1,8.2751,8.260948181152344
04617004068,commercial,1,8.3939,8.295419692993164
04617004394,commercial,1,8.0221,8.25761890411377
04624200659,commercial,1,9.259,8.644246101379395
04624500180,commercial,1,7.9866,8.021941184997559
04700100567,commercial,1,8.4357,8.566720962524414
04701600881,commercial,1,7.9064,8.022774696350098
04701601268,commercial,1,7.5117,8.023700714111328
04701703753,commercial,1,8.163,7.873538970947266
04703104441,commercial,1,9.0607,8.554800033569336
04703106817,commercial,1,8.7767,8.38700008392334
04703110385,commercial,1,9.3157,8.498939514160156
04703110393,commercial,1,8.2548,8.512672424316406
04703110407,commercial,1,8.1689,8.472199440002441
04703110415,commercial,1,8.1807,8.49162769317627
04704300511,commercial,1,8.8434,8.714805603027344
04708004230,commercial,1,8.6365,8.55557632446289
04710305811,commercial,1,8.3032,8.140867233276367
04710306389,commercial,1,8.2025,8.129203796386719
04710306435,commercial,1,8.2795,8.133066177368164
04710306443,commercial,1,8.3187,8.13521957397461
04710306508,commercial,1,8.4764,8.14931869506836
04710600104,commercial,1,8.4246,8.1690673828125
04715800608,commercial,1,7.9294,7.9680938720703125
04715800810,commercial,1,7.6193,7.983150482177734
04715800888,commercial,1,7.5239,7.898942947387695
04715800934,commercial,1,7.6491,7.968775272369385
04715801019,commercial,1,7.7337,7.991409778594971
04715801167,commercial,1,7.5239,7.968644142150879
04716700836,commercial,1,7.7815,7.965027332305908
04716700887,commercial,1,7.8847,7.991655349731445
04716801969,commercial,1,8.0472,8.677835464477539
04717304519,commercial,1,7.376,7.933638095855713
04717304527,commercial,1,7.376,7.933638095855713
04717304667,commercial,1,7.5727,7.97334098815918
04717305728,commercial,1,7.9086,8.171785354614258
04717306211,commercial,1,7.824,8.175273895263672
04718803901,commercial,1,8.4915,8.476266860961914
04719100661,commercial,1,8.1987,8.629097938537598
04719302742,commercial,1,8.0809,8.355021476745605
04719302750,commercial,1,8.0809,8.355021476745605
04719302769,commercial,1,8.0809,8.355021476745605
04719403786,commercial,1,7.5567,8.066471099853516
04719403832,commercial,1,7.6047,8.07347297668457
04719403956,commercial,1,7.3475,8.066471099853516
04719404340,commercial,1,7.8193,8.124835968017578
04719404359,commercial,1,7.8193,8.127340316772461
04719404601,commercial,1,7.4326,8.127033233642578
04720310192,commercial,1,8.0621,8.175104141235352
04720310214,commercial,1,8.0985,8.202010154724121
04722301514,commercial,1,8.0219,8.316265106201172
04722601003,commercial,1,7.7897,8.026589393615723
04722601305,commercial,1,7.6997,8.031978607177734
04722602042,commercial,1,7.838,8.133737564086914
04722602832,commercial,1,7.5867,8.14559555053711
04722603170,commercial,1,7.7202,8.13458251953125
04722603189,commercial,1,7.7202,8.13458251953125
04722603278,commercial,1,7.5126,8.144500732421875
04722603286,commercial,1,7.5126,8.144500732421875
04722603308,commercial,1,7.7586,8.144691467285156
04722603316,commercial,1,7.7586,8.144691467285156
04722603324,commercial,1,7.7586,8.144691467285156
04722604290,commercial,1,8.0952,8.334268569946289
04722604614,commercial,1,8.104,8.319135665893555
04723500431,commercial,1,8.5832,8.353904724121094
04723800395,commercial,1,7.7379,8.455331802368164
04728401723,commercial,1,8.2548,8.459352493286133
04728408388,commercial,1,8.203,8.551729202270508
04728408612,commercial,1,8.1807,8.548925399780273
04728507858,commercial,1,8.3506,8.711103439331055
04728507874,commercial,1,8.3559,8.705718994140625
04728700682,commercial,1,7.8324,8.298349380493164
04728700747,commercial,1,7.749,8.333230972290039
04728700828,commercial,1,7.3757,8.322736740112305
04805701269,commercial,1,8.4346,8.115320205688477
04807100572,commercial,1,8.6091,8.204886436462402
04834200760,commercial,1,8.1363,8.11838150024414
04839100128,commercial,1,8.1956,8.14990234375
04844100025,commercial,1,6.9811,7.964813232421875
04901600893,commercial,1,8.2005,8.40011978149414
04910500049,commercial,1,8.1807,8.233216285705566
04921200149,commercial,1,8.7998,8.57767391204834
04921200173,commercial,1,7.7933,8.437724113464355
04926500159,commercial,1,7.9194,8.242361068725586
04941900091,commercial,1,8.3428,8.224493026733398
05000600037,commercial,1,9.1579,8.528605461120605
05000600444,commercial,1,7.3395,8.054774284362793
05000600452,commercial,1,7.5789,8.274677276611328
05001800137,commercial,1,8.3837,8.47282600402832
05002200151,commercial,1,7.7753,8.231526374816895
05004400792,commercial,1,8.1665,8.019472122192383
05004400806,commercial,1,8.1627,8.023069381713867
05004400962,commercial,1,8.2618,8.01651668548584
05004401101,commercial,1,7.744,8.041202545166016
05004401233,commercial,1,8.1257,8.021308898925781
05004401586,commercial,1,8.2245,8.036140441894531
05004402231,commercial,1,8.5628,8.104095458984375
05004402612,commercial,1,8.7139,8.396127700805664
05004403171,commercial,1,8.4072,8.377386093139648
05007000655,commercial,1,7.3858,8.307944297790527
05013500206,commercial,1,8.1987,8.434497833251953
05015100078,commercial,1,8.3349,8.403289794921875
05015200188,commercial,1,8.1516,7.8630595207214355
05016400261,commercial,1,7.8579,8.58393383026123
05016400288,commercial,1,8.3399,8.597135543823242
05016700168,commercial,1,7.4834,7.866189002990723
05016700176,commercial,1,7.9731,8.161507606506348
05019300152,commercial,1,8.6226,8.05846881866455
05019500399,commercial,1,8.0864,8.12682056427002
05019800589,commercial,1,7.6009,8.125234603881836
05019800627,commercial,1,7.3293,7.965838432312012
05020900044,commercial,1,7.5385,8.044084548950195
05020900052,commercial,1,7.1522,7.906105041503906
05021000020,commercial,1,7.7574,8.15073013305664
05108900090,commercial,9,8.0074,7.970941543579102
05124400080,commercial,9,8.294,8.282553672790527
05132505902,commercial,9,7.5187,7.930541038513184
05132506038,commercial,9,8.3371,7.903472900390625
05132506143,commercial,9,8.2808,7.941728591918945
05208700085,commercial,9,8.1377,7.8420257568359375
05228700341,commercial,9,7.6897,8.241300582885742
05235600029,commercial,9,7.8943,8.232364654541016
05235706838,commercial,9,8.0251,8.284503936767578
05235707486,commercial,9,8.0458,8.281942367553711
05235707621,commercial,9,8.218,8.307746887207031
05235708245,commercial,9,8.6949,8.330957412719727
05235802209,commercial,9,8.5976,8.529095649719238
05235802217,commercial,9,8.4659,8.530050277709961
05235802268,commercial,9,8.6987,8.534400939941406
05235802268,commercial,9,8.5172,8.534400939941406
05235802306,commercial,9,8.8049,8.53494644165039
05235802306,commercial,9,8.6987,8.53494644165039
05235802470,commercial,9,8.479,8.53494644165039
05235802489,commercial,9,8.6263,8.523103713989258
05300700673,commercial,9,7.1632,7.810547828674316
05302200066,commercial,9,8.0092,7.857690811157227
05309400133,commercial,3,7.453,8.282547950744629
05313700391,commercial,9,8.4562,8.231860160827637
05329903211,commercial,9,8.2479,8.404901504516602
05329903947,commercial,9,8.3277,8.435354232788086
05329903955,commercial,9,8.352,8.406414031982422
05329904145,commercial,9,8.3561,8.420511245727539
05329904145,commercial,9,8.3598,8.420511245727539
05329904153,commercial,9,8.3587,8.409906387329102
05329905133,commercial,9,8.3542,8.433507919311523
05329905771,commercial,9,9.0698,8.435184478759766
05329905915,commercial,9,8.9072,8.41059684753418
05329906113,commercial,9,8.8273,8.406414031982422
05401500149,commercial,9,9.3439,8.574727058410645
05401500564,commercial,9,9.0768,8.202249526977539
05401804768,commercial,9,9.0227,8.204431533813477
05401805871,commercial,9,8.4254,8.342912673950195
05401805888,commercial,9,8.4256,8.335600852966309
05401805896,commercial,9,8.426,8.319418907165527
05401807333,commercial,9,9.2537,8.340658187866211
05401807341,commercial,9,9.2664,8.342775344848633
05401904622,commercial,9,8.3909,7.95883846282959
05401907192,commercial,9,8.1285,7.981403350830078
05401911726,commercial,9,8.8062,8.294193267822266
05401911734,commercial,9,8.7142,8.296358108520508
05403001123,commercial,9,8.6507,8.569317817687988
05403202501,commercial,9,8.1741,8.376768112182617
05403203941,commercial,9,8.5298,8.375080108642578
05403204601,commercial,9,9.2597,8.370121002197266
05403205012,commercial,9,7.9034,8.376360893249512
05403205071,commercial,9,8.3567,8.332274436950684
05404301112,commercial,9,8.6631,8.147359848022461
05404301120,commercial,9,8.6866,8.17085075378418
05404301201,commercial,9,8.6941,8.196643829345703
05404301211,commercial,9,8.7248,8.172561645507812
05404601248,commercial,9,8.5197,8.34276008605957
05404601248,commercial,9,8.489,8.34731674194336
05404601418,commercial,9,8.4912,8.30899429321289
05404601426,commercial,9,8.5172,8.339502334594727
05404601434,commercial,9,8.5172,8.339502334594727
05404601469,commercial,9,8.3484,8.222846031188965
05404601477,commercial,9,8.3613,8.236832618713379
05404601485,commercial,9,8.2863,8.232315063476562
05404601493,commercial,9,8.3593,8.258503913879395
05404601590,commercial,9,8.1167,8.310022354125977
05404601604,commercial,9,8.3765,8.345071792602539
05404601620,commercial,9,8.0745,8.338848114013672
05404601639,commercial,9,8.0646,8.221792221069336
05404601655,commercial,9,8.0697,8.235262870788574
05404601663,commercial,9,8.0697,8.236038208007812
05404601671,commercial,9,8.0504,8.265105247497559
05404601711,commercial,9,8.4652,8.338848114013672
05404905808,commercial,9,8.6415,8.116790771484375
05405107573,commercial,9,8.8537,8.327020645141602
05405107859,commercial,9,8.125,8.304576873779297
05405107867,commercial,9,8.125,8.304576873779297
05405107921,commercial,9,8.2255,8.334280967712402
05405107921,commercial,9,8.2255,8.334280967712402
05405107931,commercial,9,8.1302,8.304576873779297
05405107956,commercial,9,8.1302,8.304576873779297
05405107972,commercial,9,8.2255,8.334280967712402
05405107980,commercial,9,8.1302,8.304576873779297
05405108006,commercial,9,8.1302,8.304576873779297
05405108014,commercial,9,8.2255,8.334280967712402
05405200141,commercial,9,8.7064,8.532543182373047
05406205102,commercial,9,8.5316,8.088335990905762
05406205129,commercial,9,8.6651,8.088335990905762
05406205242,commercial,9,8.5735,8.086193084716797
05406206117,commercial,9,8.5316,8.077150344848633
05408300498,commercial,9,8.64,8.45152759552002
05409803981,commercial,9,7.9274,8.610591888427734
05409804041,commercial,9,7.8939,8.600642204284668
05410600088,commercial,9,8.8945,8.436344146728516
05410800095,commercial,9,8.8404,8.374298095703125
05411600839,commercial,9,8.8049,8.466805458068848
05412501664,commercial,9,8.584,8.275169372558594
05412501672,commercial,9,8.584,8.275169372558594
05412501729,commercial,9,8.5048,8.278847694396973
05412502415,commercial,9,8.7862,8.275800704956055
05418400029,commercial,9,8.6115,8.280288696289062
05418400630,commercial,9,9.1265,8.408884048461914
05418400657,commercial,9,9.2904,8.675535202026367
05418800280,commercial,9,8.5984,8.280681610107422
05420800640,commercial,9,8.7319,8.206780433654785
05420801191,commercial,9,8.7431,8.228422164916992
05420801728,commercial,9,8.0247,8.113698959350586
05420803127,commercial,9,9.1344,8.597968101501465
05420803151,commercial,9,9.0976,8.615456581115723
05420803372,commercial,9,7.807,8.501047134399414
05420803380,commercial,9,7.7972,8.505029678344727
05420803399,commercial,9,7.7972,8.505029678344727
05420803402,commercial,9,7.807,8.501047134399414
05420803410,commercial,9,8.9748,8.500686645507812
05420803453,commercial,9,8.9222,8.500686645507812
05420803461,commercial,9,9.0105,8.502702713012695
05420803471,commercial,9,8.9017,8.502702713012695
05420803488,commercial,9,8.8134,8.500686645507812
05420803496,commercial,9,8.3356,8.503010749816895
05420803501,commercial,9,8.3879,8.505029678344727
05420803534,commercial,9,8.8881,8.504036903381348
05420803585,commercial,9,8.239,8.520487785339355
05420803593,commercial,9,8.9751,8.512393951416016
05420803607,commercial,9,8.9849,8.51071548461914
05420803615,commercial,9,8.8716,8.51071548461914
05420803623,commercial,9,8.8618,8.512393951416016
05420803631,commercial,9,8.8618,8.512393951416016
05420803641,commercial,9,8.8716,8.51071548461914
05421300420,commercial,9,8.6125,8.334378242492676
05421800040,commercial,9,8.3656,8.167041778564453
05422904850,commercial,9,7.8941,8.251293182373047
05422904907,commercial,9,7.7998,8.237517356872559
05422905210,commercial,9,8.9191,8.258819580078125
05422905628,commercial,9,8.6995,8.241172790527344
05422905717,commercial,9,7.5082,8.24724006652832
05422905725,commercial,9,7.5617,8.27469253540039
05422905776,commercial,9,8.2967,8.242859840393066
05422905814,commercial,9,8.6115,8.254199981689453
05422905822,commercial,9,8.3349,8.245027542114258
05422905830,commercial,9,8.4072,8.24539852142334
05422905849,commercial,9,8.3884,8.253267288208008
05422905857,commercial,9,8.5172,8.237517356872559
05422905903,commercial,9,8.7938,8.259439468383789
05422906101,commercial,9,8.7625,8.247723579406738
05428700114,commercial,9,9.2103,8.697869300842285
05500700030,commercial,3,7.902,8.509564399719238
05502700674,commercial,3,9.074,8.273954391479492
05503200705,commercial,3,8.3417,8.383928298950195
05503200756,commercial,3,7.837,8.38282585144043
05503200942,commercial,3,8.324,8.381969451904297
05503201078,commercial,3,8.5197,8.385812759399414
05503201264,commercial,3,8.5298,8.38282585144043
05503202481,commercial,3,8.0767,8.386585235595703
05503202481,commercial,3,8.5605,8.386585235595703
05503203070,commercial,3,8.5172,8.187620162963867
05505100120,commercial,3,9.097,8.519055366516113
05508900101,commercial,3,8.6995,8.516681671142578
05514300080,commercial,3,8.2201,7.989447593688965
05520300178,commercial,9,9.2103,8.078651428222656
05524501501,commercial,3,7.3473,8.151725769042969
05530600514,commercial,3,7.7344,8.286084175109863
05534800951,commercial,3,8.276,8.101354598999023
05535400246,commercial,3,8.4804,8.469913482666016
05538100111,commercial,3,8.1151,7.947297096252441
05538400859,commercial,3,7.8366,8.202880859375
05604001104,commercial,3,7.7725,8.583791732788086
05604002992,commercial,3,8.5172,8.477005004882812
05604400564,commercial,3,8.8756,8.66734504699707
05608100638,commercial,3,8.898,8.561424255371094
05608100654,commercial,3,8.7113,8.546773910522461
05608101286,commercial,3,8.8303,8.559394836425781
05608101553,commercial,3,7.481,8.30434513092041
05608200111,commercial,3,8.489,8.666296005249023
05608200322,commercial,3,9.451,8.822257995605469
05608500814,commercial,3,8.4764,8.592527389526367
05609000361,commercial,3,7.0833,8.079486846923828
05612302991,commercial,9,7.9202,8.833348274230957
05615100117,commercial,9,8.223,8.469573974609375
05615200103,commercial,9,9.0815,8.393627166748047
05615300760,commercial,9,8.0725,8.278739929199219
05615300779,commercial,9,8.0725,8.277814865112305
05615300787,commercial,9,8.0985,8.289594650268555
05615301392,commercial,9,8.1987,8.167012214660645
05619905251,commercial,3,8.4386,7.8888630867004395
05701401715,commercial,3,7.4699,8.194820404052734
05701401723,commercial,3,7.4787,8.184223175048828
05701401774,commercial,3,7.5617,8.150216102600098
05703600413,commercial,3,8.6268,8.571634292602539
05706700397,commercial,3,8.3674,8.390125274658203
05726000013,commercial,3,8.0864,8.076269149780273
05727500370,commercial,3,7.5082,8.061065673828125
05800500282,commercial,3,8.4566,8.465147018432617
05803204781,commercial,3,8.143,8.228387832641602
05803600210,commercial,3,9.3378,8.451526641845703
05803900737,commercial,3,9.5437,8.63561725616455
05809700071,commercial,3,8.4941,8.024239540100098
05813500049,commercial,3,7.9839,8.022248268127441
05815500070,commercial,3,8.5715,8.264972686767578
05815809438,commercial,3,8.283,8.529317855834961
05815809446,commercial,3,8.2637,8.51699161529541
05815809500,commercial,3,8.0086,8.469883918762207
05815809519,commercial,3,8.1748,8.490242958068848
05815809578,commercial,3,8.6432,8.529317855834961
05815809608,commercial,3,8.4408,8.529317855834961
05815809640,commercial,3,8.0705,8.470541000366211
05815809731,commercial,3,8.2681,8.517736434936523
05815809748,commercial,3,8.2398,8.529317855834961
05815809756,commercial,3,8.4404,8.521974563598633
05815809853,commercial,3,8.3383,8.523381233215332
05815809871,commercial,3,8.4706,8.55624771118164
05815809896,commercial,3,8.2517,8.526703834533691
05815810010,commercial,3,7.9443,8.417459487915039
05816800361,commercial,3,7.4186,8.333888053894043
05902000483,commercial,3,7.333,8.003181457519531
05902901219,commercial,3,7.9647,8.239383697509766
05902901227,commercial,3,7.9718,8.253240585327148
05904903383,commercial,3,8.1772,8.130311965942383
05904903431,commercial,3,8.2097,8.12314224243164
05905400660,commercial,3,8.7156,8.220727920532227
05905700052,commercial,3,8.3428,8.164535522460938
05910000391,commercial,3,8.1582,8.11073112487793
05913000188,commercial,3,7.5572,8.114999771118164
05921200034,commercial,3,8.1824,8.395461082458496
05926000297,commercial,3,9.2793,8.363455772399902
06003700343,commercial,3,7.5229,8.379800796508789
06017500090,commercial,3,8.5172,8.132698059082031
06021800214,commercial,3,8.4181,8.555928230285645
06031000326,commercial,3,7.545,7.64179801940918
06031000334,commercial,3,7.8695,8.059467315673828
06100801620,commercial,3,8.2079,8.057525634765625
06102204700,commercial,3,8.294,8.248089790344238
06102500350,commercial,3,7.8428,7.84419059753418
06102500482,commercial,3,8.1418,7.967554092407227
06102500938,commercial,3,8.3774,8.205999374389648
06102602021,commercial,3,8.2295,8.270683288574219
06102602137,commercial,3,8.123,8.268824577331543
06102602358,commercial,3,8.1515,8.266653060913086
06102602471,commercial,3,8.1851,8.271553993225098
06104001610,commercial,3,7.853,8.34751033782959
06104001742,commercial,3,8.1478,8.355027198791504
06104001981,commercial,3,8.1495,8.36595344543457
06104001998,commercial,3,8.2548,8.36595344543457
06104002420,commercial,3,8.1987,8.36159896850586
06104002641,commercial,3,8.0897,8.35307502746582
06107300465,commercial,3,8.3187,8.270861625671387
06107501398,commercial,3,8.2828,8.4031400680542
06107501746,commercial,3,8.4714,8.415933609008789
06107502297,commercial,3,8.1837,8.410503387451172
06107502688,commercial,3,8.0967,8.406469345092773
06201200436,commercial,9,8.8273,8.299583435058594
06206200051,commercial,9,7.8297,8.296276092529297
06206200779,commercial,9,7.6009,8.442219734191895
06209400299,commercial,9,7.9426,8.388910293579102
06209500560,commercial,9,8.1133,8.263754844665527
06210509177,commercial,9,9.358,8.319259643554688
06210509185,commercial,9,9.2827,8.375207901000977
06210509193,commercial,9,9.2827,8.375207901000977
06210509207,commercial,9,9.2827,8.375207901000977
06210509215,commercial,9,9.2827,8.375207901000977
06210509223,commercial,9,9.2827,8.375207901000977
06210509241,commercial,9,9.45,8.266864776611328
06210701124,commercial,9,8.5887,8.277280807495117
06211200137,commercial,9,8.6722,8.538374900817871
06212100470,commercial,9,7.8384,8.678788185119629
06213600248,commercial,9,8.1533,8.586959838867188
06214300310,commercial,9,9.8234,8.756379127502441
06216200097,commercial,9,9.0062,8.709784507751465
06219008601,commercial,9,7.4326,8.063655853271484
06219008685,commercial,9,7.3733,8.109443664550781
06219008812,commercial,9,7.191,8.11433219909668
06219008847,commercial,9,7.4007,8.10786247253418
06219800265,commercial,9,8.392,8.727396011352539
06312700925,commercial,9,8.4774,8.446319580078125
06318400419,commercial,9,7.398,7.838942527770996
06402801178,commercial,4,8.2999,7.8447747230529785
06406200421,commercial,4,8.0472,7.929408073425293
06406500288,commercial,4,8.7752,7.850593566894531
06406900448,commercial,4,7.9329,7.633572578430176
06411400547,commercial,9,7.3461,8.313899993896484
06413701706,commercial,9,8.3183,8.171365737915039
06413702011,commercial,9,8.2548,8.102105140686035
06413702036,commercial,9,8.2548,8.102105140686035
06413702044,commercial,9,8.2171,8.104717254638672
06413702052,commercial,9,7.6952,8.123997688293457
06413702060,commercial,9,8.2171,8.104717254638672
06414000930,commercial,9,7.6898,8.22271728515625
06414400793,commercial,4,8.1879,8.03363037109375
06415100580,commercial,9,8.7536,8.34423828125
06416601400,commercial,4,8.4631,8.252004623413086
06416700905,commercial,4,7.7533,7.809945106506348
06417000699,commercial,9,8.6882,8.37994384765625
06500200152,commercial,4,8.1007,7.954566955566406
06503501102,commercial,4,7.6497,7.762981414794922
06504000255,commercial,4,8.1807,7.762579917907715
06511800903,commercial,4,8.5336,8.242802619934082
06514400396,commercial,9,8.1526,8.078031539916992
06619001122,commercial,4,7.268,7.647488117218018
06619001130,commercial,4,7.6234,7.567038536071777
06623400621,commercial,4,7.2363,7.597939491271973
06624601353,commercial,4,7.9765,7.782236099243164
06636800348,commercial,4,8.5268,7.997802734375
06639800322,commercial,4,8.3395,8.314112663269043
06648800534,commercial,4,8.1101,7.668818473815918
06706900214,commercial,4,8.4903,8.105064392089844
06722402509,commercial,4,8.1653,8.055046081542969
06722402509,commercial,4,8.2771,8.045196533203125
06722402886,commercial,4,8.1481,8.062844276428223
06722403440,commercial,4,8.3041,8.033464431762695
06726200080,commercial,4,7.4354,7.8899383544921875
06728601872,commercial,4,8.163,7.7452826499938965
06730100389,commercial,4,7.3687,7.681289196014404
06740000311,commercial,4,7.1797,7.910015106201172
06800100455,commercial,4,7.9294,7.988431930541992
06800100722,commercial,4,7.824,7.926235675811768
06800200999,commercial,4,8.635,8.262662887573242
06808400016,commercial,4,7.8043,7.969394683837891
06830802288,commercial,4,8.2082,8.078657150268555
06837100041,commercial,4,8.8818,7.991546154022217
06853100522,commercial,4,8.0403,7.8665924072265625
06853400011,commercial,4,8.2548,8.04791259765625
06853600193,commercial,4,8.3894,8.242755889892578
06854400260,commercial,4,8.9619,8.224900245666504
06854400260,commercial,4,8.6995,8.222965240478516
06856200560,commercial,4,8.6042,7.948207855224609
06900102093,commercial,4,8.6053,8.026405334472656
06900102131,commercial,4,8.2721,8.057979583740234
06907800411,commercial,4,8.2548,8.231243133544922
06909502401,commercial,4,8.6518,8.32056713104248
06911900549,commercial,4,9.0049,8.076454162597656
06912000411,commercial,4,8.2768,8.106968879699707
06913300050,commercial,4,7.8555,7.923769474029541
06913301170,commercial,4,6.9819,8.22431468963623
06914900671,commercial,4,8.6234,8.355405807495117
06916312971,commercial,4,8.2435,7.941290855407715
06916313021,commercial,4,8.2149,7.983976364135742
06916313692,commercial,4,8.2435,7.973411560058594
06916404701,commercial,4,8.0403,7.982111930847168
06916404825,commercial,4,7.9831,8.008922576904297
06916404833,commercial,4,7.9831,8.008922576904297
06916405155,commercial,4,7.9831,8.020334243774414
06916406178,commercial,4,8.3823,8.080456733703613
06916406259,commercial,4,8.5269,8.071564674377441
06916406267,commercial,4,8.5564,8.066215515136719
06916406275,commercial,4,8.4468,8.063138008117676
06916406577,commercial,4,8.6881,8.072105407714844
06916406593,commercial,4,8.6881,8.072105407714844
06916406615,commercial,4,8.0064,8.059978485107422
06916406739,commercial,4,8.905,8.065340995788574
06916406755,commercial,4,8.905,8.065340995788574
06916406763,commercial,4,8.9106,8.061965942382812
06916406781,commercial,4,8.905,8.065340995788574
06916406798,commercial,4,8.9106,8.061965942382812
06916406801,commercial,4,8.905,8.065340995788574
06916408030,commercial,4,8.2379,8.041895866394043
06916408049,commercial,4,8.2048,8.045866012573242
06916408057,commercial,4,8.1967,8.0469388961792
06916409177,commercial,4,8.9851,8.034505844116211
06916409185,commercial,4,8.9723,8.033828735351562
06918300891,commercial,4,7.5558,7.98845100402832
06918301241,commercial,4,7.9819,8.000926971435547
06918400673,commercial,4,7.7994,8.220909118652344
06918400681,commercial,4,7.7872,8.220117568969727
06918400691,commercial,4,8.013,8.218923568725586
06918400703,commercial,4,7.9001,8.222349166870117
06918400770,commercial,4,8.1412,8.218544006347656
06918400789,commercial,4,8.129,8.223091125488281
06918400797,commercial,4,8.1412,8.216898918151855
06918400800,commercial,4,8.129,8.222578048706055
06918400819,commercial,4,8.1965,8.2265625
06918400827,commercial,4,8.1843,8.228874206542969
06918400843,commercial,4,7.836,8.220117568969727
06918400878,commercial,4,7.86,8.218923568725586
06918400886,commercial,4,7.7359,8.222349166870117
06918600011,commercial,4,8.7183,7.894024848937988
06920502534,commercial,4,7.5163,8.189133644104004
07003400111,commercial,4,6.9078,8.102940559387207
07003601095,commercial,4,8.363,8.539167404174805
07005900456,commercial,4,7.972,8.116127967834473
07005900952,commercial,4,8.8739,7.977301120758057
07016114848,commercial,4,8.2295,7.925637722015381
07016503232,commercial,4,8.3608,8.043561935424805
07016503240,commercial,4,8.3608,8.043561935424805
07017402901,commercial,4,7.2089,7.975969314575195
07017402928,commercial,4,8.0843,7.974025726318359
07017403169,commercial,4,7.9267,7.973058700561523
07017403241,commercial,4,7.815,7.972400188446045
07017403258,commercial,4,7.815,7.972400188446045
07017403266,commercial,4,7.815,7.972400188446045
07017403274,commercial,4,7.815,7.972400188446045
07017403282,commercial,4,7.815,7.972400188446045
07017403614,commercial,4,8.0937,8.03371810913086
07017403797,commercial,4,8.1468,7.98992919921875
07018001439,commercial,4,7.8623,8.265399932861328
07018900891,commercial,4,7.4186,7.831501007080078
07033300557,commercial,4,8.3432,8.100619316101074
07037800791,commercial,4,7.9466,8.070894241333008
07112100267,commercial,4,7.6522,7.968352317810059
07123800168,commercial,4,8.4782,8.07154369354248
07136804167,commercial,4,7.1954,7.963749885559082
07137700901,commercial,4,7.3061,7.73776912689209
07147600428,commercial,4,7.754,8.177346229553223
07151200919,commercial,4,7.5286,8.127330780029297
07205603382,commercial,4,8.8915,8.246833801269531
07207302746,commercial,4,8.16,8.28081226348877
07207400454,commercial,4,9.1123,8.281167030334473
07208001091,commercial,4,8.6522,8.020879745483398
07208600058,commercial,4,8.9732,8.335785865783691
07212107034,commercial,4,7.9918,8.083560943603516
07212107328,commercial,4,8.3033,8.07289981842041
07212206441,commercial,4,8.2389,7.97126579284668
07212206784,commercial,4,8.372,7.992110729217529
07212206997,commercial,4,8.4898,8.008074760437012
07212805157,commercial,4,8.0805,7.984638214111328
07212806013,commercial,4,8.4132,7.884067535400391
07212806129,commercial,4,8.0307,8.01896858215332
07212806137,commercial,4,8.0307,8.01896858215332
07212806382,commercial,4,8.4317,8.023787498474121
07212806390,commercial,4,8.4317,8.023787498474121
07212806412,commercial,4,8.4317,8.023787498474121
07212806536,commercial,4,8.0002,7.928951263427734
07213000251,commercial,4,7.9984,8.094311714172363
07213201557,commercial,4,8.0472,8.356054306030273
07216803231,commercial,4,7.8016,7.876229286193848
07217802695,commercial,4,8.4128,8.168458938598633
07219301499,commercial,4,8.1689,7.785805702209473
07219500343,commercial,4,8.6995,7.869556903839111
07219500459,commercial,4,9.4401,8.187970161437988
07221500061,commercial,4,8.8247,8.072519302368164
07300802362,commercial,4,8.4684,8.019959449768066
07300802656,commercial,4,8.572,8.019959449768066
07301601085,commercial,4,8.1887,7.900325775146484
07301601093,commercial,4,8.3007,7.8870697021484375
07301601719,commercial,4,8.1117,7.912599086761475
07301602359,commercial,4,9.2937,7.8514204025268555
07301602367,commercial,4,9.2937,7.8514204025268555
07301901682,commercial,4,8.1117,7.9015679359436035
07302000621,commercial,4,9.3382,8.189390182495117
07302000638,commercial,4,9.5388,8.24886417388916
07302104451,commercial,4,8.3175,8.04826545715332
07303402071,commercial,4,8.6226,8.101200103759766
07303402081,commercial,4,8.6226,8.101200103759766
07303402101,commercial,4,8.6226,8.101200103759766
07303501851,commercial,4,7.8528,8.028854370117188
07303503102,commercial,4,7.7832,7.842479228973389
07303800281,commercial,4,8.232,8.05145263671875
07304300272,commercial,4,8.0649,8.125389099121094
07304700882,commercial,4,7.466,7.942617893218994
07305000779,commercial,4,7.824,8.092584609985352
07305001090,commercial,4,8.4833,8.03711986541748
07305301051,commercial,4,8.6692,8.413372039794922
07305304239,commercial,4,7.6127,8.002553939819336
07306107933,commercial,4,8.3046,7.958925724029541
07306108670,commercial,4,8.435,8.0035400390625
07306108689,commercial,4,8.3046,7.958925724029541
07306108761,commercial,4,8.3816,8.038580894470215
07315703276,commercial,4,8.4039,8.055305480957031
07315703446,commercial,4,7.8366,8.046056747436523
07315703446,commercial,4,7.8366,8.046013832092285
07315703470,commercial,4,7.6563,8.065570831298828
07315703500,commercial,4,7.9764,8.055584907531738
07315704329,commercial,4,8.2666,8.115886688232422
07315704515,commercial,4,8.1588,8.137203216552734
07315705376,commercial,4,8.2748,8.150087356567383
07315705465,commercial,4,8.2899,8.105016708374023
07315706054,commercial,4,8.1568,8.157049179077148
07315706089,commercial,4,8.3468,8.130014419555664
07315706143,commercial,4,8.1891,8.121795654296875
07315706501,commercial,4,8.2435,8.165244102478027
07315706534,commercial,4,8.288,8.108563423156738
07326616711,commercial,4,8.3179,7.894079208374023
07326617074,commercial,4,8.3468,7.904804229736328
07326617414,commercial,4,8.7391,7.878713607788086
07326903603,commercial,4,8.4549,8.038013458251953
07326903778,commercial,4,8.4256,7.957277297973633
07326903972,commercial,4,8.5172,7.952913284301758
07329700134,commercial,0,8.2861,7.9726057052612305
07329700134,commercial,0,7.5239,7.9726057052612305
07330500453,commercial,0,8.2097,8.364934921264648
07330500615,commercial,0,8.323,8.369709968566895
07330500623,commercial,0,8.323,8.360434532165527
07330500631,commercial,0,8.323,8.368075370788574
07330500674,commercial,0,8.122,8.370022773742676
07330500879,commercial,0,8.1925,8.366284370422363
07330500879,commercial,0,8.1364,8.366284370422363
07330501743,commercial,0,8.5927,8.362092018127441
07408901329,commercial,7,8.3349,8.298433303833008
07433900128,commercial,7,8.1665,8.38033676147461
07433900888,commercial,7,8.1656,8.387418746948242
07433900918,commercial,7,8.1807,8.379704475402832
07433902112,commercial,7,7.9576,8.3831787109375
07433902120,commercial,7,7.9576,8.3831787109375
07433902449,commercial,7,7.8975,8.378296852111816
07433902481,commercial,7,7.9922,8.38033676147461
07433902988,commercial,7,7.9831,8.382556915283203
07501600910,commercial,4,7.0802,7.61857271194458
07502600493,commercial,4,8.1007,7.892960071563721
07504400149,commercial,4,8.0081,7.862819671630859
07511801498,commercial,7,7.414,8.51147747039795
07514800131,commercial,4,8.3254,7.970373153686523
07520300633,commercial,7,7.5917,7.836851596832275
07534800137,commercial,4,7.0131,8.201231956481934
07600100142,commercial,7,7.942,8.13283634185791
07600300036,commercial,7,8.1807,8.125356674194336
07605601034,commercial,7,7.4302,7.683738708496094
07612200805,commercial,7,7.4876,8.556219100952148
07616900161,commercial,7,8.3303,8.09475326538086
07619300376,commercial,7,7.3496,7.859328269958496
07632200479,commercial,7,7.7951,8.287086486816406
07643400326,commercial,7,7.9084,7.949148178100586
07643600104,commercial,7,7.9835,8.092374801635742
07648900408,commercial,7,7.4468,8.00605297088623
07651301889,commercial,7,9.185,8.249855995178223
07700200041,commercial,7,7.7506,8.381284713745117
07703500356,commercial,7,8.8132,8.561330795288086
07705800381,commercial,7,8.8209,8.693718910217285
07708000068,commercial,7,8.9447,8.613727569580078
07708000130,commercial,7,8.7739,8.665837287902832
07725500464,commercial,7,8.338,8.581257820129395
07734500056,commercial,7,8.1017,8.541492462158203
07811000301,commercial,7,8.5089,8.368438720703125
07811002434,commercial,7,8.7062,8.233283996582031
07817500231,commercial,7,8.1987,8.445151329040527
07820700254,commercial,7,8.5836,8.419672966003418
07826300061,commercial,7,8.2998,8.306463241577148
07840201423,commercial,7,8.3238,8.365188598632812
07841400111,commercial,7,8.3886,8.259708404541016
07853202970,commercial,7,8.5536,8.38657283782959
07853202989,commercial,7,8.5555,8.388404846191406
07853202997,commercial,7,8.5475,8.382209777832031
07920000661,commercial,7,7.5218,8.360584259033203
07920000904,commercial,7,7.8127,8.34849739074707
08000100193,commercial,7,8.9554,8.585670471191406
08000200041,commercial,7,9.0377,8.538108825683594
08000602113,commercial,7,8.3714,8.402399063110352
08000602180,commercial,7,8.3114,8.421120643615723
08000602377,commercial,7,8.3894,8.417255401611328
08000602539,commercial,7,8.1691,8.405868530273438
08000602547,commercial,7,8.1497,8.421354293823242
08000602563,commercial,7,8.222,8.405868530273438
08000602571,commercial,7,8.2927,8.422601699829102
08000602611,commercial,7,8.1497,8.421354293823242
08000602636,commercial,7,8.0835,8.422601699829102
08000602644,commercial,7,8.0835,8.422601699829102
08003900247,commercial,7,8.2446,8.364969253540039
08004000029,commercial,7,8.9002,8.39098834991455
08004700705,commercial,7,9.0195,8.492593765258789
08004703275,commercial,7,8.4527,8.4722900390625
08004703437,commercial,7,8.4014,8.470422744750977
08004703445,commercial,7,8.4014,8.470422744750977
08004703534,commercial,7,8.2194,8.528998374938965
08004703615,commercial,7,8.4219,8.462641716003418
08006100047,commercial,7,8.0529,8.49142837524414
08006701784,commercial,7,8.2251,8.124982833862305
08006800839,commercial,7,7.9137,8.736344337463379
08009000094,commercial,7,9.113,8.412538528442383
08009107077,commercial,7,8.0546,8.378780364990234
08009107425,commercial,7,7.9294,8.32076644897461
08009107689,commercial,7,7.9217,8.36594009399414
08009107761,commercial,7,7.8829,8.409597396850586
08010803121,commercial,7,8.1415,8.430901527404785
08010803189,commercial,7,8.1723,8.434138298034668
08010803308,commercial,7,7.8442,8.428007125854492
08010803340,commercial,7,8.052,8.446447372436523
08010803391,commercial,7,7.6049,8.457747459411621
08010803413,commercial,7,8.0418,8.460189819335938
08010804037,commercial,7,7.824,8.457901954650879
08010804096,commercial,7,8.0558,8.436103820800781
08010804101,commercial,7,7.9917,8.440309524536133
08010804126,commercial,7,7.8397,8.457901954650879
08013200991,commercial,7,8.2184,8.564826965332031
08013900126,commercial,7,8.4476,8.615585327148438
08015101980,commercial,7,8.3307,8.638069152832031
08015102790,commercial,7,8.3242,8.47140884399414
08015106249,commercial,7,8.8468,8.58604907989502
08015106291,commercial,7,8.9853,8.585232734680176
08015511801,commercial,7,8.4396,8.403566360473633
08015512174,commercial,7,8.6882,8.416650772094727
08015513308,commercial,7,8.534,8.424397468566895
08015513537,commercial,7,8.561,8.404457092285156
08015514452,commercial,7,8.6756,8.396743774414062
08015514460,commercial,7,8.6756,8.396743774414062
08015514533,commercial,7,8.532,8.405019760131836
08102400498,commercial,7,8.7044,9.102943420410156
08102400773,commercial,7,8.423,8.47128677368164
08102401427,commercial,7,8.4386,8.457942962646484
08102401915,commercial,7,8.3966,8.476783752441406
08102401923,commercial,7,8.3966,8.476783752441406
08102402271,commercial,7,8.232,8.485636711120605
08102600421,commercial,7,8.294,9.059310913085938
08104300296,commercial,7,8.6226,9.141998291015625
08106500209,commercial,7,8.9324,9.271001815795898
08108100046,commercial,7,9.2616,9.043718338012695
08108100348,commercial,7,9.0957,9.18238639831543
08108100526,commercial,7,8.9195,9.278310775756836
08108202078,commercial,7,8.7443,9.189452171325684
08112400598,commercial,0,9.7906,8.615753173828125
08112400644,commercial,0,9.5605,8.766829490661621
08113000054,commercial,0,9.4507,9.08677864074707
08113607536,commercial,0,8.8049,8.194500923156738
08113608621,commercial,0,8.3057,8.582379341125488
08113608648,commercial,0,8.3057,8.54407024383545
08113608656,commercial,0,8.3057,8.54407024383545
08113608664,commercial,0,8.3057,8.541178703308105
08113608672,commercial,0,8.3057,8.582379341125488
08116500031,commercial,0,8.9742,9.194397926330566
08116810677,commercial,0,8.3745,8.111666679382324
08116811460,commercial,0,8.301,8.105892181396484
08117800462,commercial,0,8.6995,8.894600868225098
08118200094,commercial,7,8.9718,8.929086685180664
08120800613,commercial,0,9.411,8.912256240844727
08120801482,commercial,0,8.3673,8.494120597839355
08121603137,commercial,0,8.6967,8.613229751586914
08122300073,commercial,0,9.3055,9.294698715209961
08122600107,commercial,0,9.6254,9.213846206665039
08122800467,commercial,0,9.4107,9.016328811645508
08122903002,commercial,0,8.1807,8.266410827636719
08122903010,commercial,0,8.2245,8.27527904510498
08122903029,commercial,0,8.1807,8.266410827636719
08122903037,commercial,0,8.2548,8.281975746154785
08123601344,commercial,0,8.538,8.58103084564209
08123601451,commercial,0,9.2594,8.58968448638916
08124200327,commercial,0,9.5442,8.915843963623047
08129100193,commercial,0,8.9825,9.067819595336914
08134101445,commercial,0,8.8503,8.45313835144043
08136402523,commercial,0,8.5862,8.615837097167969
08220600225,commercial,7,7.2843,8.29123592376709
08241400454,commercial,6,8.5203,8.947900772094727
08241400527,commercial,6,8.7734,8.956138610839844
08241400731,commercial,6,8.3917,8.931012153625488
08241400772,commercial,6,8.4771,8.937605857849121
08241701462,commercial,6,9.0722,8.628832817077637
08241701470,commercial,6,9.0959,8.615915298461914
08241703805,commercial,6,8.0761,8.718436241149902
08241704021,commercial,6,8.9815,8.778590202331543
08243700064,commercial,6,8.4957,8.68072509765625
08245817317,commercial,8,9.1649,8.262977600097656
08300901477,commercial,0,8.0382,8.238079071044922
08301501839,commercial,0,8.9102,8.490673065185547
08301501944,commercial,0,8.8049,8.335831642150879
08301600152,commercial,0,9.0603,8.265483856201172
08301600160,commercial,0,9.0123,8.252936363220215
08301600500,commercial,0,8.8256,8.315133094787598
08303200186,commercial,0,8.8533,8.759382247924805
08303200607,commercial,0,9.5897,8.949772834777832
08303204327,commercial,0,7.0821,8.500040054321289
08303205031,commercial,0,9.8911,9.261310577392578
08303216430,commercial,0,9.0798,8.959019660949707
08303216449,commercial,0,9.5072,8.96413803100586
08303501534,commercial,0,8.9338,8.520906448364258
08304400030,commercial,0,8.8694,8.840023040771484
08305201244,commercial,6,9.1494,8.86932373046875
08305201902,commercial,6,8.1117,8.844770431518555
08305201910,commercial,6,8.1117,8.844770431518555
08305201929,commercial,6,8.1918,8.844770431518555
08305201945,commercial,6,8.276,8.847061157226562
08305204413,commercial,6,8.38,8.949752807617188
08305204421,commercial,6,8.406,8.955686569213867
08305205630,commercial,6,8.5454,8.956990242004395
08305205649,commercial,6,8.6042,8.958433151245117
08305206122,commercial,6,8.4417,8.966093063354492
08305206130,commercial,6,8.4417,8.90498161315918
08305206149,commercial,6,8.4417,8.966093063354492
08305206157,commercial,6,8.4417,8.966093063354492
08305206165,commercial,6,8.3828,8.962417602539062
08305206173,commercial,6,8.2746,8.946244239807129
08305206181,commercial,6,8.3006,8.950860977172852
08305206191,commercial,6,8.3006,8.950860977172852
08305206203,commercial,6,8.3006,8.950860977172852
08305206211,commercial,6,8.3006,8.950860977172852
08305206221,commercial,6,8.3273,8.957483291625977
08305206238,commercial,6,8.3273,8.957483291625977
08305206254,commercial,6,8.3006,8.950860977172852
08305206262,commercial,6,8.3006,8.950860977172852
08305206270,commercial,6,8.3006,8.894344329833984
08305206289,commercial,6,8.2746,8.89042854309082
08305206297,commercial,6,8.3828,8.905621528625488
08305206319,commercial,6,8.4417,8.90498161315918
08305206327,commercial,6,8.3828,8.905621528625488
08305206378,commercial,6,8.4417,8.966093063354492
08305206386,commercial,6,8.3828,8.905621528625488
08305206408,commercial,6,8.3006,8.894344329833984
08305206513,commercial,6,8.5454,8.968681335449219
08305206521,commercial,6,8.6042,8.973701477050781
08305600696,commercial,6,9.5548,9.096986770629883
08305700410,commercial,6,9.0241,8.800025939941406
08305700437,commercial,6,9.0241,8.800025939941406
08305700445,commercial,6,9.0241,8.800025939941406
08305700453,commercial,6,9.0241,8.800025939941406
08305700461,commercial,6,9.0241,8.800025939941406
08307500273,commercial,0,9.097,8.95705795288086
08309600674,commercial,0,8.8902,8.53685474395752
08310303467,commercial,6,9.0302,9.18768310546875
08310303475,commercial,6,9.03,9.189216613769531
08318701712,commercial,6,9.4375,8.84896469116211
08318706781,commercial,6,8.7798,8.893021583557129
08318706791,commercial,6,8.775,8.88981819152832
08318801458,commercial,6,8.5404,8.908002853393555
08319100801,commercial,0,9.4319,8.899421691894531
08319100811,commercial,0,9.4014,8.827703475952148
08319303893,commercial,6,8.8258,9.000247955322266
08319303907,commercial,6,8.8905,8.780580520629883
08319303915,commercial,6,8.8929,8.746322631835938
08319304113,commercial,6,8.4219,8.819062232971191
08319500540,commercial,6,9.5463,9.247629165649414
08319702747,commercial,6,8.4138,8.559514045715332
08320103118,commercial,6,7.9327,8.636735916137695
08320103851,commercial,6,8.0952,8.631322860717773
08320500990,commercial,0,9.3355,8.45363998413086
08321201921,commercial,0,8.3593,8.428956031799316
08321202373,commercial,0,8.442,8.410943031311035
08321202608,commercial,0,8.0782,8.400887489318848
08321202659,commercial,0,8.3856,8.393501281738281
08321202675,commercial,0,8.8319,8.424154281616211
08321801374,commercial,6,9.2247,8.88560962677002
08322003978,commercial,6,8.7279,8.706376075744629
08322004036,commercial,6,8.2548,8.701074600219727
08322004109,commercial,6,8.5364,8.717754364013672
08322005601,commercial,6,8.1695,8.787816047668457
08322005611,commercial,6,8.1695,8.803630828857422
08322005660,commercial,6,8.4177,8.75139045715332
08322005849,commercial,6,8.5295,8.71814250946045
08322005849,commercial,6,8.2491,8.71531867980957
08322005891,commercial,6,8.4844,8.734100341796875
08322005921,commercial,6,8.6268,8.725059509277344
08322006233,commercial,6,8.429,8.706491470336914
08322006241,commercial,6,8.4688,8.714513778686523
08322006251,commercial,6,8.429,8.706491470336914
08322006837,commercial,6,8.3592,8.727455139160156
08322006993,commercial,6,8.4995,8.811019897460938
08322007000,commercial,6,8.5605,8.748359680175781
08322007019,commercial,6,8.5605,8.748359680175781
08322007434,commercial,6,8.3373,8.727901458740234
08322007442,commercial,6,8.3774,8.735719680786133
08322007450,commercial,6,8.3373,8.727901458740234
08322007477,commercial,6,8.4236,8.75139045715332
08322007744,commercial,6,8.26,8.886062622070312
08322007779,commercial,6,8.4097,8.737525939941406
08322008155,commercial,6,8.4751,8.706376075744629
08322008309,commercial,6,8.5898,8.454221725463867
08322008333,commercial,6,8.4072,8.709314346313477
08322008341,commercial,6,8.378,8.702954292297363
08400800311,commercial,6,8.7796,9.058950424194336
08404200221,commercial,6,9.966,9.033029556274414
08501311359,commercial,6,8.3784,8.866373062133789
08501713031,commercial,6,8.2213,8.916837692260742
08501713120,commercial,6,8.2297,8.771686553955078
08501713139,commercial,6,8.4727,8.829910278320312
08501713236,commercial,6,8.2829,8.766876220703125
08501713333,commercial,6,8.4138,8.844537734985352
08502501100,commercial,6,9.5085,8.721406936645508
08502904132,commercial,6,7.6348,8.213997840881348
08507800580,commercial,6,8.8115,8.862564086914062
08507800602,commercial,6,8.8115,8.862564086914062
08507800610,commercial,6,8.8479,8.859916687011719
08509500223,commercial,6,9.6158,8.956899642944336
08509510474,commercial,6,7.8982,8.431236267089844
08509510865,commercial,6,8.5898,8.186574935913086
08509511349,commercial,6,8.3666,8.18515396118164
08509511421,commercial,6,8.0789,8.16265869140625
08509511438,commercial,6,8.0789,8.185638427734375
08509511454,commercial,6,8.0789,8.180495262145996
08509511462,commercial,6,8.0789,8.185638427734375
08510004366,commercial,6,8.503,8.461665153503418
08510004404,commercial,6,8.5462,8.464324951171875
08510004722,commercial,6,8.545,8.45863151550293
08510004821,commercial,6,8.474,8.461665153503418
08512700211,commercial,6,8.8597,8.860963821411133
08514300229,commercial,6,8.3837,8.872103691101074
08515800365,commercial,6,9.0793,8.854094505310059
08516600564,commercial,6,8.4764,8.894052505493164
08516600610,commercial,6,9.3243,8.682008743286133
08528000338,commercial,6,9.498,8.84524917602539
08542800265,commercial,6,8.1337,8.747831344604492
08542800273,commercial,6,7.8687,8.758962631225586
08542800303,commercial,6,8.1053,8.733989715576172
08542800419,commercial,6,7.8807,8.491683959960938
08542800559,commercial,6,7.8636,8.74560546875
08542800583,commercial,6,8.1057,8.793210983276367
08542800699,commercial,6,7.8544,8.555167198181152
08542800729,commercial,6,8.1056,8.57719898223877
08543900085,commercial,6,9.3329,8.86284065246582
08543900204,commercial,6,9.0901,8.641420364379883
08544100074,commercial,6,9.2512,8.980302810668945
08544500765,commercial,6,7.835,8.722475051879883
08544501451,commercial,6,8.1003,8.28232479095459
08544501583,commercial,6,7.9706,8.291559219360352
08544501591,commercial,6,7.9706,8.291559219360352
08544501745,commercial,6,8.099,8.29798698425293
08544501788,commercial,6,7.9931,8.291559219360352
08544502008,commercial,6,8.1242,8.260210037231445
08544502393,commercial,6,8.1938,8.300612449645996
08544600379,commercial,6,8.8835,8.799333572387695
08544601014,commercial,6,8.0838,8.507328033447266
08544601073,commercial,6,7.8316,8.647903442382812
08544800572,commercial,6,7.7993,8.499772071838379
08544800580,commercial,6,7.818,8.706388473510742
08544800645,commercial,6,7.8519,8.728236198425293
08544801137,commercial,6,7.8878,8.566366195678711
08545000375,commercial,6,8.5003,8.88908863067627
08549700691,commercial,6,8.2588,8.686660766601562
08550001759,commercial,6,8.7775,8.61271858215332
08550001767,commercial,6,8.7775,8.61271858215332
08550400912,commercial,6,7.9587,8.407430648803711
08550500348,commercial,6,8.2721,8.49642562866211
08550500356,commercial,6,8.5028,8.496261596679688
08550500364,commercial,6,8.2609,8.486370086669922
08550500372,commercial,6,8.5028,8.496261596679688
08550500399,commercial,6,8.4056,8.494688034057617
08550501115,commercial,6,8.3049,8.475727081298828
08550502618,commercial,6,8.6398,8.48550796508789
08551301691,commercial,6,9.437,8.855859756469727
08551401254,commercial,6,8.3289,8.309423446655273
08551401998,commercial,6,8.585,8.704490661621094
08551700758,commercial,6,9.0516,8.296645164489746
08552500817,commercial,6,9.4941,8.366983413696289
08552502836,commercial,6,8.2952,8.461380958557129
08552502887,commercial,6,8.2952,8.474843978881836
08552503042,commercial,6,8.0638,8.461106300354004
08552503050,commercial,6,8.0638,8.461106300354004
08552600528,commercial,6,7.2179,8.750083923339844
08552601311,commercial,6,7.9048,8.175237655639648
08553400451,commercial,6,8.7765,8.789471626281738
08553400832,commercial,6,8.0301,8.693774223327637
08553401431,commercial,6,8.0399,8.26046371459961
08553401499,commercial,6,7.6642,8.252854347229004
08553401911,commercial,6,7.5464,8.227372169494629
08554002611,commercial,6,8.1043,8.499358177185059
08554002628,commercial,6,8.0334,8.49044132232666
08554002695,commercial,6,8.1646,8.49604320526123
08554002709,commercial,6,8.2034,8.488393783569336
08554003187,commercial,6,7.8886,8.48577880859375
08554003195,commercial,6,7.9156,8.486063003540039
08554003470,commercial,6,7.9644,8.486063003540039
08554003594,commercial,6,8.9246,8.486520767211914
08554004061,commercial,6,8.3127,8.50324821472168
08554004124,commercial,6,8.1346,8.609004974365234
08554004132,commercial,6,8.1838,8.638458251953125
08554004140,commercial,6,8.1128,8.600513458251953
08554004159,commercial,6,8.2345,8.576238632202148
08554102967,commercial,6,8.076,8.714493751525879
08554103033,commercial,6,8.1807,8.539173126220703
08554103041,commercial,6,7.893,8.543292045593262
08554103041,commercial,6,8.0953,8.537891387939453
08554103051,commercial,6,7.9512,8.540730476379395
08554103068,commercial,6,8.1109,8.540730476379395
08554103432,commercial,6,8.1807,8.537891387939453
08554103467,commercial,6,8.1058,8.541831970214844
08554103505,commercial,6,8.6102,8.543649673461914
08554103513,commercial,6,8.5744,8.53943920135498
08554103580,commercial,6,8.5744,8.53943920135498
08554103599,commercial,6,8.6133,8.544536590576172
08559101330,commercial,6,8.3052,8.497515678405762
08559102574,commercial,6,8.7057,8.50001049041748
08559102582,commercial,6,8.7057,8.50001049041748
08559102590,commercial,6,8.7057,8.50001049041748
08559102612,commercial,6,8.7243,8.500946998596191
08559102620,commercial,6,8.7057,8.50001049041748
08559102647,commercial,6,8.7036,8.500446319580078
08559104781,commercial,6,8.729,8.492618560791016
08559104852,commercial,6,8.382,8.4934663772583
08559105182,commercial,6,8.9151,8.492618560791016
08559105190,commercial,6,8.9379,8.4934663772583
08559105425,commercial,6,8.619,8.510698318481445
08559106431,commercial,6,8.1807,8.511275291442871
08559112863,commercial,6,9.0923,8.695442199707031
08559800131,commercial,6,9.4552,8.818876266479492
08563204521,commercial,6,8.635,8.548723220825195
08563204645,commercial,6,8.5597,8.59882926940918
08563204645,commercial,6,8.6797,8.59882926940918
08563204653,commercial,6,8.6113,8.576574325561523
08563204653,commercial,6,8.4898,8.576574325561523
08563204688,commercial,6,8.314,8.537334442138672
08563204696,commercial,6,8.3267,8.540167808532715
08564100241,commercial,6,8.0653,8.556796073913574
08564100258,commercial,6,7.8612,8.648482322692871
08564100312,commercial,6,7.8364,8.656356811523438
08564100878,commercial,6,8.0615,8.402017593383789
08564120593,commercial,6,8.6686,8.563993453979492
08564120641,commercial,6,8.5344,8.547433853149414
08564706121,commercial,6,9.0049,8.528413772583008
08565500292,commercial,6,8.4631,8.446090698242188
08565500489,commercial,6,8.3554,8.442549705505371
08565500497,commercial,6,8.2171,8.4476900100708
08565500543,commercial,6,8.2708,8.433401107788086
08565501930,commercial,6,8.2879,8.458099365234375
08565502112,commercial,6,7.5239,8.440765380859375
08565703703,commercial,6,8.6551,8.490753173828125
08565703711,commercial,6,8.6125,8.470702171325684
08565704572,commercial,6,8.8247,8.482149124145508
08565704971,commercial,6,8.4333,8.470382690429688
08565705145,commercial,6,8.2836,8.519408226013184
08565705331,commercial,6,8.6305,8.470702171325684
08565705366,commercial,6,8.5172,8.47412109375
08565706583,commercial,6,9.0818,8.93109130859375
08565706591,commercial,6,9.0819,8.931646347045898
08565706605,commercial,6,9.0818,8.93109130859375
08565706613,commercial,6,9.0819,8.931646347045898
08565706621,commercial,6,9.0818,8.93109130859375
08565706631,commercial,6,9.0819,8.931646347045898
08565706656,commercial,6,9.0819,8.931646347045898
08565706664,commercial,6,9.0818,8.93109130859375
08565706672,commercial,6,9.0819,8.931646347045898
08565706680,commercial,6,9.0818,8.93109130859375
08565706699,commercial,6,9.0819,8.931646347045898
08565706702,commercial,6,9.0821,8.929853439331055
08565706729,commercial,6,9.2299,8.929859161376953
08565706737,commercial,6,9.0818,8.93109130859375
08565706761,commercial,6,9.2299,8.929859161376953
08565706771,commercial,6,9.0818,8.93109130859375
08565707016,commercial,6,9.3746,8.924888610839844
08565707024,commercial,6,9.401,8.859382629394531
08565707288,commercial,6,9.379,8.949112892150879
08565707296,commercial,6,9.379,8.949112892150879
08565707334,commercial,6,9.3953,8.95022964477539
08566400518,commercial,6,9.313,8.593729972839355
08566400534,commercial,6,9.3063,8.59627628326416
08566400569,commercial,6,9.2092,8.591203689575195
08566400585,commercial,6,9.2092,8.591203689575195
08566400593,commercial,6,9.3157,8.593729972839355
08566400623,commercial,6,9.2004,8.59627628326416
08566400631,commercial,6,9.3157,8.592940330505371
08566400658,commercial,6,9.3133,8.591156005859375
08566400666,commercial,6,9.2004,8.59627628326416
08566400674,commercial,6,9.3115,8.58610725402832
08566400682,commercial,6,9.2004,8.59627628326416
08566400712,commercial,6,9.3072,8.585114479064941
08566400720,commercial,6,9.2092,8.591203689575195
08566400739,commercial,6,9.2827,8.588720321655273
08566400747,commercial,6,9.2139,8.589155197143555
08566502345,commercial,6,8.203,8.482346534729004
08566502353,commercial,6,8.5064,8.492011070251465
08566502361,commercial,6,8.203,8.482346534729004
08566502728,commercial,6,8.536,8.5152587890625
08566502736,commercial,6,8.4623,8.569269180297852
08566502744,commercial,6,8.4623,8.569269180297852
08566502752,commercial,6,8.536,8.5152587890625
08566502760,commercial,6,8.536,8.5152587890625
08566502779,commercial,6,8.4623,8.569269180297852
08566502795,commercial,6,8.536,8.5152587890625
08566600037,commercial,6,8.7862,8.456621170043945
08566600525,commercial,6,8.4892,8.452014923095703
08566601467,commercial,6,8.6054,8.461813926696777
08566601629,commercial,6,8.8503,8.435765266418457
08566601831,commercial,6,8.7932,8.416586875915527
08566601981,commercial,6,8.7072,8.42825698852539
08566603230,commercial,6,8.7859,8.44827938079834
08566603389,commercial,6,8.6767,8.428434371948242
08600200660,commercial,6,7.8876,8.289532661437988
08600600634,commercial,6,8.3871,8.524880409240723
08600600847,commercial,6,9.4197,8.453643798828125
08600604087,commercial,6,7.5203,8.265539169311523
08600604133,commercial,6,7.5203,8.265539169311523
08600604338,commercial,6,7.8152,8.266763687133789
08600604346,commercial,6,7.8152,8.266763687133789
08600604389,commercial,6,7.574,8.265378952026367
08600604397,commercial,6,7.574,8.265378952026367
08600604400,commercial,6,7.574,8.265378952026367
08600604419,commercial,6,7.574,8.265378952026367
08600604427,commercial,6,7.574,8.265378952026367
08600800102,commercial,6,8.5434,8.534648895263672
08600802768,commercial,6,8.1047,8.238451957702637
08600802873,commercial,6,7.9768,8.230403900146484
08600901871,commercial,6,8.2272,8.484020233154297
08600901952,commercial,6,8.7065,8.495765686035156
08600902134,commercial,6,8.3814,8.49599838256836
08600902215,commercial,6,8.7072,8.503263473510742
08600902266,commercial,6,8.3814,8.49599838256836
08600902398,commercial,6,8.3814,8.49599838256836
08600902525,commercial,6,8.3814,8.49599838256836
08600902657,commercial,6,8.3814,8.49599838256836
08600902762,commercial,6,8.3349,8.493633270263672
08600902770,commercial,6,8.4039,8.493633270263672
08600902983,commercial,6,8.363,8.49599838256836
08600903556,commercial,6,9.0317,8.76082706451416
08601000525,commercial,6,8.2967,8.193603515625
08601002382,commercial,6,7.8456,8.081338882446289
08601002420,commercial,6,7.7522,8.079582214355469
08601003087,commercial,6,7.7522,8.080514907836914
08601303609,commercial,6,8.875,8.650901794433594
08601303617,commercial,6,8.8073,8.633009910583496
08601303625,commercial,6,8.7278,8.674383163452148
08601303633,commercial,6,8.7211,8.674178123474121
08601303641,commercial,6,8.7407,8.693927764892578
08601303651,commercial,6,8.7407,8.693927764892578
08602501791,commercial,6,8.0668,8.196088790893555
08603303061,commercial,6,9.1909,8.539016723632812
08603900434,commercial,6,9.7975,8.596979141235352
08604000704,commercial,6,8.1698,8.143731117248535
08604000712,commercial,6,7.8456,8.140971183776855
08604000720,commercial,6,7.7229,8.122881889343262
08604001301,commercial,6,8.2029,8.226054191589355
08604001409,commercial,6,8.1812,8.21156120300293
08604001425,commercial,6,8.1229,8.239320755004883
08604001638,commercial,6,8.0569,8.19213581085205
08604002014,commercial,6,8.2642,8.23155689239502
08604700201,commercial,6,9.5821,8.87269401550293
08606900478,commercial,6,9.0881,8.51982307434082
08606900486,commercial,6,9.0793,8.52308464050293
08606901873,commercial,6,8.0158,8.189957618713379
08606902373,commercial,6,8.1399,8.188652992248535
08607100221,commercial,6,9.4535,8.829727172851562
08607302906,commercial,6,8.3321,8.26479721069336
08608300801,commercial,6,8.4412,8.791306495666504
08609500233,commercial,6,8.6226,8.741390228271484
08610200086,commercial,6,8.6708,8.586492538452148
08610200108,commercial,6,8.7309,8.78669548034668
08610200108,commercial,6,8.9923,8.78669548034668
08616001948,commercial,6,8.5856,8.402835845947266
08616700358,commercial,6,8.2472,8.885468482971191
08616900357,commercial,6,8.363,8.873866081237793
08620602845,commercial,6,8.4795,8.47038459777832
08620604155,commercial,6,8.1456,8.47799301147461
08620604198,commercial,6,8.4232,8.461288452148438
08620604570,commercial,6,8.2215,8.467662811279297
08624000319,commercial,6,8.3506,8.68303394317627
08624400600,commercial,6,8.9109,8.47612190246582
08625800361,commercial,6,9.1572,8.466451644897461
08625800408,commercial,6,8.9591,8.406109809875488
08625800424,commercial,6,8.9869,8.413837432861328
08625800432,commercial,6,8.9591,8.406109809875488
08625800440,commercial,6,9.1891,8.457443237304688
08625801341,commercial,6,9.3243,8.466451644897461
08625801412,commercial,6,9.0043,8.459663391113281
08625801447,commercial,6,9.2517,8.425543785095215
08630000112,commercial,6,9.1056,8.650617599487305
08630800313,commercial,6,8.672,8.531515121459961
08633800357,commercial,6,8.5895,8.730794906616211
08637502784,commercial,6,8.4906,8.59901237487793
08637502830,commercial,6,8.3724,8.5368070602417
08637503020,commercial,6,8.4408,8.572715759277344
08637503713,commercial,6,8.5652,8.56971549987793
08637503721,commercial,6,8.5778,8.558427810668945
08637504078,commercial,6,7.6872,8.572715759277344
08637504086,commercial,6,7.7097,8.590391159057617
08637504094,commercial,6,7.7163,8.582595825195312
08637504213,commercial,6,7.6872,8.572715759277344
08637504671,commercial,6,8.7093,8.55638313293457
08637504809,commercial,6,8.7265,8.576131820678711
08637504817,commercial,6,8.7093,8.55638313293457
08637504825,commercial,6,8.6797,8.549459457397461
08637504957,commercial,6,8.5007,8.5672025680542
08637504965,commercial,6,8.392,8.548818588256836
08639012202,commercial,6,8.2024,8.30790901184082
08639012547,commercial,6,8.635,8.31727409362793
08639012555,commercial,6,8.4256,8.322644233703613
08639012581,commercial,6,8.4392,8.32133674621582
08639013561,commercial,6,8.5915,8.324041366577148
08703500543,commercial,2,8.8123,7.883933067321777
08705400147,commercial,2,8.5289,8.46438217163086
08707506910,commercial,2,8.4372,8.25743293762207
08707507410,commercial,2,8.4278,8.204700469970703
08707507437,commercial,2,8.2775,8.26974868774414
08707508182,commercial,2,8.2659,8.266693115234375
08707901003,commercial,2,7.9254,8.194467544555664
08707901011,commercial,2,7.8623,8.194534301757812
08707901038,commercial,2,8.1117,8.193572998046875
08707901100,commercial,2,8.6604,8.189420700073242
08707901313,commercial,2,8.4361,8.197606086730957
08707901356,commercial,2,8.1437,8.197606086730957
08707901399,commercial,2,8.3781,8.19495677947998
08707901445,commercial,2,7.9908,8.191316604614258
08707902255,commercial,2,8.1052,8.189420700073242
08707902344,commercial,2,8.1437,8.192118644714355
08707902441,commercial,2,8.207,8.200601577758789
08707902638,commercial,2,8.0235,8.193096160888672
08707902794,commercial,2,8.1624,8.190998077392578
08707903162,commercial,2,7.7832,8.168598175048828
08708701555,commercial,2,8.6832,8.230207443237305
08708701709,commercial,2,8.6629,8.33462142944336
08708701997,commercial,2,8.4996,8.241676330566406
08708702489,commercial,2,8.4134,8.239105224609375
08708703426,commercial,2,8.5172,8.262929916381836
08708703434,commercial,2,8.4992,8.256609916687012
08708703795,commercial,2,8.576,8.21609878540039
08708703965,commercial,2,8.6648,8.219792366027832
08709600396,commercial,2,9.0745,8.79632568359375
08712700452,commercial,6,8.3774,8.94798755645752
08713800205,commercial,6,9.509,8.500611305236816
08714700751,commercial,6,7.0925,8.219423294067383
08714701367,commercial,6,7.7362,8.217979431152344
08714800934,commercial,6,7.6843,8.273187637329102
08716101405,commercial,6,7.5617,8.10279655456543
08716102053,commercial,6,7.4848,8.118115425109863
08716500741,commercial,6,8.0064,8.145442962646484
08717000785,commercial,6,8.2185,8.559103965759277
08717000807,commercial,6,8.1834,8.551876068115234
08717000815,commercial,6,8.0633,8.565267562866211
08717000963,commercial,6,7.9853,8.584532737731934
08717000971,commercial,6,8.0769,8.58021354675293
08717000981,commercial,6,8.0633,8.565267562866211
08717000998,commercial,6,8.3075,8.604682922363281
08717001072,commercial,6,8.5952,8.52829647064209
08717001080,commercial,6,8.5952,8.52829647064209
08717001099,commercial,6,8.6088,8.526468276977539
08717001285,commercial,6,8.2783,8.569469451904297
08717001285,commercial,6,8.6785,8.584532737731934
08717001536,commercial,6,8.4616,8.604682922363281
08717001730,commercial,6,8.181,8.569469451904297
08717001781,commercial,6,8.1352,8.565689086914062
08717001986,commercial,6,8.1644,8.52829647064209
08717002192,commercial,6,8.6269,8.552029609680176
08717002291,commercial,6,8.5906,8.605512619018555
08717002524,commercial,6,8.3174,8.542282104492188
08717002532,commercial,6,8.1799,8.532892227172852
08717002796,commercial,6,8.2562,8.542282104492188
08717002966,commercial,6,8.2562,8.542282104492188
08717003016,commercial,6,8.2108,8.542132377624512
08717003032,commercial,6,8.6032,8.559103965759277
08717003040,commercial,6,8.6288,8.549276351928711
08717003083,commercial,6,8.3399,8.531747817993164
08717003393,commercial,6,8.2395,8.598968505859375
08717003407,commercial,6,8.4637,8.526468276977539
08717003415,commercial,6,8.473,8.52829647064209
08717003423,commercial,6,8.473,8.52829647064209
08717003611,commercial,6,8.2413,8.537786483764648
08717003652,commercial,6,8.2556,8.584699630737305
08717003679,commercial,6,8.2733,8.58021354675293
08717003751,commercial,6,8.2623,8.548733711242676
08717003768,commercial,6,8.2341,8.54271125793457
08717004160,commercial,6,8.5351,8.539161682128906
08717004241,commercial,6,8.311,8.551992416381836
08717004391,commercial,6,8.3455,8.551992416381836
08717004772,commercial,6,8.3973,8.53593635559082
08717004780,commercial,6,8.3869,8.537786483764648
08717004829,commercial,6,8.2496,8.543097496032715
08717801753,commercial,6,7.9374,8.149150848388672
08717801915,commercial,6,8.0283,8.130681991577148
08717802091,commercial,6,7.9374,8.144697189331055
08717802636,commercial,6,7.3943,8.14413070678711
08718000576,commercial,6,7.0447,8.593851089477539
08718000584,commercial,6,7.1648,8.569685935974121
08718003923,commercial,6,8.4547,8.399744033813477
08718004202,commercial,6,8.9252,8.344026565551758
08718700276,commercial,6,9.4735,8.66329288482666
08718800386,commercial,6,8.4179,8.777193069458008
08719002289,commercial,6,8.0064,8.233875274658203
08719002459,commercial,6,8.0602,8.186410903930664
08719002629,commercial,6,8.064,8.180370330810547
08719002637,commercial,6,8.0182,8.189634323120117
08719002645,commercial,6,7.9883,8.188175201416016
08719002823,commercial,6,8.0002,8.220560073852539
08722900373,commercial,2,9.5712,8.652822494506836
08730500311,commercial,2,8.5316,8.76089859008789
08731511023,commercial,2,7.6678,8.275876998901367
08731511031,commercial,2,7.9544,8.259023666381836
08731511198,commercial,2,7.7782,8.264283180236816
08731511351,commercial,2,8.1706,8.189865112304688
08731511457,commercial,2,7.8871,8.194975852966309
08731511521,commercial,2,7.516,8.192663192749023
08731511783,commercial,2,8.0652,8.202985763549805
08731511783,commercial,2,7.8398,8.202985763549805
08731511961,commercial,2,7.9493,8.20826530456543
08731512097,commercial,2,7.9486,8.214290618896484
08731512097,commercial,2,7.8621,8.20659065246582
08731512127,commercial,2,7.9076,8.205429077148438
08731512305,commercial,2,8.1551,8.266216278076172
08731512461,commercial,2,8.1488,8.268129348754883
08731512615,commercial,2,7.9916,8.263835906982422
08731512623,commercial,2,8.1488,8.268129348754883
08731512658,commercial,2,7.6227,8.25090217590332
08731512771,commercial,2,7.9979,8.26205062866211
08731512781,commercial,2,8.1551,8.266216278076172
08731512917,commercial,2,7.8061,8.199519157409668
08731513050,commercial,2,7.9964,8.219762802124023
08731513301,commercial,2,7.9671,8.202350616455078
08731513425,commercial,2,7.9671,8.204339981079102
08731514391,commercial,2,7.8366,8.268068313598633
08731514669,commercial,2,7.9964,8.20659065246582
08731514847,commercial,2,7.8586,8.20826530456543
08731515037,commercial,2,7.9226,8.194975852966309
08733300364,commercial,2,9.036,8.990205764770508
08734501029,commercial,2,7.2577,8.756155014038086
08743011284,commercial,8,8.4535,8.58554744720459
08743011292,commercial,8,7.9208,8.584187507629395
08743011489,commercial,8,7.9676,8.586564064025879
08743011551,commercial,8,7.9752,8.621929168701172
08743011667,commercial,8,7.9635,8.58684253692627
08743011675,commercial,8,7.9461,8.587409973144531
08743011683,commercial,8,8.0268,8.603530883789062
08743011691,commercial,8,7.9804,8.565353393554688
08743011713,commercial,8,7.8645,8.586175918579102
08743011731,commercial,8,7.808,8.60528564453125
08743011802,commercial,8,8.5004,8.59228801727295
08743011802,commercial,8,8.1371,8.603937149047852
08743011871,commercial,8,7.9448,8.570512771606445
08743011942,commercial,8,7.8075,8.57459831237793
08743011993,commercial,8,7.5959,8.6114501953125
08743012019,commercial,8,7.9686,8.59312629699707
08743012035,commercial,8,7.9417,8.595320701599121
08743012051,commercial,8,8.0153,8.593753814697266
08743012078,commercial,8,7.8776,8.588881492614746
08743012371,commercial,8,7.9133,8.592618942260742
08743012388,commercial,8,7.9133,8.592618942260742
08743012396,commercial,8,7.8825,8.592016220092773
08743012418,commercial,8,7.9155,8.60330581665039
08743012485,commercial,8,7.9806,8.591243743896484
08743012531,commercial,8,7.8567,8.592016220092773
08743012541,commercial,8,7.8567,8.592016220092773
08743804497,commercial,8,7.9576,8.650197982788086
08743804705,commercial,8,8.5982,8.580439567565918
08743804861,commercial,8,7.9576,8.645915985107422
08743805401,commercial,8,9.1377,8.600143432617188
08743805418,commercial,8,9.0881,8.600955963134766
08743805442,commercial,8,9.0041,8.6504487991333
08743805450,commercial,8,9.0682,8.658824920654297
08744401061,commercial,6,7.3698,8.919757843017578
08745900671,commercial,8,8.7146,8.66530990600586
08746000046,commercial,2,7.7949,8.684347152709961
08746000054,commercial,2,7.7949,8.684347152709961
08801200242,commercial,2,8.6842,8.717248916625977
08801400667,commercial,2,8.1658,8.397966384887695
08802500959,commercial,2,7.8847,8.303659439086914
08802501300,commercial,2,7.9418,8.293185234069824
08802501319,commercial,2,8.0472,8.291915893554688
08802502129,commercial,2,8.4219,7.862874984741211
08802502242,commercial,2,8.5947,7.817154884338379
08802502285,commercial,2,8.55,7.857679843902588
08802502730,commercial,2,7.4699,7.861705780029297
08802502961,commercial,2,8.2331,7.8592424392700195
08802503291,commercial,2,8.87,8.559013366699219
08802503346,commercial,2,8.91,8.517837524414062
08802600147,commercial,2,9.509,8.325235366821289
08803202404,commercial,2,8.0338,8.503274917602539
08803400966,commercial,2,8.833,8.416231155395508
08803401989,commercial,2,9.3,8.673290252685547
08803505385,commercial,2,8.0666,7.730139255523682
08803505660,commercial,2,8.0164,7.7349534034729
08803700390,commercial,2,9.2553,8.92951488494873
08803703365,commercial,2,7.9999,7.919439315795898
08803703421,commercial,2,7.2759,7.897851943969727
08803800271,commercial,2,9.0086,8.693283081054688
08804300388,commercial,2,7.51,8.413372039794922
08804603976,commercial,6,8.0294,8.938312530517578
08805300209,commercial,6,9.2233,8.879037857055664
08805300217,commercial,6,9.0275,8.725005149841309
08805300225,commercial,6,9.4895,8.848434448242188
08805300489,commercial,6,9.5596,8.95079231262207
08806200321,commercial,6,9.2331,8.724496841430664
08818400088,commercial,2,8.6042,8.730083465576172
08819400057,commercial,2,8.9523,9.007553100585938
08822200756,commercial,2,8.811,8.864943504333496
08901300117,commercial,6,8.7313,8.839482307434082
08907000166,commercial,2,8.2565,8.114006996154785
08910202467,commercial,2,8.5007,8.152671813964844
08911303951,commercial,2,8.5877,8.366642951965332
08918300387,commercial,2,7.7634,8.157888412475586
08928800080,commercial,1,7.185,8.234119415283203
08931503741,commercial,1,7.7343,7.748534679412842
08933900268,commercial,1,8.3026,8.42623519897461
08934000767,commercial,1,8.6475,8.443936347961426
08934300515,commercial,1,9.2747,8.479196548461914
08943100906,commercial,6,8.3906,8.25133228302002
08949900343,commercial,1,8.1813,8.159652709960938
08958200383,commercial,2,9.1569,8.816940307617188
08958700181,commercial,2,9.2733,8.465493202209473
09006000728,commercial,2,8.8089,8.182043075561523
09006700142,commercial,2,9.5888,8.55848503112793
09009700135,commercial,2,7.255,8.289082527160645
09014200013,commercial,2,8.7317,8.323321342468262
09016200150,commercial,2,9.2937,8.566263198852539
09019600184,commercial,2,7.6888,8.43539047241211
09021000431,commercial,2,9.3065,8.507431030273438
09041300155,commercial,2,8.8234,8.321990966796875
09046303985,commercial,2,8.2152,7.8676958084106445
09046303993,commercial,2,8.2152,7.848204612731934
09046304051,commercial,2,7.6551,7.8651628494262695
09046304175,commercial,2,7.6009,7.828312397003174
09046304191,commercial,2,8.2065,7.828312397003174
09046304213,commercial,2,7.6009,7.828312397003174
09046304221,commercial,2,7.6009,7.828312397003174
09046304264,commercial,2,8.1369,7.86275577545166
09046304272,commercial,2,8.1369,7.86275577545166
09046304302,commercial,2,7.4917,7.867335319519043
09046304310,commercial,2,7.4917,7.867335319519043
09046304353,commercial,2,7.6038,7.867335319519043
09046304523,commercial,2,7.6522,7.827845573425293
09046304531,commercial,2,8.2149,7.825057029724121
09046304566,commercial,2,8.1369,7.87822961807251
09046304574,commercial,2,7.6557,7.885165691375732
09046304574,commercial,2,8.1369,7.87822961807251
09046304582,commercial,2,7.6044,7.884178161621094
09046304604,commercial,2,8.1369,7.86275577545166
09046304612,commercial,2,8.1369,7.87822961807251
09046304639,commercial,2,8.2295,7.879530906677246
09046304655,commercial,2,7.6044,7.884178161621094
09046304701,commercial,2,8.1369,7.87822961807251
09047600320,commercial,2,8.8302,8.254096984863281
09101203681,commercial,1,7.9935,8.192155838012695
09101204076,commercial,1,7.8982,8.1934232711792
09101204491,commercial,1,7.646,8.196308135986328
09101700601,commercial,1,8.4621,7.687280654907227
09102400413,commercial,1,8.1536,8.043020248413086
09106101860,commercial,1,7.8142,8.126126289367676
09106101879,commercial,1,7.8136,8.12429428100586
09106101909,commercial,1,7.9632,8.21780014038086
09106102182,commercial,1,7.9748,8.212738037109375
09106102204,commercial,1,7.8921,8.246318817138672
09106103545,commercial,1,7.9041,8.19713020324707
09106103936,commercial,1,7.915,8.242900848388672
09106103944,commercial,1,7.7627,8.24616813659668
09106103952,commercial,1,7.7627,8.24616813659668
09106104282,commercial,1,7.8938,8.21961784362793
09106104827,commercial,1,7.8476,8.261651039123535
09106104835,commercial,1,7.8476,8.261651039123535
09106105327,commercial,1,8.0614,8.222071647644043
09106105424,commercial,1,7.724,8.259607315063477
09125500449,commercial,2,8.0934,8.339531898498535
09125500457,commercial,2,8.1425,8.52412223815918
09129500011,commercial,2,7.3702,7.9018754959106445
09136800211,commercial,2,8.5244,7.899031639099121
09143200036,commercial,2,7.8178,8.194206237792969
09159408936,commercial,1,8.0116,8.316184997558594
09159408979,commercial,1,8.0151,8.215545654296875
09159409126,commercial,1,8.2457,8.316568374633789
09159409134,commercial,1,8.2457,8.316568374633789
09159409185,commercial,1,8.2946,8.307449340820312
09159409193,commercial,1,8.2946,8.307449340820312
09159409207,commercial,1,8.2888,8.318998336791992
09301500159,commercial,2,8.0134,8.318986892700195
09415100214,commercial,2,7.5829,7.779203414916992
09502200179,commercial,2,7.9831,7.942523956298828
09528400256,commercial,2,7.3192,8.163644790649414
09530800241,commercial,2,9.0124,8.108233451843262
09536400049,commercial,2,8.294,8.058989524841309
09536500116,commercial,2,7.6905,8.478265762329102
09543800030,commercial,2,8.8849,8.078117370605469
09601500162,commercial,7,7.1577,8.64188003540039
09609101909,commercial,7,8.9181,8.566522598266602
09609102670,commercial,7,8.0208,8.318443298339844
09609102689,commercial,7,8.0929,8.313883781433105
09609103227,commercial,7,8.0864,8.314924240112305
09611100175,commercial,7,9.736,8.975391387939453
09612702373,commercial,7,8.5834,8.625734329223633
09612702519,commercial,7,8.4135,8.601339340209961
09612702543,commercial,7,8.6644,8.625734329223633
09700305198,commercial,7,8.0635,8.400947570800781
09700305457,commercial,7,8.0334,8.41224479675293
09700305562,commercial,7,7.9514,8.40057373046875
09700305562,commercial,7,8.0009,8.401825904846191
09700305661,commercial,7,7.7244,8.411518096923828
09700306526,commercial,7,7.6212,8.400947570800781
09700306641,commercial,7,7.5784,8.398784637451172
09700306720,commercial,7,8.1856,8.411311149597168
09700306755,commercial,7,8.074,8.40057373046875
09700306844,commercial,7,7.5662,8.410818099975586
09700306852,commercial,7,7.5914,8.411518096923828
09700604039,commercial,7,8.118,8.368595123291016
09700604268,commercial,7,7.8141,8.355429649353027
09700604373,commercial,7,8.0925,8.353219985961914
09700604756,commercial,7,8.0348,8.375452041625977
09700604896,commercial,7,8.0472,8.379562377929688
09700605329,commercial,7,8.1551,8.379109382629395
09700605345,commercial,7,8.1642,8.380157470703125
09700605681,commercial,7,7.8982,8.35737419128418
09702500028,commercial,7,8.322,8.53042984008789
09702600529,commercial,7,8.6558,8.629077911376953
09704500742,commercial,7,9.5525,8.549884796142578
09705500010,commercial,7,8.0789,8.548837661743164
09706800352,commercial,7,9.0055,8.743058204650879
09708502804,commercial,7,7.5521,8.302274703979492
09708502847,commercial,7,7.769,8.238794326782227
09708502936,commercial,7,7.676,8.296825408935547
09708503002,commercial,7,7.9784,8.226883888244629
09708503010,commercial,7,8.2308,8.362159729003906
09708503169,commercial,7,7.4021,8.2678861618042
09708503231,commercial,7,7.7385,8.309684753417969
09708503800,commercial,7,8.7932,8.387550354003906
09708504319,commercial,7,8.7572,8.380109786987305
09708504319,commercial,7,7.9995,8.380109786987305
09708504335,commercial,7,8.0203,8.38789176940918
09708504335,commercial,7,8.668,8.387550354003906
09708504483,commercial,7,8.6157,8.384805679321289
09708505765,commercial,7,8.6026,8.365177154541016
09708506214,commercial,7,7.781,8.368484497070312
09708506321,commercial,7,8.2059,8.412687301635742
09708506478,commercial,7,8.3564,8.373763084411621
09708506974,commercial,7,8.2619,8.40436840057373
09708507271,commercial,7,8.2586,8.395210266113281
09708507822,commercial,7,8.1052,8.430950164794922
09708507857,commercial,7,8.2338,8.428216934204102
09708508081,commercial,7,8.3643,8.392789840698242
09708508845,commercial,7,8.2548,8.430746078491211
09708508901,commercial,7,8.7598,8.38882827758789
09708509043,commercial,7,7.476,8.41069221496582
09708509566,commercial,7,8.2407,8.36996841430664
09708510289,commercial,7,8.3539,8.368191719055176
09708510297,commercial,7,8.3539,8.368191719055176
09708510297,commercial,7,7.7305,8.368191719055176
09708510300,commercial,7,8.5235,8.367535591125488
09708510319,commercial,7,7.709,8.369855880737305
09708510319,commercial,7,8.409,8.369855880737305
09708510424,commercial,7,8.3673,8.364897727966309
09708510505,commercial,7,8.2421,8.367535591125488
09708510513,commercial,7,8.2421,8.367535591125488
09708510580,commercial,7,7.5257,8.358138084411621
09708510947,commercial,7,8.3711,8.333026885986328
09708512052,commercial,7,8.3695,8.451415061950684
09708512214,commercial,7,8.5231,8.45768928527832
09708512419,commercial,7,8.8035,8.44271183013916
09708512826,commercial,7,8.1056,8.461254119873047
09708514233,commercial,7,8.3529,8.439051628112793
09708514731,commercial,7,7.5885,8.461254119873047
09708515973,commercial,7,8.3063,8.451415061950684
09708516651,commercial,7,7.9782,8.440898895263672
09708516716,commercial,7,8.4974,8.42844009399414
09708516864,commercial,7,8.63,8.507007598876953
09708516872,commercial,7,7.7753,8.476225852966309
09708516910,commercial,7,7.7945,8.475590705871582
09708517011,commercial,7,8.2821,8.50262451171875
09708517089,commercial,7,8.5217,8.486671447753906
09710100386,commercial,7,8.5927,8.431970596313477
09712609881,commercial,7,8.5997,8.449674606323242
09712609898,commercial,7,7.9866,8.459171295166016
09712609987,commercial,7,8.4442,8.450212478637695
09712610071,commercial,7,8.3581,8.445911407470703
09712610594,commercial,7,8.1895,8.456256866455078
09712610608,commercial,7,8.1895,8.456256866455078
09712610616,commercial,7,8.1665,8.449085235595703
09712611108,commercial,7,8.5172,8.451326370239258
09712611231,commercial,7,8.3056,8.453733444213867
09712611248,commercial,7,8.2983,8.447768211364746
09712611256,commercial,7,8.3103,8.453733444213867
09712611272,commercial,7,8.3103,8.453733444213867
09712611280,commercial,7,8.2983,8.447768211364746
09712611302,commercial,7,8.3056,8.453733444213867
09800100687,commercial,7,8.3197,8.284952163696289
09800900748,commercial,7,7.507,8.324095726013184
09800901590,commercial,7,8.4798,8.301878929138184
09801601612,commercial,7,8.5957,8.748201370239258
09801800674,commercial,7,7.4534,8.417749404907227
09805102327,commercial,7,7.9866,8.436296463012695
09805103031,commercial,7,7.9074,8.408522605895996
09805401286,commercial,7,7.5426,8.477420806884766
09805802132,commercial,7,8.6863,8.345897674560547
09805802329,commercial,7,8.5559,8.33665943145752
09805802371,commercial,7,8.4707,8.329401016235352
09806301404,commercial,7,8.002,8.249433517456055
09902400272,commercial,7,8.4482,8.48188304901123
09902400450,commercial,7,8.5807,8.649810791015625
09902600360,commercial,7,8.294,8.712732315063477
09903000588,commercial,7,7.811,8.758430480957031
09903700695,commercial,7,7.1082,8.668134689331055
10004400071,commercial,9,7.6654,8.09672737121582
10004501216,commercial,9,7.1001,7.971018314361572
10004501232,commercial,9,7.5092,7.953059196472168
10005300321,commercial,9,8.1731,8.291467666625977
10005300427,commercial,9,8.2385,8.307930946350098
10005300427,commercial,9,8.2385,8.305213928222656
10005300435,commercial,9,8.2082,8.298124313354492
10005300559,commercial,9,8.3066,8.290916442871094
10005300788,commercial,9,8.4616,8.307427406311035
10005301245,commercial,9,8.4462,8.309440612792969
10005301253,commercial,9,8.4326,8.306928634643555
10005301296,commercial,9,8.3376,8.306203842163086
10005301301,commercial,9,8.2721,8.315821647644043
10005301482,commercial,9,8.2698,8.3074951171875
10005301660,commercial,9,8.4102,8.319771766662598
10005301660,commercial,9,7.9056,8.319771766662598
10005301849,commercial,9,8.3211,8.30592155456543
10005301849,commercial,9,7.8717,8.30592155456543
10007400526,commercial,9,9.2657,7.86238431930542
10010900135,commercial,9,8.3533,8.17823600769043
10102300150,commercial,8,8.4556,8.480976104736328
10103000223,commercial,8,8.5672,7.885416507720947
10106700013,commercial,8,7.9009,7.871252059936523
10107100508,commercial,8,8.2341,8.419393539428711
10107102411,commercial,8,8.6603,8.175019264221191
10116800029,commercial,8,8.8465,8.654085159301758
10117800022,commercial,8,9.5447,8.980062484741211
10119100184,commercial,8,8.5061,8.826621055603027
10121400025,commercial,8,9.3047,8.766035079956055
10130900272,commercial,8,8.744,8.986101150512695
10134900013,commercial,8,8.0179,9.079471588134766
10135100185,commercial,8,9.1011,9.163990020751953
10141203667,commercial,8,8.9081,8.422924995422363
10141203934,commercial,8,8.405,8.452897071838379
10141203985,commercial,8,9.0433,8.445390701293945
10141204043,commercial,8,9.1856,8.438353538513184
10141301601,commercial,8,8.2206,8.111801147460938
10141403054,commercial,8,8.4785,8.250600814819336
10141500580,commercial,8,8.4732,8.29492473602295
10152500021,commercial,8,8.302,8.515378952026367
10200700226,commercial,9,8.1915,8.064815521240234
10201800429,commercial,9,8.2295,7.656004905700684
10204000334,commercial,9,8.38,8.517098426818848
10212300181,commercial,9,8.406,8.07929801940918
10212600361,commercial,9,8.2537,8.225730895996094
10304200254,commercial,2,9.1021,8.431869506835938
10405902076,commercial,7,9.0006,8.426563262939453
10407801617,commercial,7,8.2097,8.46420669555664
10502200277,commercial,7,7.6299,8.222965240478516
10508900300,commercial,7,9.6724,8.641144752502441
10511500180,commercial,7,7.9674,8.402400970458984
10604200251,commercial,7,7.4298,8.225570678710938
10705100404,commercial,7,8.8804,8.045221328735352
10710900510,commercial,7,8.3669,8.11758041381836
10743400045,commercial,7,7.916,8.119108200073242
10746300335,commercial,7,7.4674,8.009065628051758
10800700286,commercial,7,8.6995,8.067087173461914
10804700469,commercial,7,8.7287,7.801909446716309
10816400351,commercial,4,7.9481,7.841180801391602
11002100118,commercial,3,7.6009,7.861553192138672
11004800117,commercial,3,7.7163,8.03266716003418
11017000327,commercial,3,8.2295,8.55727767944336
11022800174,commercial,3,7.4787,8.131032943725586
11024900443,commercial,3,7.8142,7.762007236480713
11024900451,commercial,3,8.2192,7.91723108291626
11035000570,commercial,3,8.4757,8.232389450073242
11047700114,commercial,3,9.2633,8.429601669311523
11047900776,commercial,3,7.5829,8.060787200927734
11102400059,commercial,3,8.5972,7.9410905838012695
11118102206,commercial,5,7.8579,7.936859130859375
11127700031,commercial,5,8.0709,7.910966873168945
11128600012,commercial,5,8.0709,7.940110206604004
11151700192,commercial,5,7.5389,7.680088996887207
11157702472,commercial,5,7.8877,7.7557196617126465
11159900018,commercial,5,7.893,8.251411437988281
11213600080,commercial,5,8.7403,8.387836456298828
11216800048,commercial,5,8.2453,8.27446460723877
11227100621,commercial,5,7.4876,8.182798385620117
11227100621,commercial,5,7.5268,8.182798385620117
11229400051,commercial,5,8.1058,7.807021617889404
11229400061,commercial,5,8.6518,7.758566856384277
11237900017,commercial,5,8.0336,7.644858360290527
11240100190,commercial,5,8.9767,8.373373031616211
11241200229,commercial,5,7.9059,8.003033638000488
11241800846,commercial,5,8.4192,8.004968643188477
11242200389,commercial,5,8.6239,8.085211753845215
11245700056,commercial,5,8.7983,8.03596019744873
11279500386,commercial,5,8.0709,7.828617095947266
11280100361,commercial,5,7.7426,8.195236206054688
11283800161,commercial,5,7.3082,7.892483711242676
11302500413,commercial,3,8.1233,8.44508171081543
11307500411,commercial,3,7.8982,8.214635848999023
11313000662,commercial,3,8.4032,8.204782485961914
11321400011,commercial,3,8.3559,8.340225219726562
11326900152,commercial,3,8.5871,7.92287540435791
11337300380,commercial,3,7.4253,7.856564521789551
11345400089,commercial,5,7.9576,8.20370101928711
11345700120,commercial,5,7.8511,7.572345733642578
11349100101,commercial,5,8.2902,7.562090873718262
11350800243,commercial,5,7.7674,8.047870635986328
11356400506,commercial,3,7.5293,7.742112159729004
11403800511,commercial,5,7.5503,8.140385627746582
11403800528,commercial,5,7.5806,8.140953063964844
11403800536,commercial,5,7.5806,8.140953063964844
11403800552,commercial,5,7.5806,8.140953063964844
11403800560,commercial,5,7.2776,8.156497955322266
11403800579,commercial,5,7.2551,8.160514831542969
11403800587,commercial,5,8.0914,8.12660026550293
11403800595,commercial,5,8.1174,8.12161922454834
11403800609,commercial,5,8.1174,8.12161922454834
11403800617,commercial,5,8.1174,8.12161922454834
11403800625,commercial,5,8.1174,8.12161922454834
11403800651,commercial,5,8.1996,8.116585731506348
11403800668,commercial,5,8.2286,8.11274528503418
11403800676,commercial,5,8.2286,8.11274528503418
11403800684,commercial,5,8.3537,8.090503692626953
11403800692,commercial,5,8.2286,8.11274528503418
11403800730,commercial,5,8.4591,8.086929321289062
11403800749,commercial,5,7.1202,8.182281494140625
11407501428,commercial,5,7.9074,7.749349594116211
11409100390,commercial,5,8.1139,7.6276164054870605
11409900583,commercial,5,7.8363,7.988675594329834
11409900591,commercial,5,7.8382,7.947126388549805
11409900664,commercial,5,7.8181,7.897357940673828
11409900842,commercial,5,7.8373,7.948370456695557
11409900893,commercial,5,7.8355,7.897751808166504
11409901067,commercial,5,7.7933,7.988409519195557
11409901490,commercial,5,7.8018,8.17468547821045
11413700895,commercial,5,8.7156,8.604284286499023
11507200241,commercial,5,8.7561,8.445674896240234
11513500081,commercial,5,7.3645,7.576751232147217
11611400170,commercial,3,8.4428,8.275955200195312
11613100395,commercial,3,8.0131,7.980077743530273
11625700244,commercial,3,8.2419,8.128982543945312
11649200233,commercial,3,8.9885,8.271825790405273
11713300116,commercial,3,8.1662,8.191951751708984
11717700046,commercial,3,7.7872,8.336524963378906
11718600053,commercial,3,9.4727,8.29283332824707
11718900669,commercial,3,7.693,7.623122215270996
11720400465,commercial,3,7.9967,8.294404983520508
11727000039,commercial,3,7.7416,8.097737312316895
11729800199,commercial,3,7.9374,8.266796112060547
11733600212,commercial,3,7.6761,7.794095039367676
11736302581,commercial,3,7.3472,7.651837348937988
11741100967,commercial,3,7.6009,7.60017204284668
11814800785,commercial,3,8.0789,8.136598587036133
11819400084,commercial,3,7.7535,8.09341812133789
11822100223,commercial,3,8.0399,7.802408218383789
11824100034,commercial,9,7.0206,7.866044998168945
11830606750,commercial,9,8.4323,8.288040161132812
11830606777,commercial,9,7.4196,8.28157901763916
11830606777,commercial,9,8.3006,8.284175872802734
11830606882,commercial,9,8.7033,8.403865814208984
11830606963,commercial,9,8.4947,8.387447357177734
11830607171,commercial,9,8.2655,8.272102355957031
11830607218,commercial,9,8.7934,8.376362800598145
11837200490,commercial,9,7.8001,8.13796615600586
11853400075,commercial,3,7.4535,7.735529899597168
11905600045,commercial,1,8.2295,8.238053321838379
11907300324,commercial,1,8.2784,7.9008708000183105
11918400521,commercial,1,7.9356,8.079283714294434
12004900058,commercial,2,7.9152,7.905499458312988
12008100870,commercial,2,8.1195,8.129122734069824
12008101206,commercial,2,8.0029,8.11912727355957
12011500132,commercial,2,7.7344,7.9724225997924805
12029600503,commercial,2,7.9537,7.879717826843262
12119800341,commercial,2,9.3927,8.415678024291992
12201300177,commercial,8,9.1625,8.548309326171875
12201300401,commercial,8,9.3369,8.635482788085938
12201600596,commercial,8,9.3072,8.444974899291992
12217401121,commercial,8,8.8692,8.27878189086914
12319200125,commercial,8,8.0164,9.073762893676758
12500500216,commercial,7,8.4844,8.342153549194336
12512700010,commercial,7,8.1987,8.524707794189453
12602900061,commercial,7,8.7641,8.45173454284668
12603200363,commercial,7,8.176,8.175601959228516
13014205299,commercial,3,7.7024,8.26643180847168
13014205302,commercial,3,7.7024,8.26643180847168
13025100302,commercial,3,8.2861,7.873392581939697
13239600330,commercial,5,8.1807,8.350028991699219
13400400423,commercial,5,8.1807,7.852109909057617
13418800301,commercial,5,7.1491,7.851114273071289
13419400021,commercial,5,7.3642,7.537728309631348
13427800244,commercial,5,7.3276,7.797665596008301
13427800252,commercial,5,7.4282,7.850257396697998
13516600186,commercial,5,8.408,8.029369354248047
13912800161,commercial,5,7.6628,7.813007354736328
13946000044,commercial,5,8.1689,8.335628509521484
14003400185,commercial,5,7.6417,8.205523490905762
14017100121,commercial,5,9.2761,8.295276641845703
14023100251,commercial,5,7.451,7.635627269744873
14208700016,commercial,5,7.5542,7.8338823318481445
14210000719,commercial,5,8.4118,7.780798435211182
14210000905,commercial,5,7.2614,7.635994911193848
14210300097,commercial,5,8.4949,7.878999710083008
14210300429,commercial,5,8.1117,8.222335815429688
14213500348,commercial,5,8.273,7.858240127563477
14410400362,commercial,5,8.4032,7.602954864501953
14412800244,commercial,5,8.5462,8.321365356445312
14415600092,commercial,5,7.5314,8.035795211791992
14504500468,commercial,5,8.2326,7.920514106750488
14600500090,commercial,3,7.7737,7.919229507446289
14706900149,commercial,3,7.9866,8.035110473632812
14712100566,commercial,3,7.5117,7.860915184020996
14729000144,commercial,3,6.8992,7.946878433227539
14806300194,commercial,3,8.1051,7.906704902648926
14814700074,commercial,3,8.6541,8.248714447021484
14814700082,commercial,3,8.565,8.50494384765625
14824000237,commercial,3,7.7063,7.906902313232422
14825500063,commercial,3,7.5965,7.8693461418151855
14913000429,commercial,3,8.1201,8.111701965332031
14925900047,commercial,3,7.2062,7.817570209503174
14930500159,commercial,3,8.8254,7.967836380004883
15025600285,commercial,3,8.0064,7.715351581573486
15212500884,commercial,3,6.888,8.109479904174805
15304300083,commercial,3,7.4581,7.715232849121094
15312201595,commercial,3,8.4402,7.574712753295898
15414600200,commercial,3,7.2035,7.559571743011475
15509400292,commercial,3,8.1586,8.045337677001953
15511500169,commercial,3,8.2325,8.196162223815918
15519400104,commercial,3,7.1735,7.946867942810059
15520100194,commercial,3,7.7385,7.9791951179504395
15603617690,commercial,3,7.6337,7.906628131866455
15603617771,commercial,3,7.6009,7.925530433654785
15603617828,commercial,3,7.4578,7.897314548492432
15923400382,commercial,8,7.7428,8.574400901794434
16025800366,commercial,8,8.2976,8.076009750366211
16027801890,commercial,8,8.1944,8.305680274963379
16207400746,commercial,2,9.1521,8.468796730041504
16210500667,commercial,2,8.0074,8.021677017211914
16219700571,commercial,2,7.4955,8.006114959716797
16306200176,commercial,2,7.9601,8.139286041259766
16309300228,commercial,2,8.1976,8.435928344726562
16316300122,commercial,2,8.1442,8.452105522155762
16318900224,commercial,2,9.3296,8.325037002563477
16319600097,commercial,2,7.9576,8.296579360961914
16413000138,commercial,2,7.2442,7.928532600402832
16522200359,commercial,8,8.7647,7.951846122741699
16523500372,commercial,8,7.3815,7.622036457061768
16523500917,commercial,8,7.7063,8.132010459899902
16523500917,commercial,8,7.7187,8.102858543395996
16612800061,commercial,8,8.4338,7.997757911682129
16627500123,commercial,8,7.2905,7.770211219787598
16701300064,commercial,8,8.0317,8.093400001525879
16803900151,commercial,8,7.824,8.052553176879883
16807101413,commercial,8,7.7421,8.040021896362305
16807200764,commercial,8,8.1117,8.401333808898926
16807200772,commercial,8,7.9294,8.30372428894043
16807200799,commercial,8,7.9519,8.320246696472168
16807200802,commercial,8,8.6638,8.465828895568848
16807200810,commercial,8,8.5402,8.477828979492188
16813100016,commercial,8,8.3644,8.105493545532227
16813500022,commercial,8,8.5927,8.410954475402832
16817101009,commercial,8,7.0509,8.232725143432617
16819100190,commercial,8,7.1074,8.014427185058594
16822900402,commercial,8,8.0262,7.999355792999268
16908400343,commercial,8,8.2808,8.18563461303711
16922100701,commercial,8,8.1681,7.965002536773682
16922100866,commercial,8,8.5359,7.963926792144775
16922100920,commercial,8,8.6578,7.965002536773682
16922101161,commercial,8,8.3581,8.043879508972168
16922101201,commercial,8,8.392,8.031597137451172
16922101234,commercial,8,8.1963,8.031597137451172
16922101404,commercial,8,8.428,8.039674758911133
16922101773,commercial,8,8.2894,7.965882778167725
16922102176,commercial,8,8.3803,8.06650161743164
16922103172,commercial,8,8.2115,8.024781227111816
16922103431,commercial,8,8.6875,8.02302360534668
16922302280,commercial,8,7.824,7.804777145385742
16922302299,commercial,8,7.8494,7.81123161315918
16922302604,commercial,8,8.1858,7.804320812225342
17000301316,commercial,8,8.2097,7.973781585693359
17000301758,commercial,8,8.0923,7.974925518035889
17000301820,commercial,8,8.027,7.975220680236816
17101200248,commercial,8,8.4905,9.025789260864258
17119004051,commercial,8,8.1987,8.191323280334473
17119004262,commercial,8,8.2788,8.192031860351562
17122104248,commercial,8,8.3712,8.015604972839355
17122104256,commercial,8,8.3712,8.015604972839355
17122104337,commercial,8,8.3124,8.014049530029297
17122105945,commercial,8,8.1499,8.011119842529297
17122105953,commercial,8,8.1638,8.011119842529297
17122105988,commercial,8,8.0126,7.943085670471191
17122106283,commercial,8,7.8801,7.945270538330078
17122106453,commercial,8,7.9671,7.942667007446289
17122106453,commercial,8,7.9522,7.945312023162842
17122106471,commercial,8,7.8063,7.94326114654541
17122106534,commercial,8,8.2482,7.943626403808594
17122106542,commercial,8,8.2632,7.939825534820557
17122106550,commercial,8,8.2011,7.941432952880859
17122106577,commercial,8,8.377,7.944286346435547
17123200021,commercial,8,7.4411,7.87809944152832
17124600625,commercial,8,8.1551,7.792378902435303
17130000405,commercial,8,7.5706,7.725396156311035
17130000693,commercial,8,7.6157,7.707210540771484
17130003153,commercial,8,8.3994,8.010591506958008
17130003986,commercial,8,8.1754,7.953290939331055
17130004303,commercial,8,7.99,8.011632919311523
17130005296,commercial,8,7.9466,8.00495433807373
17130005555,commercial,8,8.5685,7.992688179016113
17130005725,commercial,8,8.4392,7.967951774597168
17130006659,commercial,8,8.2808,7.9842529296875
17130006861,commercial,8,8.2808,7.981057643890381
17130006888,commercial,8,8.3201,8.019530296325684
17130007027,commercial,8,8.0692,8.013542175292969
17130007043,commercial,8,7.9194,7.9778242111206055
17130007752,commercial,8,8.1394,8.170272827148438
17220900685,commercial,2,8.343,7.827151298522949
17330201714,commercial,2,8.0164,7.926477909088135
17404200317,commercial,2,7.6296,8.076733589172363
17409300271,commercial,2,9.5288,8.117208480834961
17425800021,commercial,2,7.893,7.824465751647949
17611600116,commercial,2,8.6995,8.276178359985352
17709700461,commercial,2,8.5172,8.320642471313477
17802300222,commercial,2,8.6874,8.1244535446167
17816500938,commercial,2,7.0901,7.837364673614502
17817000033,commercial,2,8.294,8.28006362915039
18503900385,commercial,8,7.4418,8.172465324401855
19504300129,commercial,5,7.8558,8.051900863647461
19601700640,commercial,9,9.028,8.588512420654297
19601803644,commercial,9,7.846,8.298328399658203
19601806651,commercial,9,7.4885,8.13305950164795
19700100595,commercial,7,9.2641,8.534957885742188
19701604589,commercial,0,8.3669,8.461583137512207
19701605607,commercial,0,8.3183,8.520720481872559
19701606670,commercial,0,8.4573,8.464682579040527
19701607049,commercial,0,8.0952,8.519782066345215
19701607464,commercial,0,8.5283,8.468682289123535
19701607537,commercial,0,8.3381,8.52189826965332
19701607545,commercial,0,8.5652,8.518553733825684
19701607553,commercial,0,8.5652,8.51854133605957
19701803999,commercial,0,8.313,8.812572479248047
19701804014,commercial,0,8.313,8.812572479248047
19702100665,commercial,0,8.2171,8.49812126159668
19702101157,commercial,0,8.5841,8.503976821899414
19702101394,commercial,0,8.3385,8.492359161376953
19702102528,commercial,0,8.8406,8.495704650878906
19702102536,commercial,0,8.8589,8.503250122070312
19702102552,commercial,0,8.8967,8.510307312011719
19702102560,commercial,0,8.8049,8.482133865356445
19702102579,commercial,0,8.8406,8.495704650878906
19702102651,commercial,0,8.8406,8.495704650878906
19702200538,commercial,0,8.5539,8.578285217285156
19702200570,commercial,0,8.4336,8.5790376663208
19702200589,commercial,0,8.4555,8.572758674621582
19702200619,commercial,0,8.4751,8.576319694519043
19702200643,commercial,0,8.6501,8.566876411437988
19702201038,commercial,0,8.5627,8.578779220581055
19702201070,commercial,0,8.1539,8.598979949951172
19702201097,commercial,0,8.515,8.587084770202637
19702201267,commercial,0,8.184,8.585470199584961
19702201348,commercial,0,8.184,8.585470199584961
19702201399,commercial,0,8.3419,8.57666015625
19702201402,commercial,0,8.387,8.585103034973145
19702201410,commercial,0,8.184,8.585470199584961
19702201593,commercial,0,8.5689,8.580146789550781
19702201607,commercial,0,8.537,8.593348503112793
19702201666,commercial,0,8.4714,8.585470199584961
19702202360,commercial,0,8.4192,8.585470199584961
19702202379,commercial,0,8.3777,8.598979949951172
19702202409,commercial,0,8.3777,8.598979949951172
19702202417,commercial,0,8.7623,8.576319694519043
19702202565,commercial,0,8.3349,8.582298278808594
19702202573,commercial,0,8.3318,8.585103034973145
19702202581,commercial,0,8.2867,8.57666015625
19702202875,commercial,0,8.7042,8.585103034973145
19702203014,commercial,0,8.289,8.576319694519043
19702203073,commercial,0,8.5914,8.587467193603516
19702203081,commercial,0,8.6133,8.582777976989746
19702203091,commercial,0,8.5834,8.592218399047852
19702203375,commercial,0,8.4764,8.598979949951172
19702203464,commercial,0,8.5715,8.576319694519043
19702204304,commercial,0,8.5247,8.585103034973145
19702204525,commercial,0,8.7795,8.585470199584961
19702204533,commercial,0,8.7795,8.585470199584961
19702204541,commercial,0,8.6226,8.582298278808594
19702204541,commercial,0,8.7041,8.578779220581055
19702204551,commercial,0,8.7041,8.578779220581055
19702204551,commercial,0,8.2659,8.583781242370605
19702204584,commercial,0,8.7803,8.576189994812012
19702204592,commercial,0,8.796,8.572758674621582
19702204606,commercial,0,8.7584,8.578737258911133
19702204630,commercial,0,8.6664,8.578779220581055
19702204649,commercial,0,8.6951,8.566876411437988
19702402432,commercial,0,8.3432,8.50561237335205
19702402491,commercial,0,8.3332,8.511743545532227
19702403889,commercial,0,7.6595,8.521368980407715
19702404001,commercial,0,7.4941,8.500899314880371
19702404737,commercial,0,8.0064,8.51785945892334
19702404885,commercial,0,8.2149,8.500576972961426
19703907015,commercial,0,8.4485,8.517285346984863
19703908496,commercial,0,8.2907,8.518960952758789
19703909174,commercial,0,8.1807,8.507975578308105
19703909182,commercial,0,8.5172,8.560194969177246
19703909190,commercial,0,8.1807,8.507975578308105
19704800591,commercial,0,7.3008,8.300817489624023
19704801083,commercial,0,8.323,8.558914184570312
19704801326,commercial,0,8.1658,8.582342147827148
19704801679,commercial,0,8.3241,8.550347328186035
19704801687,commercial,0,8.3152,8.550354957580566
19704801695,commercial,0,8.3583,8.605406761169434
19704801709,commercial,0,8.3583,8.605406761169434
19704802251,commercial,0,8.2489,8.558914184570312
19704802551,commercial,0,8.7975,8.539145469665527
19704802586,commercial,0,8.6983,8.553993225097656
19704802608,commercial,0,8.8849,8.609321594238281
19704802624,commercial,0,8.941,8.539850234985352
19704802772,commercial,0,8.2836,8.539850234985352
19704802780,commercial,0,8.4659,8.571654319763184
19704803183,commercial,0,8.0819,8.533045768737793
19704803280,commercial,0,8.3471,8.59463119506836
19704803299,commercial,0,8.3471,8.59463119506836
19704803337,commercial,0,8.1637,8.542058944702148
19704803345,commercial,0,8.3942,8.598628997802734
19704803353,commercial,0,8.3942,8.598628997802734
19704803477,commercial,0,8.5547,8.471412658691406
19705501229,commercial,0,7.7137,8.490432739257812
19705502160,commercial,0,7.8085,8.518077850341797
19705502187,commercial,0,7.7782,8.511669158935547
19705502209,commercial,0,7.7933,8.516712188720703
19705502217,commercial,0,7.7782,8.511669158935547
19705502225,commercial,0,7.7782,8.511669158935547
19705502233,commercial,0,7.7933,8.516712188720703
19705502251,commercial,0,8.0014,8.511669158935547
19705502268,commercial,0,8.0014,8.511669158935547
19705502365,commercial,0,8.0164,8.516712188720703
19705503396,commercial,0,7.896,8.493955612182617
19705503401,commercial,0,7.4394,8.507635116577148
19705503401,commercial,0,7.7287,8.507635116577148
19705503779,commercial,0,7.8539,8.498804092407227
19705503841,commercial,0,7.9111,8.49545669555664
19705503851,commercial,0,7.9111,8.49545669555664
19705503981,commercial,0,7.8211,8.493955612182617
19705504120,commercial,0,8.2396,8.490106582641602
19705504139,commercial,0,8.2396,8.490106582641602
19705504147,commercial,0,8.2245,8.48710823059082
19705504155,commercial,0,8.2245,8.48710823059082
19705504228,commercial,0,7.3082,8.493955612182617
19705504481,commercial,0,8.0164,8.511466026306152
19705504491,commercial,0,7.9294,8.488362312316895
19705504503,commercial,0,7.9144,8.487756729125977
19705504503,commercial,0,8.0014,8.508889198303223
19705600561,commercial,0,8.2987,8.837322235107422
19705600571,commercial,0,8.2987,8.907797813415527
19705600601,commercial,0,8.2987,8.837322235107422
19706203884,commercial,7,8.9211,8.3359956741333
19706203892,commercial,7,8.9603,8.336666107177734
19706203906,commercial,7,8.9169,8.379852294921875
19706203965,commercial,7,8.8519,8.380998611450195
19706204007,commercial,7,8.943,8.379120826721191
19706204041,commercial,7,8.5575,8.328868865966797
19706204058,commercial,7,8.7102,8.328852653503418
19706204112,commercial,7,8.7727,8.383207321166992
19706204384,commercial,7,8.9903,8.379120826721191
19706204406,commercial,7,8.9962,8.376165390014648
19706204491,commercial,7,8.7755,8.410236358642578
19706204503,commercial,7,8.7776,8.337780952453613
19706204511,commercial,7,8.7168,8.340291976928711
19706204759,commercial,7,8.6738,8.385453224182129
19706205178,commercial,7,8.6119,8.338106155395508
19706205194,commercial,7,8.8989,8.393707275390625
19706205216,commercial,7,8.7455,8.385119438171387
19706205445,commercial,7,8.6278,8.379120826721191
19706205887,commercial,7,8.8269,8.385453224182129
19706207952,commercial,7,8.3169,8.337615013122559
19706207987,commercial,7,8.306,8.337223052978516
19706207995,commercial,7,8.306,8.337223052978516
19706208002,commercial,7,8.304,8.338111877441406
19706208029,commercial,7,8.3147,8.333681106567383
19706208037,commercial,7,8.3177,8.334918975830078
19706208045,commercial,7,8.3298,8.629308700561523
19706208053,commercial,7,8.3128,8.331541061401367
19706208061,commercial,7,8.322,8.332464218139648
19706208071,commercial,7,8.325,8.335062026977539
19706208088,commercial,7,8.3192,8.332077026367188
19706208096,commercial,7,8.3209,8.332904815673828
19706208126,commercial,7,8.3155,8.331582069396973
19706208134,commercial,7,8.3089,8.332413673400879
19706208150,commercial,7,8.3282,8.419194221496582
19808500039,commercial,4,7.4529,7.695778846740723
19810500237,commercial,4,7.6273,7.814247131347656
19810500466,commercial,4,7.355,8.072622299194336
19815100016,commercial,4,8.9903,7.891463756561279
20005100087,commercial,6,8.6732,9.19374942779541
21402600151,commercial,7,7.3988,8.293651580810547
25810700010,commercial,2,8.3375,8.584989547729492
29900100210,commercial,6,8.9783,8.636571884155273
29900100237,commercial,6,8.9783,8.636571884155273
29900100245,commercial,6,8.9783,8.636571884155273
29900100539,commercial,6,9.1746,8.617597579956055
29900800689,commercial,6,7.7287,8.838309288024902
29901602503,commercial,6,9.8627,8.675431251525879
29901602678,commercial,6,9.8522,8.686761856079102
29901603021,commercial,6,9.1764,8.70047378540039
29901603038,commercial,6,9.1436,8.709299087524414
29901901144,commercial,6,9.3296,8.81568431854248
29901901187,commercial,6,9.3354,8.81484603881836
29901901251,commercial,6,9.3344,8.835416793823242
29901901268,commercial,6,9.3344,8.835416793823242
29901901438,commercial,6,9.3344,8.828826904296875
29901901446,commercial,6,9.3344,8.828826904296875
29901901454,commercial,6,9.3344,8.828826904296875
29902202789,commercial,6,9.0334,8.673323631286621
29902203343,commercial,6,8.9667,8.714896202087402
29902204218,commercial,6,9.043,9.000694274902344
29902204234,commercial,6,9.0426,9.000694274902344
29902204242,commercial,6,9.0426,9.000694274902344
29902803421,commercial,6,8.948,9.140897750854492
29903200011,commercial,6,9.954,9.01181697845459
29903200208,commercial,6,9.9601,9.170243263244629
29903500937,commercial,6,8.0072,8.980534553527832
29903508474,commercial,6,8.5511,8.793251037597656
29903508792,commercial,6,7.9844,8.366609573364258
29903509276,commercial,6,8.6995,8.385265350341797
29903509292,commercial,6,8.6995,8.385265350341797
29903509306,commercial,6,8.6603,8.387261390686035
29903509314,commercial,6,8.4707,8.326337814331055
29903509322,commercial,6,8.6112,8.359975814819336
29903516876,commercial,6,8.1686,8.358195304870605
29903516922,commercial,6,8.0064,8.358195304870605
29903517041,commercial,6,8.1807,8.407896041870117
29903517058,commercial,6,8.1807,8.407896041870117
29903517236,commercial,6,8.5172,8.410948753356934
29903517244,commercial,6,8.5172,8.410948753356934
29903518909,commercial,6,8.0198,8.338712692260742
29903518917,commercial,6,7.9859,8.388558387756348
29903518925,commercial,6,7.9995,8.390142440795898
29903519174,commercial,6,7.7232,8.39193058013916
29903522140,commercial,6,8.9177,8.767548561096191
29903909401,commercial,6,7.9866,8.257829666137695
29903909436,commercial,6,8.0819,8.263825416564941
29903912917,commercial,6,8.8044,8.595667839050293
29903914340,commercial,6,8.038,8.349656105041504
29904001357,commercial,6,9.8833,9.088766098022461
29904001616,commercial,6,9.4406,9.151503562927246
29904001624,commercial,6,9.8508,9.15261459350586
29904300168,commercial,6,7.7862,8.986061096191406
29904500582,commercial,6,8.7403,8.438017845153809
29904600412,commercial,6,8.8362,9.16197681427002
29904611961,commercial,6,8.4501,8.67825984954834
29904612593,commercial,6,8.3929,8.67825984954834
29904612607,commercial,6,8.5041,8.67825984954834
29904612763,commercial,6,8.2677,8.645355224609375
29904613654,commercial,6,8.363,8.656185150146484
29904613689,commercial,6,8.0766,8.624921798706055
29904614030,commercial,6,8.0933,8.327356338500977
29904614049,commercial,6,8.0933,8.327356338500977
29904615274,commercial,6,8.5331,8.762054443359375
29904615282,commercial,6,8.6492,8.704985618591309
29904617031,commercial,6,8.3843,8.594297409057617
29904617031,commercial,6,8.7829,8.593994140625
29904617447,commercial,6,8.5026,8.614912033081055
29904618370,commercial,6,9.5451,9.016064643859863
29904618397,commercial,6,9.5451,9.016064643859863
29904702134,commercial,6,9.0756,8.504931449890137
29904802597,commercial,6,8.6115,8.623884201049805
29904802600,commercial,6,8.2409,8.730239868164062
29904802619,commercial,6,8.2409,8.730239868164062
29904802627,commercial,6,8.2409,8.735255241394043
29904802635,commercial,6,8.2409,8.735255241394043
29904900556,commercial,6,8.6226,8.55453109741211
29905008169,commercial,6,8.5086,8.629106521606445
29905008169,commercial,6,8.5086,8.629106521606445
29905008177,commercial,6,8.5086,8.620424270629883
29905008185,commercial,6,8.5072,8.630160331726074
29905008185,commercial,6,8.5072,8.630160331726074
29905008193,commercial,6,8.5072,8.619325637817383
29905008290,commercial,6,8.847,8.646814346313477
29905008312,commercial,6,8.8683,8.649145126342773
29905008495,commercial,6,8.4974,8.620424270629883
29905008509,commercial,6,8.5129,8.630160331726074
29905008894,commercial,6,8.3614,8.452653884887695
29905009130,commercial,6,8.4219,8.44906997680664
29905102696,commercial,6,9.4471,9.007692337036133
29905104443,commercial,6,9.0489,8.705730438232422
29905304604,commercial,6,8.5575,8.246066093444824
29905304851,commercial,6,8.1562,8.28187084197998
29905305181,commercial,6,8.0411,8.291474342346191
29905600661,commercial,6,9.0507,8.68648910522461
29905600671,commercial,6,9.0885,8.695640563964844
29905600718,commercial,6,8.5007,8.694704055786133
29905600823,commercial,6,9.0162,8.67534065246582
29905600831,commercial,6,8.5462,8.67534065246582
29905700593,commercial,6,8.2257,8.256120681762695
29905700992,commercial,6,8.2048,8.269725799560547
29905701001,commercial,6,8.2421,8.279865264892578
29906003731,commercial,6,8.4512,8.28131103515625
29906003780,commercial,6,8.4566,8.282230377197266
29906103637,commercial,6,7.9237,8.226905822753906
29906601211,commercial,6,8.0629,8.377306938171387
29906601815,commercial,6,8.3183,8.407318115234375
29907100658,commercial,6,7.9944,8.612829208374023
29907100666,commercial,6,7.9944,8.612829208374023
29907101611,commercial,6,8.3862,8.365734100341797
29907101621,commercial,6,8.3224,8.349895477294922
29907101638,commercial,6,8.1422,8.30483627319336
29907101840,commercial,6,7.8113,8.35949993133545
29907301165,commercial,6,8.1689,8.344612121582031
29907301750,commercial,6,8.392,8.32508659362793
29907402530,commercial,6,8.9017,8.623779296875
29907402913,commercial,6,8.2985,8.642961502075195
29907403154,commercial,6,8.7946,8.661754608154297
29907404215,commercial,6,8.7084,8.672646522521973
29907405068,commercial,6,8.8991,8.656338691711426
29907405076,commercial,6,8.84,8.653779983520508
29907405084,commercial,6,8.9466,8.680198669433594
29907405092,commercial,6,8.9466,8.680198669433594
29907405106,commercial,6,8.8571,8.653779983520508
29907405114,commercial,6,8.8571,8.653779983520508
29907405122,commercial,6,8.8049,8.656280517578125
29907405130,commercial,6,8.8571,8.653779983520508
29907405149,commercial,6,8.9377,8.659791946411133
29907405157,commercial,6,8.9558,8.65855598449707
29907405165,commercial,6,8.9558,8.65855598449707
29907405173,commercial,6,8.9671,8.659791946411133
29907405181,commercial,6,8.937,8.6610746383667
29907405191,commercial,6,8.937,8.6610746383667
29907405203,commercial,6,8.9377,8.659791946411133
29907405221,commercial,6,8.9558,8.65855598449707
29907405254,commercial,6,8.878,8.680198669433594
29907405262,commercial,6,8.878,8.680198669433594
29907405289,commercial,6,8.8777,8.653779983520508
29907405319,commercial,6,9.4565,8.662445068359375
29907405319,commercial,6,8.7521,8.662445068359375
29907405335,commercial,6,8.777,8.695714950561523
29907405343,commercial,6,8.777,8.695714950561523
29907405386,commercial,6,8.7248,8.64958381652832
29907902134,commercial,6,8.4748,8.567656517028809
29909200587,commercial,6,8.1433,9.120074272155762
29909602316,commercial,6,9.078,8.493990898132324
29909900643,commercial,6,9.2103,9.068470001220703
29910000618,commercial,6,9.0672,9.0216703414917
29910102852,commercial,6,8.3363,8.480691909790039
29910900430,commercial,6,8.8655,9.010747909545898
29911602931,commercial,6,8.4333,8.220579147338867
29912300287,commercial,6,9.4602,8.88511848449707
29912300414,commercial,6,9.2894,8.899133682250977
29912300491,commercial,6,9.2486,8.953659057617188
29912300503,commercial,6,9.2475,8.922597885131836
29912300521,commercial,6,9.106,8.987581253051758
29913600381,commercial,6,9.1624,8.731422424316406
29913600535,commercial,6,9.7954,9.038572311401367
29913900131,commercial,6,9.2793,8.996137619018555
30000507420,commercial,6,8.8457,8.699237823486328
30000507439,commercial,6,8.8457,8.699237823486328
30000507455,commercial,6,8.8292,8.757349014282227
30000508311,commercial,6,8.5147,8.952108383178711
30000508321,commercial,6,8.5006,8.951059341430664
30000508338,commercial,6,8.5147,8.952108383178711
30000508346,commercial,6,8.5006,8.951059341430664
30000508354,commercial,6,8.5147,8.952108383178711
30000508362,commercial,6,8.5006,8.951059341430664
30000508389,commercial,6,8.5006,8.951059341430664
30000508400,commercial,6,8.5006,8.951059341430664
30000508419,commercial,6,8.5147,8.952108383178711
30000508427,commercial,6,8.5006,8.951059341430664
30000508435,commercial,6,8.5147,8.952108383178711
30000508443,commercial,6,8.5006,8.951059341430664
30000508461,commercial,6,8.5103,8.949970245361328
30000508478,commercial,6,8.5006,8.951059341430664
30000508486,commercial,6,8.5103,8.949970245361328
30000508524,commercial,6,8.5218,8.952301979064941
30000508540,commercial,6,8.5218,8.952301979064941
30000508567,commercial,6,8.5218,8.952301979064941
30000508575,commercial,6,8.5311,8.953946113586426
30004401260,commercial,6,8.7009,8.531671524047852
30008700866,commercial,6,7.8945,8.373980522155762
30009300454,commercial,6,7.125,8.215692520141602
30010100331,commercial,6,8.4711,8.55124282836914
30010100358,commercial,6,8.502,8.54703140258789
30010100366,commercial,6,8.3506,8.548601150512695
30010100374,commercial,6,8.3211,8.545345306396484
30010100382,commercial,6,8.4723,8.548973083496094
30010100730,commercial,6,8.1277,8.557731628417969
30010100773,commercial,6,8.2626,8.53315258026123
30010101079,commercial,6,8.4338,8.532468795776367
30102001097,commercial,6,7.354,8.31385612487793
30102001100,commercial,6,7.1464,8.248046875
30102001119,commercial,6,7.1782,8.258493423461914
30102001127,commercial,6,7.2277,8.273553848266602
30102001135,commercial,6,7.2277,8.273553848266602
30102001143,commercial,6,7.1782,8.258493423461914
30102001151,commercial,6,7.1464,8.248420715332031
30102001348,commercial,6,7.5462,8.168591499328613
30102001429,commercial,6,7.5462,8.168591499328613
30102001501,commercial,6,7.5473,8.173696517944336
30102001852,commercial,6,7.9588,8.160026550292969
30102002867,commercial,6,7.7063,8.153074264526367
30105431221,commercial,8,8.9842,8.197951316833496
30105431270,commercial,8,9.3186,8.191322326660156
30105431289,commercial,8,9.3903,8.180355072021484
30105431335,commercial,8,8.9875,8.189887046813965
30201200012,commercial,1,8.103,8.101095199584961
30202900158,commercial,1,8.4884,8.245665550231934
30202900220,commercial,1,8.0317,8.517988204956055
30203200281,commercial,1,8.0216,8.160301208496094
30300100121,commercial,3,7.9294,8.213033676147461
30400400836,commercial,4,8.4431,8.272465705871582
30401000033,commercial,4,8.187,8.07461166381836
30401000173,commercial,4,9.4963,8.631715774536133
30406200121,commercial,4,8.7167,8.012201309204102
30406400341,commercial,4,8.8239,8.281524658203125
30407700347,commercial,4,7.184,7.903553009033203
30411200329,commercial,4,7.5117,8.244340896606445
30502700235,commercial,4,7.2934,7.847675323486328
30602804202,commercial,4,8.5267,7.967837810516357
30602804301,commercial,4,8.0776,7.968556880950928
30602804385,commercial,4,8.1117,7.977773189544678
30602804423,commercial,4,8.4482,7.966381549835205
30602804520,commercial,4,8.2453,7.966381549835205
30602804938,commercial,4,8.4684,7.95965051651001
30602805047,commercial,4,8.4684,7.971087455749512
30602805497,commercial,4,8.178,7.972256660461426
30602805586,commercial,4,8.3176,7.969998359680176
30602805594,commercial,4,8.4684,7.969998359680176
30602805772,commercial,4,8.5076,7.979986667633057
30602805853,commercial,4,8.1411,7.944127082824707
30602805853,commercial,4,7.8751,7.944127082824707
30605801141,commercial,4,7.9576,8.085061073303223
30611300246,commercial,0,7.9225,8.118558883666992
30612000548,commercial,0,7.851,8.238174438476562
30612002222,commercial,0,7.9736,8.293092727661133
30612002435,commercial,0,8.1944,8.273046493530273
30612100240,commercial,0,9.0619,8.431028366088867
30612200326,commercial,0,8.4717,7.941969394683838
30613207707,commercial,0,7.5399,8.334007263183594
30613207782,commercial,0,7.5005,8.347539901733398
30704200357,commercial,7,7.2954,8.261251449584961
30808800229,commercial,7,7.8063,8.190505027770996
30901002345,commercial,1,8.0838,7.928073406219482
30901002418,commercial,1,7.8409,7.924328804016113
30901900971,commercial,1,8.2393,8.09701156616211
30902702571,commercial,1,7.6914,8.00888442993164
30902904148,commercial,1,8.7458,8.710466384887695
30904401771,commercial,1,7.9074,7.945145606994629
30905700071,commercial,1,9.1662,8.266351699829102
00101000219,house,0,8.5172,8.53597354888916
00102301247,house,0,8.3837,8.48648738861084
00102301379,house,0,8.0064,8.57297420501709
00103200169,house,0,9.4144,8.848258018493652
00103200177,house,0,9.4335,8.910018920898438
00201300230,house,0,8.9227,8.504268646240234
00301100888,house,0,8.7102,8.796032905578613
00400900440,house,9,8.8457,8.3406343460083
00400900459,house,9,7.4446,8.304226875305176
00400900920,house,9,8.5685,8.504666328430176
00400901552,house,9,7.824,8.218884468078613
00401700593,house,9,7.8421,8.531794548034668
00403700086,house,0,8.0338,8.672990798950195
00404400205,house,0,7.846,8.57736873626709
00405700539,house,9,7.5209,8.384645462036133
00407200576,house,9,8.3741,8.704326629638672
00505400049,house,0,8.7044,8.764312744140625
00507300440,house,0,8.0064,8.436921119689941
00605000352,house,0,8.7493,8.919172286987305
00605600570,house,0,8.4659,8.874672889709473
00900700343,house,0,8.5778,8.847681045532227
00900700343,house,0,8.5895,8.847681045532227
00903800799,house,0,9.2675,9.197250366210938
00904400026,house,0,7.6891,9.064675331115723
01003000630,house,0,9.0877,8.647750854492188
01003511716,house,0,9.3555,8.795329093933105
01008200549,house,0,9.6915,8.885692596435547
01008600415,house,0,9.251,8.862486839294434
01009300237,house,0,9.6803,9.177262306213379
01100700031,house,0,8.8192,9.206258773803711
01100700579,house,0,9.0544,8.992841720581055
01101200456,house,0,9.0027,9.2761869430542
01102200271,house,0,9.3563,8.944710731506348
01102900168,house,0,8.9857,9.306488037109375
01103500317,house,0,8.8378,9.27224063873291
01104000121,house,0,9.1734,9.241671562194824
01104100320,house,0,8.9443,9.205523490905762
01104700166,house,0,9.0007,9.196821212768555
01104900051,house,0,8.8367,9.252839088439941
01105500152,house,0,8.8537,9.013348579406738
01106400178,house,0,9.1324,9.224940299987793
01110400152,house,0,8.8655,9.223610877990723
01111500045,house,0,8.4833,9.250984191894531
01112000119,house,0,9.6005,9.228940963745117
01113400579,house,0,7.1309,8.643965721130371
01114400270,house,0,9.6633,9.26844596862793
01115800043,house,0,8.8816,9.068302154541016
01200200462,house,7,8.9709,8.845569610595703
01200200586,house,7,8.862,8.689334869384766
01200200624,house,7,8.9352,8.664894104003906
01200500131,house,7,8.6061,9.107488632202148
01200600088,house,7,8.9337,9.102373123168945
01200600428,house,7,8.7308,9.005454063415527
01200700864,house,7,8.6656,8.95811939239502
01201200288,house,7,9.0666,8.914033889770508
01201300169,house,7,9.105,8.846142768859863
01201400090,house,7,9.0074,8.997758865356445
01201700353,house,7,8.5678,8.779426574707031
01201800099,house,7,8.9627,9.079683303833008
01201900311,house,7,9.3157,9.04139518737793
01202300561,house,7,9.1841,8.857124328613281
01202800521,house,0,9.3157,9.203481674194336
01203300034,house,0,8.8861,8.718344688415527
01203900724,house,0,8.3774,8.93934154510498
01204801908,house,0,8.6146,9.109875679016113
01204801932,house,0,8.5929,9.115766525268555
01205600574,house,0,8.711,8.887216567993164
01205900314,house,0,9.4335,8.818419456481934
01207800074,house,0,9.5876,9.153022766113281
01207800309,house,0,9.2007,9.031510353088379
01208600540,house,0,9.3754,8.936504364013672
01209100592,house,0,9.5242,9.01877212524414
01209800039,house,0,9.159,9.196349143981934
01209900211,house,0,8.7505,8.972851753234863
01210200317,house,0,8.5965,8.75941276550293
01210600218,house,0,8.8381,9.159479141235352
01210601001,house,0,9.6899,8.903220176696777
01210902389,house,0,8.3986,8.860542297363281
01211000060,house,0,8.9527,9.325149536132812
01211200663,house,0,9.1152,8.708940505981445
01212200144,house,0,9.1345,9.230825424194336
01212200284,house,0,8.9687,9.151472091674805
01214000029,house,0,8.3837,9.13036060333252
01214001009,house,0,8.4118,8.958169937133789
01214001300,house,0,9.1324,8.94832706451416
01214301983,house,0,8.6667,8.917713165283203
01214900641,house,0,8.6284,8.730278015136719
01215000871,house,0,9.5552,8.963068008422852
01215001053,house,0,9.3669,8.950271606445312
01215001282,house,0,8.8581,8.873000144958496
01215100541,house,0,8.6565,8.799283027648926
01215700261,house,0,9.5626,9.129908561706543
01216100101,house,0,9.469,9.231178283691406
01216900035,house,0,8.639,9.054451942443848
01217000321,house,0,9.0866,8.715431213378906
01300600365,house,0,8.8655,9.011560440063477
01300800208,house,0,8.107,8.752754211425781
01301300314,house,0,9.6498,8.92917251586914
01301300578,house,0,9.6058,9.153496742248535
01301300594,house,0,9.6058,8.998494148254395
01301300802,house,0,9.6897,9.01163101196289
01301600652,house,0,8.9872,8.95431137084961
01406100145,house,0,8.3803,8.877355575561523
01407000020,house,0,9.175,9.155396461486816
01408100118,house,0,9.3231,9.258966445922852
01408500205,house,0,9.6873,8.961566925048828
01500708429,house,0,8.8273,9.267939567565918
01500708542,house,0,8.8637,9.272228240966797
01501700030,house,0,9.443,9.160950660705566
01504200391,house,0,9.2063,9.167176246643066
01505200334,house,0,9.6158,9.335826873779297
01506200338,house,0,9.1662,9.287278175354004
01512200379,house,0,9.596,9.071742057800293
01603000151,house,6,9.4108,9.246089935302734
01607100010,house,0,9.585,9.341626167297363
01614800928,house,6,8.9952,8.901689529418945
01700800132,house,4,7.9215,8.715452194213867
01701100551,house,4,8.6277,8.602051734924316
01701100711,house,4,8.6888,8.639646530151367
01702000192,house,4,8.8183,8.596153259277344
01702000362,house,4,8.9416,8.836669921875
01702000893,house,4,9.5493,8.998926162719727
01702100383,house,9,9.0926,8.648905754089355
01702400344,house,9,8.2295,8.325555801391602
01702500438,house,9,9.2103,8.526016235351562
01703000072,house,9,8.3418,8.750616073608398
01703000234,house,9,8.1918,8.443296432495117
01703200128,house,9,8.8739,8.741595268249512
01703200152,house,9,8.7403,8.334456443786621
01703200578,house,9,8.3862,8.319645881652832
01703900405,house,0,9.5445,8.616982460021973
01704300010,house,9,8.4193,8.259663581848145
01704400244,house,9,8.931,8.882688522338867
01704400279,house,9,8.7975,8.73165512084961
01706700415,house,9,9.028,8.556076049804688
01707800154,house,9,8.4372,8.504583358764648
01707900310,house,9,9.5468,8.659383773803711
01708801014,house,0,8.9227,8.696170806884766
01709200189,house,9,8.55,8.773977279663086
01709600233,house,4,8.2311,8.663743019104004
01709601061,house,4,8.294,8.875738143920898
01710200146,house,4,8.8049,8.623079299926758
01710200502,house,4,9.3575,9.183855056762695
01710200812,house,4,9.1233,8.772053718566895
01710201088,house,4,8.8457,8.486055374145508
01710201150,house,4,8.9227,8.824922561645508
01711400025,house,9,8.948,8.407175064086914
01711400157,house,9,8.7869,8.519004821777344
01711400432,house,9,8.635,8.427145957946777
01711500364,house,9,8.294,8.131904602050781
01711500399,house,9,9.1639,8.538919448852539
01711500607,house,9,8.7403,8.542570114135742
01802200398,house,0,7.7063,8.554937362670898
01802200401,house,0,7.4674,8.815764427185059
01802500758,house,0,8.1328,8.606415748596191
01802500898,house,0,8.1742,8.603151321411133
01803400511,house,0,8.2295,8.683186531066895
01803400862,house,0,8.363,8.725164413452148
01803600330,house,0,8.3741,8.656229972839355
01804300411,house,0,9.6158,8.750577926635742
01804300721,house,0,8.8049,8.577468872070312
01805100424,house,0,8.6243,8.737137794494629
01805100661,house,0,7.6009,8.81332778930664
01806500590,house,0,8.7403,8.576272964477539
01806600072,house,0,8.862,8.694547653198242
01806900106,house,0,9.0863,8.741182327270508
01807000168,house,0,8.5862,8.31047534942627
01807100146,house,0,8.3349,8.65503978729248
01808500342,house,0,8.8739,8.77249813079834
01900700395,house,0,8.6797,8.553363800048828
01900700778,house,0,7.9194,8.49021053314209
01901900223,house,0,8.8406,8.657621383666992
01902400471,house,0,8.8356,8.55575942993164
01902800214,house,0,8.7096,8.160515785217285
01904500749,house,0,8.554,8.618300437927246
01905300468,house,0,8.5913,8.794368743896484
01905400209,house,0,8.5817,8.591492652893066
01908800062,house,0,8.3349,8.68476676940918
01908800062,house,0,8.5972,8.675972938537598
01909800554,house,0,7.9576,8.373863220214844
01910200050,house,0,8.4482,8.263858795166016
01910200654,house,0,8.3622,8.270159721374512
01910300462,house,0,7.5139,8.4658842086792
01910400319,house,0,8.3015,8.797237396240234
01910500631,house,0,8.6842,8.396618843078613
02001900228,house,0,8.148,8.647469520568848
02003600353,house,0,8.0965,8.435606956481934
02003900391,house,0,7.9414,8.722227096557617
02100800302,house,0,8.7403,8.702127456665039
02102000311,house,0,8.8337,8.813608169555664
02104000726,house,0,9.6958,9.034078598022461
02104600057,house,0,8.8125,9.090327262878418
02106800053,house,0,8.9227,8.953398704528809
02107200432,house,0,8.6507,8.525732040405273
02107200513,house,0,8.8375,9.166718482971191
02107700400,house,0,8.2981,8.614251136779785
02109400269,house,0,8.4096,9.033679008483887
02109400341,house,0,8.9446,8.831947326660156
02109900441,house,0,8.5913,8.717763900756836
02200600380,house,0,8.7386,8.787580490112305
02200600410,house,0,9.4082,8.917680740356445
02201300143,house,7,9.2103,8.957746505737305
02203400031,house,0,8.9692,8.861859321594238
02205000500,house,7,8.6003,8.737592697143555
02205100688,house,7,9.5542,9.216614723205566
02205905295,house,0,8.6732,8.823504447937012
02206100568,house,7,8.797,8.940210342407227
02206200201,house,0,9.5388,8.890973091125488
02206300184,house,0,8.8582,8.67579174041748
02208100549,house,0,8.8899,8.754754066467285
02209000106,house,0,8.4787,8.70463752746582
02302100069,house,7,8.3021,8.98374080657959
02302100352,house,7,8.5172,8.856898307800293
02303900433,house,7,8.46,8.842745780944824
02304800610,house,7,9.1188,8.848636627197266
02305600275,house,7,8.9872,8.754199981689453
02307200126,house,7,9.2496,8.99221420288086
02307800468,house,7,8.3349,9.012198448181152
02307800565,house,7,9.1452,8.991090774536133
02308300639,house,7,8.6226,8.920952796936035
02308500018,house,7,9.225,9.045442581176758
02308900555,house,7,8.4802,8.859136581420898
02309800058,house,7,9.1678,8.866744995117188
02400501211,house,7,8.9248,8.867030143737793
02400700095,house,7,8.6125,9.102177619934082
02400900061,house,7,8.4825,8.886423110961914
02400900272,house,7,9.4918,9.059789657592773
02401300597,house,7,8.3475,8.855850219726562
02403000043,house,7,9.1264,9.087848663330078
02403000159,house,7,9.0074,9.216858863830566
02403500151,house,7,9.3645,9.012386322021484
02403800661,house,7,9.3281,8.962652206420898
02403800831,house,7,9.0711,9.112578392028809
02403900362,house,7,8.5755,9.212547302246094
02404000624,house,7,8.3602,8.771552085876465
02404001787,house,7,8.8317,9.087724685668945
02404007882,house,7,9.5917,9.021669387817383
02404101307,house,7,8.6446,8.893682479858398
02404101692,house,7,9.4823,9.155505180358887
02404400096,house,7,8.5425,8.971476554870605
02404500104,house,7,9.2103,9.217095375061035
02404800442,house,7,8.9271,9.088006973266602
02404900196,house,7,9.1276,8.881282806396484
02404900293,house,7,9.1731,8.770312309265137
02405100096,house,7,9.2287,8.724491119384766
02405100096,house,7,9.1616,8.724491119384766
02405500132,house,7,8.545,8.963254928588867
02405700190,house,7,8.997,8.998388290405273
02405801108,house,7,8.4278,8.980382919311523
02406100642,house,7,8.3349,8.814377784729004
02406600378,house,7,8.4684,8.79408073425293
02406700372,house,7,8.9272,9.1253662109375
02406700445,house,7,8.7403,9.214899063110352
02406800121,house,7,9.4623,9.097838401794434
02407001168,house,7,8.5708,9.071172714233398
02407001249,house,7,8.2874,8.887129783630371
02407500202,house,7,9.0314,9.050952911376953
02408100585,house,7,8.1526,9.017459869384766
02408100593,house,7,8.2097,9.2044677734375
02408200199,house,7,7.9978,8.749824523925781
02501700384,house,9,9.5781,8.653030395507812
02503000495,house,9,8.5854,8.203259468078613
02503000551,house,9,9.1511,8.575419425964355
02503900364,house,9,8.4684,8.53353500366211
02506000496,house,9,9.3873,8.8960599899292
02506600264,house,9,8.3349,8.625801086425781
02506800271,house,9,8.503,8.470869064331055
02506800549,house,9,7.4876,8.609052658081055
02506900349,house,9,9.2393,8.610515594482422
02600600061,house,9,9.2103,8.919807434082031
02600800638,house,9,8.1261,8.326410293579102
02601000244,house,9,9.4682,8.679778099060059
02601400706,house,9,8.5172,8.81442928314209
02601500050,house,9,7.9804,8.640485763549805
02601500727,house,9,8.5172,8.621356964111328
02601501049,house,9,8.1193,8.514620780944824
02601800119,house,9,8.8049,8.90852165222168
02602500259,house,9,8.1413,8.484725952148438
02602500321,house,9,7.5364,8.437345504760742
02602500534,house,9,8.096,8.447540283203125
02602600180,house,9,7.9821,8.23891830444336
02602600334,house,9,8.5172,8.667919158935547
02602600636,house,9,8.1773,8.732179641723633
02602600806,house,9,9.1233,8.95888900756836
02602800732,house,9,8.6644,8.427407264709473
02602800759,house,9,8.2998,8.45432186126709
02602800767,house,9,7.5789,8.23399829864502
02603400487,house,9,8.294,8.51186752319336
02603401351,house,9,8.2295,8.66832160949707
02604000377,house,9,8.0418,8.151647567749023
02604100861,house,9,8.0472,8.635520935058594
02604100886,house,9,8.2548,8.260608673095703
02604600031,house,9,9.061,8.693523406982422
02604700050,house,9,9.6158,8.846729278564453
02604800675,house,9,8.2295,8.683756828308105
02605000011,house,9,8.7403,8.53674030303955
02605000028,house,9,8.8883,8.655348777770996
02605200035,house,9,8.1526,8.310810089111328
02605300110,house,9,7.329,7.93170166015625
02605300171,house,9,7.354,8.608282089233398
02605300188,house,9,7.354,8.46661376953125
02605300390,house,9,8.3453,8.484668731689453
02605300692,house,9,8.3547,8.436468124389648
02605600221,house,9,7.9647,8.303010940551758
02606600584,house,9,8.0754,8.135120391845703
02606700295,house,9,8.905,8.539304733276367
02606800265,house,9,8.6226,8.347379684448242
02606800281,house,9,7.9939,8.382516860961914
02606900057,house,9,8.2221,8.168354034423828
02607000149,house,9,8.6842,8.775537490844727
02607100021,house,9,9.2647,8.601818084716797
02607100062,house,9,8.8967,8.733147621154785
02607200326,house,9,8.3245,8.735044479370117
02700700082,house,9,8.3318,8.413084030151367
02700700791,house,9,8.704,8.44333267211914
02700901061,house,9,7.6615,8.14051342010498
02702000908,house,9,9.0672,8.54725456237793
02702700241,house,9,8.7403,8.407608985900879
02703700571,house,9,9.0768,8.747587203979492
02703700581,house,9,8.8273,8.398679733276367
02703700776,house,9,8.7248,8.257808685302734
02704900418,house,9,8.3982,8.465866088867188
02705600310,house,9,7.8568,8.379094123840332
02706300663,house,9,8.6006,8.412832260131836
02706400188,house,9,8.6618,8.657123565673828
02707200093,house,9,8.8956,8.358139038085938
02708700081,house,9,8.5817,8.555389404296875
02708700138,house,9,7.824,8.454301834106445
02708700154,house,9,8.1117,8.531518936157227
02708700243,house,9,7.824,8.275325775146484
02708700901,house,9,9.0027,8.503401756286621
02800400153,house,9,8.1456,8.333667755126953
02800700440,house,9,8.8402,8.616043090820312
02801100129,house,9,8.5529,8.24811840057373
02801600504,house,9,8.5172,8.340982437133789
02802001787,house,9,8.3449,8.084123611450195
02802200216,house,9,8.1117,8.530137062072754
02802800582,house,9,8.1834,8.451333999633789
02804500470,house,9,8.1599,8.13315486907959
02805500091,house,9,8.635,8.590904235839844
02805600045,house,9,8.0529,8.42576789855957
02805600576,house,9,8.4118,8.48416519165039
02805600851,house,9,7.9608,8.318490028381348
02805800192,house,9,8.6006,8.706160545349121
02805900316,house,9,8.0427,8.458745956420898
02805901398,house,9,8.7767,8.61538314819336
02806402026,house,9,8.2909,8.153375625610352
02900300185,house,9,9.078,8.609244346618652
02900500095,house,9,8.6042,8.59392261505127
02900600286,house,9,8.1767,8.455193519592285
02901000150,house,9,8.46,8.512613296508789
02901300146,house,9,8.791,8.49079704284668
02901600611,house,9,8.7685,8.455254554748535
02902300761,house,9,8.5703,8.465092658996582
02902500599,house,9,8.5346,8.469734191894531
02902501048,house,9,8.2495,8.533679962158203
02902600186,house,9,8.5913,8.314094543457031
02902800134,house,9,8.319,8.52209758758545
02903000141,house,9,9.0926,8.303558349609375
02903300526,house,9,8.7326,8.390254974365234
02903600422,house,9,9.5807,8.56500244140625
02904000690,house,9,8.3192,8.559221267700195
02905000211,house,9,8.2731,8.280712127685547
02905400651,house,9,9.5205,8.279340744018555
02905400684,house,9,8.9649,8.536590576171875
02905900075,house,9,8.0109,8.243913650512695
02906200131,house,9,8.8622,8.550933837890625
02907400071,house,9,8.1001,8.215166091918945
02907500252,house,9,8.6624,8.433053970336914
02907500716,house,9,8.7292,8.827116012573242
02907600184,house,9,8.3481,8.56613826751709
02907702610,house,9,8.4219,8.498272895812988
02907801661,house,9,7.77,8.393610000610352
02907801661,house,9,8.3608,8.393377304077148
02908100509,house,9,7.8886,8.767264366149902
02908400456,house,9,8.6995,8.580354690551758
02908500485,house,9,8.4589,8.436149597167969
02908700281,house,9,8.3291,8.440635681152344
02909500128,house,9,8.55,8.730192184448242
03000301471,house,9,8.6305,8.725828170776367
03001600195,house,9,9.3645,8.513586044311523
03001800232,house,9,8.363,8.397819519042969
03002700053,house,9,9.4727,8.486207962036133
03002700576,house,9,8.5784,8.45350456237793
03003000081,house,9,8.8739,8.612546920776367
03007400341,house,9,8.7099,8.501392364501953
03007900107,house,9,8.3266,8.384454727172852
03008700993,house,9,8.3155,8.482646942138672
03010100760,house,9,8.9629,8.762279510498047
03010700695,house,9,8.4302,8.549320220947266
03011100500,house,9,8.6284,8.392913818359375
03011100624,house,9,8.8481,8.479761123657227
03011801282,house,9,9.0074,8.516611099243164
03011801509,house,9,8.5397,8.471380233764648
03011801584,house,9,8.9599,8.477972030639648
03011900213,house,9,8.7742,8.63882827758789
03012500170,house,9,9.1164,8.248404502868652
03012500413,house,9,9.4449,8.596643447875977
03013000104,house,9,9.2235,8.216987609863281
03013700289,house,9,8.9554,8.485458374023438
03013700556,house,9,9.0795,8.790058135986328
03014700495,house,9,8.2486,8.288030624389648
03015000225,house,9,7.7059,8.18396282196045
03015100629,house,9,8.7208,8.552583694458008
03015700413,house,9,8.6713,8.452262878417969
03015800078,house,9,8.6042,8.125337600708008
03015900056,house,9,8.8356,8.48829460144043
03100600592,house,9,8.6779,8.526350021362305
03101200679,house,9,8.363,8.602517127990723
03101900522,house,9,7.6009,8.203367233276367
03102000045,house,9,8.955,8.883171081542969
03102100589,house,9,8.6995,8.522811889648438
03102400159,house,9,8.6959,8.443790435791016
03102900119,house,9,8.4722,8.347102165222168
03102900283,house,9,8.5172,8.411643028259277
03102900798,house,9,8.4804,8.649612426757812
03103100183,house,9,8.0623,8.301359176635742
03103400195,house,9,8.8818,8.820466995239258
03103400683,house,9,8.3194,8.330479621887207
03103700466,house,9,8.9252,8.314613342285156
03103900392,house,9,8.299,8.296929359436035
03104400288,house,9,8.7573,8.490270614624023
03104900248,house,9,8.5858,8.211076736450195
03104900388,house,9,8.1807,8.361625671386719
03104900582,house,9,8.5252,8.452638626098633
03105100687,house,9,8.4295,8.343428611755371
03105400583,house,9,8.3619,8.293768882751465
03105800123,house,9,8.2308,8.193137168884277
03105800514,house,9,8.6125,8.653350830078125
03105800727,house,9,8.0682,8.434412002563477
03105800743,house,9,8.6941,8.427453994750977
03106100338,house,9,8.5172,8.257789611816406
03106100435,house,9,8.6821,8.48360538482666
03107100331,house,9,8.3467,8.297762870788574
03107501409,house,9,8.7403,8.250913619995117
03107501921,house,9,8.0247,8.334305763244629
03107502936,house,9,8.2212,8.380919456481934
03108400207,house,9,8.6275,8.64846420288086
03108600311,house,9,8.5004,8.549229621887207
03109400812,house,9,8.3481,8.510758399963379
03109401231,house,9,8.1025,8.535460472106934
03109501244,house,9,7.7634,8.298717498779297
03109501880,house,9,8.5172,9.041915893554688
03110400294,house,9,8.8537,8.684414863586426
03110700425,house,9,8.1967,8.614882469177246
03111200353,house,9,8.0226,8.250418663024902
03200600497,house,9,8.5616,8.316871643066406
03201000191,house,9,8.9131,8.67165756225586
03201600393,house,9,8.4859,8.599501609802246
03201700576,house,9,8.753,8.508417129516602
03201800449,house,9,8.4764,8.68215274810791
03202400703,house,9,8.5963,8.554388999938965
03202800655,house,9,8.8644,8.27862548828125
03203501066,house,9,8.8448,8.517627716064453
03203600935,house,9,8.0306,8.259364128112793
03203601788,house,9,8.1328,8.64254379272461
03203800659,house,9,8.6226,8.480329513549805
03204100618,house,9,8.4118,8.511140823364258
03204300463,house,9,8.7536,8.337529182434082
03205800419,house,9,8.5069,8.418365478515625
03205800427,house,9,8.4772,8.567331314086914
03206000572,house,9,8.2729,8.458377838134766
03206100216,house,9,7.9492,8.530878067016602
03206604192,house,9,9.028,8.77307415008545
03206800579,house,9,7.5193,8.108236312866211
03207300456,house,9,8.9737,8.310943603515625
03207300741,house,9,9.0115,8.447473526000977
03213500704,house,9,9.0644,8.045795440673828
03214000225,house,9,8.6125,8.441158294677734
03214800639,house,9,8.1853,8.003697395324707
03216500047,house,9,8.3808,8.16554069519043
03217500997,house,9,8.9661,8.690458297729492
03218300436,house,9,9.0706,8.405029296875
03218400759,house,9,8.4219,8.009000778198242
03218500303,house,9,8.8058,8.457123756408691
03218600219,house,9,8.6521,8.489202499389648
03218700061,house,9,8.4527,8.131792068481445
03302901021,house,0,7.9576,8.922853469848633
03303500258,house,0,8.1117,8.538887023925781
03303700435,house,0,8.3466,8.532363891601562
03304100202,house,0,8.294,8.83381462097168
03304300082,house,0,8.2439,8.719966888427734
03304400044,house,0,8.294,8.807374954223633
03304701354,house,0,8.8567,8.717395782470703
03304901639,house,0,8.3968,8.91271686553955
03305600616,house,0,8.905,8.51223087310791
03305710535,house,0,7.9194,8.698619842529297
03306700061,house,0,8.276,8.365556716918945
03306800635,house,0,8.4118,8.557085037231445
03400300391,house,0,8.1897,8.614045143127441
03400400173,house,9,8.2118,8.270454406738281
03401000527,house,0,8.3147,8.685566902160645
03401400649,house,9,8.4118,8.423354148864746
03401803077,house,0,8.5014,8.73178482055664
03402200619,house,9,8.6767,8.324813842773438
03402500841,house,0,7.9819,8.146543502807617
03402600358,house,0,7.5737,8.079718589782715
03402800421,house,9,8.9561,8.491233825683594
03402800497,house,9,8.5862,8.713191986083984
03403100324,house,0,8.9536,8.528788566589355
03404000536,house,1,8.3096,8.365686416625977
03405000114,house,1,9.185,8.445075988769531
03405400368,house,1,8.4482,8.58629035949707
03406100708,house,1,8.3747,8.27413558959961
03406200095,house,1,8.5637,8.327308654785156
03406700225,house,1,8.7403,8.675640106201172
03407400276,house,1,8.8919,8.665460586547852
03407800045,house,1,8.6125,8.464752197265625
03408100071,house,1,8.5038,8.188417434692383
03408101205,house,1,8.6618,8.274023056030273
03408200661,house,1,8.5004,8.328988075256348
03408500789,house,0,8.408,8.58759593963623
03408700397,house,0,8.4186,8.228708267211914
03408900698,house,1,8.5529,8.362144470214844
03500300601,house,9,8.9415,8.63818645477295
03500900682,house,9,8.5942,8.9152250289917
03501000553,house,9,9.1094,8.483262062072754
03501000707,house,9,8.7048,8.292226791381836
03502406219,house,1,8.5046,8.49649429321289
03502600112,house,9,8.5878,8.568875312805176
03502900345,house,9,8.7692,8.580801010131836
03503000518,house,9,7.7951,8.471965789794922
03503300147,house,1,8.9952,8.537399291992188
03503600566,house,1,8.849,8.373666763305664
03503700048,house,9,8.107,8.192083358764648
03503700171,house,9,8.1167,8.220542907714844
03503900624,house,9,8.2577,8.363734245300293
03505301302,house,1,8.7959,8.338563919067383
03505301310,house,1,8.8976,8.441741943359375
03505501158,house,1,8.4378,8.334511756896973
03505700533,house,1,8.2118,8.485840797424316
03506000829,house,9,8.5587,8.779742240905762
03506100084,house,9,8.4659,8.127851486206055
03506400789,house,9,8.1192,8.292915344238281
03506600133,house,9,7.4543,8.388647079467773
03506600168,house,9,7.5575,8.555902481079102
03507200473,house,9,8.2816,8.566511154174805
03507200589,house,9,8.3349,8.702841758728027
03508100405,house,9,8.9002,8.691884994506836
03508100448,house,9,8.4659,8.536760330200195
03508100715,house,9,8.0991,8.416326522827148
03508500381,house,9,7.6009,8.375945091247559
03508700526,house,9,7.9194,8.180376052856445
03508800237,house,9,8.3635,8.739670753479004
03510100727,house,9,7.8055,8.436542510986328
03510101758,house,9,7.878,8.426431655883789
03510300017,house,9,8.1077,7.99452018737793
03510300181,house,9,8.5583,8.888324737548828
03510300718,house,9,8.7042,8.596982955932617
03510300726,house,9,8.8739,8.574518203735352
03510300734,house,9,9.0933,8.433095932006836
03510300742,house,9,9.1209,8.808406829833984
03510302788,house,9,8.4471,8.50284194946289
03602500152,house,0,8.7657,8.754194259643555
03606000529,house,0,9.3597,8.960492134094238
03606000601,house,0,9.6005,9.198735237121582
03613600048,house,1,9.115,8.809886932373047
03613600285,house,1,9.0115,9.099427223205566
03701000336,house,0,8.9955,9.02857780456543
03701000441,house,0,9.1233,8.967033386230469
03701300046,house,0,8.8861,8.96744155883789
03702300181,house,1,9.6355,9.100826263427734
03702400176,house,1,9.1413,8.982014656066895
03703900598,house,1,9.2726,9.12228775024414
03704200158,house,1,8.9532,9.043134689331055
03704300187,house,1,8.8139,8.884651184082031
03704301531,house,1,8.8766,8.761343002319336
03705100351,house,1,8.7139,8.589679718017578
03705100408,house,1,8.8001,8.765178680419922
03705300660,house,1,8.0186,8.793342590332031
03706705451,house,1,8.974,8.916489601135254
03707000281,house,1,9.058,8.795984268188477
03707101339,house,1,8.8801,8.685916900634766
03707400360,house,1,9.028,8.94146728515625
03708000013,house,1,9.1068,8.832228660583496
03708200187,house,1,8.9124,9.056524276733398
03708500148,house,1,8.7802,8.89401626586914
03708900316,house,0,9.5498,9.01707649230957
03709100070,house,1,9.1458,8.930551528930664
03710000351,house,1,9.6958,9.196107864379883
03710100054,house,1,9.2103,9.205236434936523
03710201357,house,1,8.9603,9.061582565307617
03710400236,house,1,9.0078,9.154901504516602
03801000192,house,0,8.3087,8.831966400146484
03801000461,house,0,8.3894,8.78024959564209
03803500095,house,0,8.6432,8.538866996765137
03804000126,house,0,9.4588,9.197778701782227
03804500323,house,0,8.1564,9.053984642028809
03804600107,house,0,8.4527,8.756839752197266
03804600514,house,0,8.9518,9.220383644104004
03804700152,house,0,9.3501,8.570907592773438
03804700187,house,0,9.2919,8.451044082641602
03806800121,house,1,8.484,8.63229751586914
03807100458,house,1,8.3644,8.842323303222656
03807400060,house,1,9.6689,8.46103286743164
03808300124,house,1,8.7448,8.676225662231445
03808300310,house,1,8.4241,8.75235652923584
03808500077,house,1,9.3996,9.002151489257812
03809300160,house,1,8.9193,8.662763595581055
03809900346,house,1,9.3961,8.572660446166992
03809900354,house,1,9.4201,8.596179962158203
03809900400,house,1,9.5513,8.629448890686035
03810200905,house,1,9.0401,8.654467582702637
03810700347,house,1,9.2591,9.043212890625
03811200046,house,1,8.4831,8.87864875793457
03900400083,house,1,8.8553,8.60699462890625
03901300279,house,1,9.0938,8.37076187133789
03901900160,house,1,8.0973,8.206634521484375
03902000287,house,1,8.7179,8.160246849060059
03903601330,house,1,8.9029,8.37675666809082
03904600761,house,1,8.5952,8.219223022460938
03906700135,house,1,9.1659,8.424287796020508
03906900231,house,1,9.2913,8.7567720413208
03906900231,house,1,9.2585,8.7567720413208
03907102843,house,1,9.1224,8.636984825134277
03913900373,house,1,8.81,8.210269927978516
03913900888,house,1,8.93,8.318500518798828
03913900896,house,1,8.3133,8.235641479492188
03914000120,house,1,8.4244,8.300287246704102
03914800607,house,1,8.6995,8.037553787231445
03915400319,house,1,8.747,8.484745025634766
03915800775,house,1,9.2692,8.461118698120117
04000400282,house,1,7.7435,8.0965576171875
04001400261,house,9,8.4259,8.680028915405273
04001400278,house,9,8.6501,8.846961975097656
04001400286,house,9,8.6064,8.841544151306152
04001400294,house,9,8.478,8.726110458374023
04001400316,house,9,8.6679,8.852724075317383
04002100049,house,1,7.6222,8.261886596679688
04003900091,house,9,8.0499,8.190491676330566
04003900091,house,9,8.0422,8.21723461151123
04004600642,house,9,7.6009,8.46622371673584
04005600271,house,1,8.0877,8.034595489501953
04006300204,house,1,8.4619,8.551398277282715
04006600161,house,1,8.9392,8.434181213378906
04007400113,house,1,8.9271,8.394695281982422
04007700168,house,1,8.0046,7.967538833618164
04009100338,house,1,7.8568,8.261774063110352
04009200685,house,1,8.48,8.30864143371582
04009200960,house,1,7.6521,7.925349235534668
04009500115,house,1,8.6558,8.53768539428711
04010100680,house,1,9.4248,8.051750183105469
04010201312,house,1,8.3908,8.663101196289062
04010800283,house,1,8.3978,8.396472930908203
04012000136,house,1,8.3143,8.183778762817383
04012200119,house,1,8.0164,8.053786277770996
04012600109,house,1,8.4302,8.057432174682617
04012600850,house,1,8.8896,8.346418380737305
04012700553,house,1,8.3786,8.169336318969727
04012800183,house,1,8.1077,8.005149841308594
04013100339,house,1,8.531,8.069353103637695
04013300036,house,1,8.3428,8.208941459655762
04013300818,house,1,8.6866,8.50094223022461
04013400340,house,1,8.193,8.109565734863281
04013500469,house,1,8.9266,8.132559776306152
04013500515,house,1,8.294,7.992249011993408
04013600323,house,1,8.4531,8.048408508300781
04014100367,house,1,8.4396,8.099396705627441
04014300031,house,1,7.9177,8.14918327331543
04015100451,house,1,8.1572,8.143033981323242
04015400097,house,1,8.7699,8.415267944335938
04015500131,house,1,8.1847,8.101151466369629
04015500229,house,1,8.294,8.278657913208008
04017200346,house,1,8.4219,8.584890365600586
04017300456,house,1,9.1645,8.692485809326172
04017700039,house,1,8.2161,8.34884262084961
04018100973,house,1,8.3592,8.210078239440918
04019200041,house,1,8.3755,8.526742935180664
04019500436,house,1,8.8049,8.579521179199219
04020000026,house,1,8.7536,8.639480590820312
04020400441,house,1,8.0064,8.271585464477539
04021700064,house,1,8.3741,8.23822021484375
04100200080,house,6,9.3927,9.329626083374023
04102200312,house,6,9.567,9.120611190795898
04102500146,house,6,9.3948,9.063638687133789
04103000422,house,6,9.5807,9.179608345031738
04103000430,house,6,9.5807,9.179608345031738
04103100400,house,6,9.5575,9.153657913208008
04104500021,house,6,9.4102,9.08692741394043
04105100084,house,6,9.6741,9.085430145263672
04107000230,house,6,9.4383,9.138263702392578
04108000171,house,6,9.2103,9.000306129455566
04117200224,house,6,9.5178,8.986250877380371
04118800391,house,6,9.3439,8.727546691894531
04119600270,house,6,9.3057,9.019268035888672
04123800084,house,6,9.4916,9.209331512451172
04124100604,house,6,9.4518,8.927999496459961
04124600054,house,6,9.2844,9.003108024597168
04200700247,house,1,8.959,8.616449356079102
04200700476,house,1,9.6496,8.97169303894043
04200800608,house,1,8.3124,8.66076946258545
04201800172,house,1,8.7096,8.949226379394531
04203900514,house,1,9.1319,8.712370872497559
04205300263,house,1,9.2106,8.547630310058594
04205800401,house,1,8.1807,8.18743896484375
04206000514,house,1,8.3994,8.470786094665527
04208700157,house,1,8.1687,8.508831024169922
04210700207,house,1,8.6387,8.413979530334473
04211500457,house,1,8.4482,8.56854248046875
04212501252,house,1,9.3093,8.754171371459961
04215000122,house,1,9.5292,8.147537231445312
04215000149,house,1,9.2815,8.092506408691406
04215700221,house,1,8.6957,8.430046081542969
04215700991,house,1,8.4047,8.091459274291992
04215900522,house,1,9.4515,8.574042320251465
04216200273,house,1,9.014,9.053824424743652
04218800103,house,1,9.6692,8.285421371459961
04218800571,house,1,8.9638,8.151567459106445
04219600299,house,1,8.9837,8.558691024780273
04220500146,house,1,9.6566,9.152223587036133
04300800332,house,1,8.5505,8.277215957641602
04301200207,house,1,8.6507,8.472068786621094
04301700544,house,1,8.8537,8.361029624938965
04301700706,house,1,9.3661,8.246164321899414
04302900490,house,1,8.825,8.394256591796875
04302900512,house,1,8.8049,8.383804321289062
04303200018,house,1,8.6995,8.531702995300293
04303200026,house,1,8.6995,8.531702995300293
04303200484,house,1,9.4201,8.513647079467773
04303300527,house,1,8.4118,8.25590705871582
04303500380,house,1,8.6322,7.874645233154297
04303500380,house,1,8.5719,7.865315914154053
04303700479,house,1,8.5475,8.541451454162598
04304400045,house,1,8.1053,8.410131454467773
04305500248,house,1,8.635,8.481430053710938
04305700522,house,1,8.1093,8.11020278930664
04306400484,house,1,8.635,8.14894962310791
04306500608,house,1,9.028,8.382896423339844
04307000528,house,1,8.6526,8.357398986816406
04307100190,house,1,8.3248,8.409406661987305
04307200381,house,1,8.5357,8.16171646118164
04307400658,house,1,9.3237,8.100656509399414
04307700090,house,1,8.4919,8.473480224609375
04307900251,house,1,8.421,8.0220947265625
04309100058,house,1,8.0401,8.433730125427246
04309400523,house,1,8.5994,8.149677276611328
04309500102,house,1,8.862,8.105813026428223
04309600281,house,1,8.8739,8.387405395507812
04309800920,house,1,8.9256,8.310623168945312
04309900429,house,1,9.028,8.481420516967773
04310000452,house,1,8.6058,8.293031692504883
04310400361,house,1,8.6934,8.17709732055664
04313200541,house,1,8.6763,8.26073169708252
04314400293,house,1,8.4652,8.09184455871582
04314800771,house,1,7.6218,8.343513488769531
04314801425,house,1,8.0973,8.049118041992188
04315000116,house,1,7.9523,8.260587692260742
04315000132,house,1,7.556,7.917082786560059
04315000396,house,1,8.291,7.924933433532715
04315500615,house,1,8.2698,8.472749710083008
04315500631,house,1,8.1644,8.417617797851562
04316400551,house,1,8.0462,7.84887170791626
04316900439,house,1,8.6565,8.307220458984375
04318100596,house,1,8.6995,8.41488265991211
04318200183,house,1,8.2816,8.385187149047852
04318200221,house,1,8.2782,8.169332504272461
04319100034,house,1,8.3096,8.057151794433594
04319801350,house,1,8.7741,8.695430755615234
04401700422,house,9,8.1281,8.316484451293945
04405800243,house,9,8.294,8.523566246032715
04406700064,house,9,8.9548,8.760137557983398
04406800514,house,9,9.2453,8.369702339172363
04409500635,house,9,8.2843,8.113389015197754
04409800051,house,9,8.5952,7.9974260330200195
04409800371,house,9,9.2287,8.568258285522461
04409800604,house,9,8.4914,8.189298629760742
04409900277,house,9,9.4848,8.39254093170166
04410000322,house,9,8.95,9.02800464630127
04410002864,house,9,8.8589,8.719734191894531
04410200933,house,9,8.5538,8.22785758972168
04410400509,house,9,8.363,8.245124816894531
04410600338,house,9,7.9462,8.035771369934082
04410800647,house,9,8.4527,8.340957641601562
04410900331,house,9,8.5172,8.729140281677246
04410900471,house,9,8.5046,8.47578239440918
04411100347,house,9,8.0448,8.267805099487305
04412700161,house,9,8.3824,8.355392456054688
04412800199,house,9,7.8435,8.594076156616211
04412900401,house,9,7.61,7.850272178649902
04413200081,house,9,8.3064,8.212520599365234
04413800532,house,9,8.5272,8.581790924072266
04414200245,house,9,7.6699,7.697120666503906
04414300061,house,9,7.9576,7.9807024002075195
04414300118,house,9,7.1954,8.379730224609375
04416300042,house,9,8.3668,8.28337574005127
04416400251,house,9,8.1931,8.196765899658203
04416500300,house,9,8.1927,8.200319290161133
04416801262,house,9,8.086,8.321053504943848
04500200347,house,6,8.4637,8.894699096679688
04500900063,house,1,9.3002,8.661203384399414
04500900136,house,1,9.0415,8.735572814941406
04500900251,house,1,9.4717,8.798794746398926
04501600187,house,1,8.8849,8.736428260803223
04501600251,house,1,8.7308,8.606305122375488
04501600535,house,1,9.5513,8.913639068603516
04501600543,house,1,9.6566,8.962464332580566
04501900350,house,1,8.7096,8.464776992797852
04502000310,house,1,8.46,8.348657608032227
04503300490,house,1,8.0552,8.924346923828125
04503700812,house,1,8.7093,8.55630874633789
04503900412,house,1,9.0753,8.802801132202148
04503901011,house,1,8.7248,8.627202987670898
04507300150,house,1,8.6156,9.060530662536621
04507700183,house,1,8.2548,8.77982234954834
04507702666,house,1,8.6865,8.86233139038086
04507703131,house,1,9.2103,8.917961120605469
04509300352,house,1,9.4158,9.041923522949219
04509400136,house,1,9.271,8.802546501159668
04510300107,house,1,8.7403,8.726808547973633
04511200114,house,1,8.3275,8.71700668334961
04511500312,house,1,8.8049,9.063690185546875
04513601833,house,1,8.6953,8.631991386413574
04513801166,house,1,8.4455,8.133193969726562
04515200496,house,6,8.3526,8.525938987731934
04515800337,house,1,8.9176,8.55252742767334
04515800361,house,1,8.6378,8.544656753540039
04516000253,house,1,8.3349,8.471142768859863
04516500299,house,1,8.566,8.464483261108398
04517200329,house,6,8.8997,8.571688652038574
04517300269,house,6,8.3691,8.421259880065918
04519000254,house,1,8.4262,8.461237907409668
04519500206,house,1,8.4675,8.679594039916992
04520500370,house,6,8.8805,8.525386810302734
04520600227,house,6,9.0768,8.925802230834961
04520900239,house,1,8.8226,8.63720703125
04521400515,house,6,8.9958,8.839933395385742
04522000383,house,6,9.115,8.673626899719238
04523600333,house,6,7.9603,8.478880882263184
04523700664,house,6,8.6719,8.464324951171875
04524700315,house,6,8.6621,8.593249320983887
04524800018,house,6,9.5319,8.981475830078125
04525100273,house,6,8.7179,8.799211502075195
04526700185,house,1,8.59,8.587825775146484
04526900184,house,1,8.6254,8.571897506713867
04527200321,house,6,8.6068,8.870673179626465
04528900106,house,1,9.0191,8.736992835998535
04529000494,house,1,8.6752,8.694512367248535
04529700151,house,1,8.5413,8.297704696655273
04529801780,house,1,8.2128,8.16485595703125
04530100294,house,6,9.028,8.841743469238281
04530500179,house,6,8.432,8.735097885131836
04530700186,house,6,8.4919,8.801778793334961
04530800091,house,1,8.3071,8.449702262878418
04531000188,house,1,9.0178,8.6153564453125
04531300548,house,6,8.2923,8.431246757507324
04532700353,house,6,7.9699,8.546337127685547
04533200028,house,1,8.5279,8.930334091186523
04533900267,house,1,8.5272,8.603919982910156
04533900747,house,1,8.4742,8.462961196899414
04600800370,house,1,9.5032,8.427515029907227
04600900553,house,1,8.7275,8.445432662963867
04601300592,house,1,8.7469,8.531011581420898
04601700450,house,1,8.2484,8.194328308105469
04602000517,house,1,8.0064,8.406036376953125
04603101325,house,1,8.5352,8.684306144714355
04605800158,house,1,8.9227,8.209121704101562
04605800761,house,1,8.4431,8.06875228881836
04606100540,house,1,8.7197,8.310102462768555
04606100753,house,1,9.2103,8.46932601928711
04606400439,house,1,8.563,8.265791893005371
04607900443,house,1,8.2682,7.94195556640625
04609300443,house,1,8.5352,8.24350643157959
04609600064,house,1,8.294,8.260492324829102
04610600102,house,1,7.8943,8.449190139770508
04610701634,house,1,8.1117,8.296140670776367
04610702381,house,1,8.2283,8.259222030639648
04610800209,house,1,8.1372,8.20437240600586
04610900513,house,1,8.126,8.088973045349121
04611300862,house,1,8.9596,8.314071655273438
04611301060,house,1,9.0672,8.442157745361328
04615000200,house,1,8.449,8.306097984313965
04615000324,house,1,7.8886,8.07115650177002
04616000182,house,1,8.6638,8.487238883972168
04616300461,house,1,8.3666,8.265466690063477
04616700168,house,1,8.3243,8.272491455078125
04619102040,house,1,9.1324,8.407353401184082
04619102180,house,1,9.105,8.206981658935547
04619102237,house,1,9.5409,8.13901138305664
04619102776,house,1,7.8028,8.095558166503906
04619700681,house,1,8.0789,8.547829627990723
04619900354,house,1,7.9388,8.28622817993164
04620100846,house,1,8.2766,8.344399452209473
04620400777,house,1,8.294,8.167137145996094
04620700282,house,1,8.388,8.169181823730469
04620700304,house,1,8.3318,8.136006355285645
04622000709,house,1,9.0205,8.31440544128418
04622100053,house,1,8.642,8.122701644897461
04622100071,house,1,8.5055,8.14954948425293
04622100355,house,1,8.5301,8.287652969360352
04622200309,house,1,8.8092,8.390975952148438
04622900254,house,1,8.3477,7.970198631286621
04624400771,house,1,8.5086,8.261385917663574
04624700376,house,1,8.4315,8.113568305969238
04700100249,house,1,8.5882,8.689430236816406
04700100354,house,1,8.5153,8.669578552246094
04700200308,house,1,8.7536,8.400116920471191
04700200421,house,1,7.9313,8.517061233520508
04700600233,house,1,8.7664,8.518882751464844
04702300229,house,1,8.363,8.59388256072998
04703900718,house,1,8.1671,8.340059280395508
04704700402,house,1,7.7063,8.515817642211914
04704700496,house,1,8.2295,8.44837760925293
04705000889,house,1,8.9248,8.465352058410645
04706000483,house,1,8.3219,8.544000625610352
04706303753,house,1,8.4678,8.305152893066406
04707100333,house,1,8.2315,8.194244384765625
04707900933,house,1,9.046,8.198801040649414
04708801191,house,1,8.1754,8.581392288208008
04708802137,house,1,8.8418,8.645586967468262
04709300161,house,1,8.5095,8.267191886901855
04709400520,house,1,8.6995,8.350639343261719
04709702020,house,1,8.6746,8.306480407714844
04710801355,house,1,8.3759,8.083585739135742
04711300775,house,1,8.3979,8.058191299438477
04711800298,house,1,8.0961,8.242345809936523
04713200492,house,1,7.5395,8.231361389160156
04713800082,house,1,8.7087,8.592942237854004
04714500597,house,1,8.1979,7.91426944732666
04714500661,house,1,9.0926,8.564901351928711
04714600451,house,1,8.5172,8.460865020751953
04714600583,house,1,8.2695,8.055750846862793
04715000180,house,1,8.9848,8.339740753173828
04717000811,house,1,8.5942,8.153045654296875
04717001435,house,1,8.1188,8.152971267700195
04718701082,house,1,7.9194,7.916970252990723
04719200699,house,1,8.4331,8.12874984741211
04719600859,house,1,9.028,8.611827850341797
04719800645,house,1,7.887,8.019744873046875
04719801021,house,1,8.5994,8.083680152893066
04720400965,house,1,8.1096,7.902797698974609
04721100175,house,1,8.7487,8.495502471923828
04722001375,house,1,7.8701,8.166326522827148
04724100745,house,1,8.5847,8.080873489379883
04724101091,house,1,7.9849,8.067119598388672
04724800208,house,1,7.4418,8.263587951660156
04725600873,house,1,8.4675,8.265992164611816
04725601063,house,1,8.3418,8.49740982055664
04725603260,house,1,9.2616,8.537820816040039
04726000527,house,1,7.824,8.422078132629395
04802700563,house,1,8.8155,8.173301696777344
04802700903,house,1,8.2441,7.928882598876953
04803000077,house,1,8.4267,7.942983150482178
04803500193,house,1,7.813,8.020206451416016
04803700419,house,1,7.9993,7.862977027893066
04803700494,house,1,8.239,8.191731452941895
04803801002,house,1,8.6692,8.294843673706055
04804000526,house,1,8.046,8.2923583984375
04804400151,house,1,8.6552,8.214054107666016
04804500316,house,1,8.622,8.050921440124512
04804600051,house,1,8.3745,8.09888744354248
04807000330,house,1,8.2808,8.060199737548828
04807000500,house,1,8.6851,7.999500274658203
04807400053,house,1,9.0332,7.928635597229004
04808901072,house,1,8.3822,8.257131576538086
04810000109,house,1,9.477,8.905050277709961
04812900859,house,1,8.207,8.693472862243652
04813100759,house,1,7.5426,8.116931915283203
04813200672,house,1,7.5804,8.001185417175293
04813200753,house,1,7.9462,7.943115711212158
04813900755,house,1,8.0283,7.991358757019043
04814000324,house,1,8.3141,8.08557415008545
04814900317,house,1,8.1481,8.435129165649414
04815301123,house,1,8.4787,8.361553192138672
04815400970,house,1,7.9418,8.057825088500977
04815401446,house,1,8.137,8.120067596435547
04815402035,house,1,7.2747,7.84834098815918
04818900338,house,1,8.1481,8.30061149597168
04819000251,house,1,8.6226,8.690397262573242
04822400182,house,1,7.8494,8.014036178588867
04823300742,house,1,7.1816,7.612293243408203
04823401530,house,1,9.2243,8.590943336486816
04823601246,house,1,8.0221,8.141429901123047
04823701127,house,1,8.1897,8.229005813598633
04823800834,house,1,8.3224,8.207984924316406
04824500605,house,1,8.6713,8.460671424865723
04825000126,house,1,8.4932,7.887409687042236
04825100147,house,1,8.2711,8.109170913696289
04825200540,house,1,8.6995,8.29637336730957
04825800246,house,1,8.3814,7.824233055114746
04826900104,house,1,8.1877,8.095894813537598
04828500871,house,1,8.6226,8.622804641723633
04828800492,house,1,8.1689,8.401602745056152
04830600136,house,1,8.8197,8.042861938476562
04830700084,house,1,8.2161,7.8285932540893555
04831001775,house,1,8.297,8.11074447631836
04832600486,house,1,8.479,8.480851173400879
04834500845,house,1,8.5374,8.430401802062988
04836600601,house,1,9.0886,8.718639373779297
04836700061,house,1,8.0327,8.245203018188477
04839400571,house,1,8.6975,8.104673385620117
04839600333,house,1,8.3187,8.229422569274902
04839700249,house,1,7.8414,8.261484146118164
04842100389,house,1,8.5685,8.241676330566406
04900400068,house,1,7.8649,8.02235221862793
04900500038,house,1,8.2295,7.972441673278809
04901200526,house,1,8.5849,8.06775951385498
04901300563,house,1,8.716,8.343899726867676
04901900552,house,1,9.0768,8.790201187133789
04902000156,house,1,8.6995,8.17540454864502
04902000547,house,1,8.5272,8.24779224395752
04902400121,house,1,8.1807,8.02981185913086
04902800403,house,1,8.0562,7.854842185974121
04903000151,house,1,8.3602,7.8976616859436035
04903000451,house,1,7.9959,8.229921340942383
04903300455,house,1,8.4652,8.186453819274902
04903400441,house,1,8.3917,8.131511688232422
04903600270,house,1,7.9931,7.946402072906494
04903600386,house,1,8.4946,8.108461380004883
04904100042,house,1,9.4854,8.291348457336426
04905600618,house,1,8.1689,8.055665969848633
04906100392,house,1,8.2212,8.094843864440918
04906700373,house,1,8.3255,8.396560668945312
04909900802,house,1,8.2677,8.326900482177734
04909901035,house,1,8.5924,8.09632396697998
04910500170,house,1,7.3132,8.22555160522461
04910500197,house,1,7.3082,7.859799861907959
04910900292,house,1,8.6713,8.62492561340332
04911101040,house,1,8.3894,8.527660369873047
04912800260,house,1,8.1025,8.273179054260254
04913600850,house,1,7.8666,8.088583946228027
04913900706,house,1,9.1354,8.58011245727539
04914200422,house,1,8.6541,8.443035125732422
04914300915,house,1,8.24,8.230769157409668
04914600102,house,1,7.5194,7.64631986618042
04915300196,house,1,7.7459,8.001932144165039
04916300688,house,1,7.7872,8.202947616577148
04917100402,house,1,8.9025,8.535482406616211
04918900534,house,1,8.3559,7.952289581298828
04918901190,house,1,8.7213,8.16305923461914
04919500599,house,1,7.9479,7.839804649353027
04920400691,house,1,8.1363,7.954310894012451
04920500297,house,1,8.3248,7.995479106903076
04922800387,house,1,7.5527,7.73696756362915
04923000953,house,1,8.5188,8.338526725769043
04923201304,house,1,8.089,8.35525131225586
04923400269,house,1,8.1417,8.049644470214844
04923700246,house,1,8.0064,8.156061172485352
04924000353,house,1,8.1461,8.33015251159668
04924100315,house,1,8.0227,8.354862213134766
04925900226,house,1,8.6915,8.631939888000488
04926100541,house,1,7.8161,7.847474098205566
04926200325,house,1,7.6669,8.217543601989746
04927200094,house,1,7.8057,7.843911170959473
04927601293,house,1,8.1452,7.970341205596924
04927601358,house,1,7.526,7.853950500488281
04927601811,house,1,8.0385,7.913090705871582
04928400216,house,1,8.6995,8.553462982177734
04928600479,house,1,8.0629,8.109598159790039
04942200581,house,1,8.6314,7.939221382141113
04944100094,house,1,8.104,7.875866413116455
04944500599,house,1,8.0302,7.930710792541504
04944800258,house,1,8.1724,8.153459548950195
04944901038,house,1,8.276,8.030515670776367
04945000451,house,1,7.874,7.74083137512207
04945100527,house,1,8.6928,8.279915809631348
04945100586,house,1,7.9092,7.892434120178223
04945400377,house,1,7.4002,8.075267791748047
04945500576,house,1,7.5533,7.779471397399902
04945501017,house,1,8.4295,8.011234283447266
04945600147,house,1,8.851,8.524263381958008
04948200883,house,1,7.9111,7.995502471923828
04948400191,house,1,8.2708,8.253691673278809
04949200275,house,1,7.5413,8.166292190551758
05000100433,house,1,8.0963,8.173609733581543
05000500407,house,1,8.3837,8.568411827087402
05000800087,house,1,8.5172,8.417881965637207
05001700590,house,1,7.9387,8.298863410949707
05001800153,house,1,8.5172,8.545988082885742
05002500021,house,1,8.8252,8.61849308013916
05002500791,house,1,8.6543,8.178642272949219
05004300151,house,1,8.5101,8.18684196472168
05004500649,house,1,8.6226,8.807645797729492
05004800022,house,1,7.901,8.329877853393555
05005700013,house,1,8.2024,7.868361473083496
05006400188,house,1,7.897,8.30839729309082
05006600561,house,1,8.1495,8.429206848144531
05007200603,house,1,8.833,8.540533065795898
05008501119,house,1,8.3749,8.407176971435547
05008800401,house,1,8.5277,8.003229141235352
05008800450,house,1,8.7248,8.264450073242188
05010400146,house,1,7.8075,7.9969162940979
05012800291,house,1,7.9609,8.013282775878906
05013200512,house,1,7.9959,8.135211944580078
05013500419,house,1,8.9836,8.611747741699219
05014300022,house,1,8.5829,8.370941162109375
05014600727,house,1,7.9811,7.996755599975586
05014600931,house,1,7.7753,8.092001914978027
05015500416,house,1,8.6006,8.610576629638672
05016100179,house,1,8.8945,8.65180492401123
05016100187,house,1,8.576,8.4365816116333
05016400148,house,1,8.2742,8.160136222839355
05016700559,house,1,7.9391,8.427400588989258
05017200037,house,1,8.294,8.398143768310547
05017500103,house,1,8.1763,8.315091133117676
05018100052,house,1,8.2548,8.132339477539062
05018400153,house,1,8.4482,8.066601753234863
05018800518,house,1,8.442,8.07353687286377
05019000604,house,1,7.8285,7.911673545837402
05019000671,house,1,7.7628,7.983760356903076
05019600660,house,1,8.0317,8.460554122924805
05019800171,house,1,8.0952,8.376435279846191
05021100211,house,1,8.4019,8.25467300415039
05022800462,house,1,8.055,8.155336380004883
05100900636,house,9,8.2623,8.366026878356934
05101001041,house,9,8.6662,8.112531661987305
05101711950,house,9,8.7675,8.409099578857422
05101711993,house,9,8.7359,8.409099578857422
05101712000,house,9,8.7261,8.409099578857422
05102200372,house,9,8.9067,8.72927474975586
05102300113,house,9,8.0897,8.518513679504395
05102300784,house,9,7.9374,8.053760528564453
05102302264,house,9,8.4262,8.355913162231445
05102800183,house,9,8.4431,8.239510536193848
05102800302,house,9,8.4482,8.228289604187012
05104000389,house,9,9.0159,8.355209350585938
05104500187,house,9,8.122,8.232292175292969
05104700631,house,9,7.8966,8.457183837890625
05104700844,house,9,8.3071,8.5013427734375
05104900428,house,9,8.2541,8.272491455078125
05106300411,house,9,7.6485,8.156148910522461
05106400503,house,9,7.8251,8.091567993164062
05107700225,house,9,7.6755,8.1015625
05107701949,house,9,8.6173,8.305681228637695
05108300301,house,9,8.5731,8.523646354675293
05108500211,house,9,8.499,8.422367095947266
05108600501,house,9,8.1229,8.429506301879883
05108900996,house,9,8.9501,8.773639678955078
05109200025,house,9,8.1605,8.388799667358398
05110000069,house,9,8.8919,8.367218017578125
05110000522,house,9,8.3662,8.247756958007812
05110100527,house,9,8.552,8.406035423278809
05110400520,house,9,8.7567,8.269981384277344
05110500274,house,9,8.9131,8.665191650390625
05110600392,house,9,9.0037,8.784631729125977
05110600422,house,9,8.8162,8.826157569885254
05111100253,house,9,7.9173,7.927530288696289
05111300287,house,9,8.568,8.312244415283203
05111300351,house,9,8.6507,8.576193809509277
05111600469,house,9,8.8001,8.632101058959961
05111600485,house,9,8.8144,8.636571884155273
05111700048,house,9,7.9858,8.348494529724121
05111900373,house,9,8.959,8.587000846862793
05112200340,house,9,8.8247,8.502191543579102
05113000345,house,9,8.6373,8.51422119140625
05113100625,house,9,8.8708,8.610010147094727
05113200451,house,9,9.0016,8.758487701416016
05113300721,house,9,8.7453,8.610934257507324
05113700460,house,9,7.2179,8.56678581237793
05114200021,house,9,7.3309,7.989326000213623
05114800388,house,9,8.9002,8.648180961608887
05114800396,house,9,8.4684,8.640722274780273
05114900234,house,9,8.955,8.809428215026855
05115501783,house,9,8.3296,8.40746021270752
05116200401,house,9,8.7123,8.669652938842773
05116400301,house,9,8.5081,8.244688034057617
05116500101,house,9,8.2233,8.421479225158691
05117000153,house,9,8.2271,8.274200439453125
05117000544,house,9,8.283,8.4480619430542
05117200314,house,9,8.6779,8.169997215270996
05117600568,house,9,7.9823,8.129352569580078
05117600576,house,9,7.7235,8.2362060546875
05117700732,house,9,8.4423,8.110410690307617
05121500726,house,9,8.5172,8.764360427856445
05122500355,house,9,7.7853,8.014358520507812
05122500398,house,9,7.8187,7.9704694747924805
05122500908,house,9,8.7485,8.40146255493164
05122700826,house,9,8.5256,8.580249786376953
05122700834,house,9,8.607,8.592496871948242
05122700842,house,9,8.5584,8.583183288574219
05123200282,house,9,9.0478,8.530414581298828
05124500506,house,9,8.4802,8.073225021362305
05125100617,house,9,8.3581,8.50994873046875
05127000857,house,9,7.4674,7.975858211517334
05127000857,house,9,7.4674,7.974793910980225
05128100324,house,9,7.6009,8.083690643310547
05128100650,house,9,7.4572,8.051774978637695
05128100693,house,9,7.4674,7.868802547454834
05129400704,house,9,8.2689,8.0485258102417
05129600290,house,9,7.9374,8.69107437133789
05129700708,house,9,8.4787,8.2557373046875
05129800192,house,9,8.6656,8.719841957092285
05130000358,house,9,7.9385,7.781828880310059
05130000757,house,9,7.8451,7.9030256271362305
05130600231,house,9,7.3873,8.348230361938477
05131100712,house,9,8.2912,8.084081649780273
05131300207,house,9,8.2998,8.265226364135742
05131300411,house,9,8.657,8.344184875488281
05132000126,house,9,8.8356,8.242330551147461
05132100198,house,9,7.8021,7.804200649261475
05132100619,house,9,8.5642,7.92979621887207
05132400442,house,9,8.3034,8.232807159423828
05132800793,house,9,8.3507,8.070413589477539
05133700921,house,9,8.2345,8.294965744018555
05133701055,house,9,8.9227,8.667790412902832
05133701195,house,9,8.4957,8.415096282958984
05133901828,house,9,8.9081,8.362133026123047
05134700745,house,9,8.67,8.476802825927734
05135400281,house,9,7.6699,8.210397720336914
05200300861,house,9,8.4527,8.643267631530762
05201700561,house,9,8.3561,8.527935028076172
05201900526,house,9,8.4607,8.472026824951172
05202000881,house,9,8.3824,8.417424201965332
05202001606,house,9,8.7403,8.539642333984375
05202001681,house,9,8.8791,8.69243049621582
05202200617,house,9,8.6915,8.470544815063477
05202401043,house,9,8.6372,8.356689453125
05202401213,house,9,8.6115,8.338172912597656
05202700075,house,9,7.9699,8.372840881347656
05203400598,house,9,8.5172,8.533866882324219
05203501181,house,9,8.363,8.539435386657715
05204400958,house,9,8.3096,8.484489440917969
05204400974,house,9,8.8049,8.488046646118164
05205300418,house,9,8.3349,8.390807151794434
05205402644,house,9,8.5682,8.40175724029541
05205402776,house,9,8.5926,8.073848724365234
05206400564,house,9,8.9665,8.395020484924316
05206900869,house,9,8.7267,8.503456115722656
05206900877,house,9,8.5553,8.510422706604004
05206900907,house,9,8.8241,8.515083312988281
05207000608,house,9,9.1098,8.854351043701172
05207700731,house,9,7.3276,7.887971878051758
05207800957,house,9,8.3653,8.260007858276367
05209600564,house,9,8.9782,8.620141983032227
05210600262,house,9,8.1923,8.212350845336914
05210601358,house,9,8.3133,8.62779426574707
05211200330,house,9,7.8522,8.366803169250488
05211800151,house,9,8.6871,8.676895141601562
05213600220,house,9,8.1714,7.943215370178223
05215800545,house,9,8.5989,8.4669189453125
05223000641,house,9,8.3512,8.511752128601074
05223000651,house,9,9.3612,8.530235290527344
05223800877,house,9,8.6375,8.554450035095215
05224300207,house,9,8.8578,8.55483341217041
05224603439,house,9,8.8523,8.483898162841797
05225700543,house,9,8.905,8.568140029907227
05226500068,house,9,8.0427,8.199888229370117
05228700609,house,9,8.5273,8.411911964416504
05229000279,house,9,8.3671,8.465535163879395
05229200057,house,9,8.3472,8.102799415588379
05229700319,house,9,7.5811,8.064270973205566
05232100211,house,9,8.7584,8.298211097717285
05232200501,house,9,8.3779,8.300926208496094
05232800019,house,9,8.6624,8.075362205505371
05232901087,house,9,8.731,8.052095413208008
05235400178,house,9,7.9266,8.06636905670166
05235500547,house,9,8.44,8.105341911315918
05236100038,house,9,8.8674,8.581828117370605
05236200032,house,9,8.4638,8.526077270507812
05236700116,house,9,7.6127,8.45512580871582
05236700485,house,9,8.163,8.320688247680664
05300400459,house,3,8.0975,8.470947265625
05300400467,house,3,8.0975,8.470947265625
05300501611,house,3,8.3814,8.459763526916504
05300501638,house,3,8.4083,8.454876899719238
05300702171,house,9,8.5569,8.316570281982422
05301000535,house,9,7.6009,7.888053894042969
05301000659,house,9,8.1418,8.397170066833496
05301400452,house,9,8.4145,8.55095100402832
05302100495,house,9,8.6197,8.41331672668457
05302100614,house,9,8.3425,8.450178146362305
05303300757,house,3,8.3096,8.409931182861328
05304900227,house,9,9.2103,8.867340087890625
05307100728,house,9,7.6009,8.168015480041504
05307300190,house,9,8.4659,9.178234100341797
05307300190,house,9,8.7403,9.176824569702148
05307700326,house,9,8.1605,8.513601303100586
05308600287,house,9,8.8049,8.53490161895752
05308700338,house,9,7.9089,8.117488861083984
05308900183,house,9,8.3481,8.486921310424805
05309400605,house,3,8.1938,8.35014533996582
05309401296,house,3,8.1456,8.613945960998535
05309800174,house,3,8.8356,8.574017524719238
05311200251,house,9,8.5529,8.427841186523438
05312300365,house,3,8.4049,8.238607406616211
05312400505,house,3,8.5384,8.374216079711914
05312600296,house,3,7.3678,8.079736709594727
05312600466,house,3,8.581,8.468814849853516
05312600644,house,3,7.285,8.067179679870605
05313700571,house,9,8.4366,8.457982063293457
05313701312,house,9,8.256,8.258325576782227
05323800161,house,9,8.2058,8.519691467285156
05328800273,house,3,8.1807,8.404008865356445
05330800129,house,9,8.2428,8.528226852416992
05330800196,house,9,8.0472,8.77382755279541
05331700365,house,9,7.9215,8.225133895874023
05332700385,house,9,8.0317,8.494821548461914
05333900078,house,9,7.6009,8.464177131652832
05334200304,house,9,8.6036,8.207027435302734
05365700104,house,9,8.506,8.693140029907227
05400300227,house,9,7.9247,8.423504829406738
05401000596,house,9,9.2442,8.567733764648438
05401300212,house,9,8.489,8.714061737060547
05401500157,house,9,9.1808,8.267091751098633
05403800441,house,9,8.3755,8.469097137451172
05404200324,house,9,8.849,7.941546440124512
05404300337,house,9,9.3774,8.39650821685791
05404700564,house,9,8.7213,8.496088027954102
05405200174,house,9,9.0768,8.538220405578613
05405201561,house,9,8.5172,8.668651580810547
05406201263,house,9,8.7403,8.672346115112305
05406700359,house,9,8.9131,8.735261917114258
05406800477,house,9,8.2099,8.067922592163086
05406800736,house,9,8.5457,8.287575721740723
05407200538,house,9,8.6723,8.291454315185547
05407300559,house,9,8.9872,8.563729286193848
05407800561,house,9,9.0551,8.804530143737793
05408300978,house,9,8.7403,8.614704132080078
05409400593,house,9,8.7796,8.614042282104492
05409801946,house,9,8.4784,8.411520004272461
05409802489,house,9,8.1007,8.526686668395996
05410700201,house,9,8.4475,8.509725570678711
05412101259,house,9,9.0109,8.187812805175781
05412800645,house,3,9.3716,8.797529220581055
05413000316,house,3,8.5047,8.192869186401367
05414701342,house,9,8.9017,8.468456268310547
05416600845,house,9,9.0485,8.509511947631836
05416700270,house,9,8.8392,8.479097366333008
05417300561,house,9,8.948,8.727197647094727
05417300772,house,9,7.789,8.907415390014648
05417800694,house,9,8.435,8.443714141845703
05417800732,house,9,8.9723,8.339784622192383
05418000081,house,9,8.6252,8.364876747131348
05418500171,house,9,9.1265,8.575678825378418
05418600125,house,9,9.097,8.648029327392578
05419500485,house,9,8.4085,8.538740158081055
05419800489,house,9,8.6454,8.488712310791016
05420600366,house,9,9.2091,9.015888214111328
05422500148,house,9,8.294,8.744071006774902
05422600037,house,9,8.8919,8.586675643920898
05424200362,house,9,8.7425,8.169301986694336
05428100125,house,9,8.1117,7.78142786026001
05428300175,house,9,8.6614,8.441226959228516
05428300191,house,9,9.0982,8.423315048217773
05428700769,house,9,8.8217,8.540521621704102
05428700785,house,9,9.4151,8.608707427978516
05500600133,house,3,8.3684,8.067153930664062
05502600378,house,3,7.836,8.094673156738281
05503000201,house,3,8.9661,8.382308959960938
05504600154,house,3,8.9561,8.525181770324707
05504800331,house,3,8.8515,8.526674270629883
05505000762,house,3,8.0208,8.323070526123047
05505100457,house,3,8.5269,8.308030128479004
05506100051,house,3,9.2203,8.637027740478516
05506300530,house,3,8.6626,8.112451553344727
05506300565,house,3,8.1717,8.229971885681152
05506300603,house,3,8.6075,8.08519172668457
05506800037,house,3,8.9533,8.266153335571289
05507000263,house,3,9.1856,8.750229835510254
05507400024,house,3,8.4737,8.456256866455078
05507700354,house,3,8.5462,8.530553817749023
05507700648,house,3,8.6713,8.258277893066406
05507800499,house,3,8.478,8.366565704345703
05507800510,house,3,8.4895,8.284320831298828
05508300491,house,3,8.779,8.451967239379883
05509500751,house,3,8.9929,8.293906211853027
05509500778,house,3,9.1373,8.437623977661133
05512200259,house,3,8.8235,8.557527542114258
05512701924,house,3,8.9511,8.720382690429688
05512900552,house,3,8.207,8.465093612670898
05513000369,house,3,8.6305,8.52138900756836
05514401839,house,3,9.0527,8.721965789794922
05514800385,house,3,8.1117,8.186622619628906
05517100236,house,3,8.0425,8.073630332946777
05520100561,house,3,8.0604,8.442351341247559
05520101086,house,3,7.8604,8.319474220275879
05521401131,house,3,8.0164,8.538960456848145
05521401180,house,3,8.0014,8.530345916748047
05521701109,house,3,7.4799,8.384796142578125
05521900721,house,9,8.6915,8.263025283813477
05521901183,house,9,8.0209,8.151981353759766
05522004150,house,9,9.0205,8.546854972839355
05522202361,house,9,8.9922,8.225303649902344
05522300760,house,3,8.5346,8.36044692993164
05522500409,house,3,8.624,8.333318710327148
05522500611,house,3,9.0426,8.795340538024902
05522800399,house,3,8.6826,8.35828971862793
05522900881,house,3,8.668,8.70377254486084
05523000612,house,3,8.2788,8.51261043548584
05523001090,house,3,8.6507,8.63569164276123
05523900052,house,3,8.6851,8.506921768188477
05523900559,house,3,8.5172,8.32736587524414
05523900826,house,3,8.4083,8.266939163208008
05524000977,house,3,8.8739,8.508685111999512
05524100238,house,3,8.7938,8.824373245239258
05524600176,house,3,9.2103,8.664535522460938
05524600184,house,3,9.5586,8.48348331451416
05524700261,house,3,7.5256,8.578622817993164
05525200945,house,3,8.4482,8.752737045288086
05525400383,house,9,9.2103,8.729755401611328
05526601293,house,3,8.3221,8.594051361083984
05526800318,house,3,7.6592,8.14387321472168
05526900983,house,3,8.7513,8.684206008911133
05527300297,house,3,9.1951,8.525564193725586
05527900391,house,3,8.5172,8.605833053588867
05528500801,house,3,8.2054,8.325071334838867
05529100309,house,3,8.7796,8.659133911132812
05529700144,house,3,8.8919,8.521865844726562
05530200044,house,9,9.1233,8.692239761352539
05530300391,house,9,8.7017,8.367496490478516
05530900380,house,3,8.8655,8.533011436462402
05531000278,house,3,9.1211,8.592731475830078
05532800308,house,3,7.4186,8.06448745727539
05535000671,house,3,8.4531,8.41015911102295
05535800260,house,3,8.8537,8.434770584106445
05535900044,house,3,8.9141,8.526004791259766
05536501070,house,3,8.763,8.472756385803223
05536900544,house,3,8.0709,8.34411334991455
05537100185,house,3,8.4716,8.356803894042969
05537600323,house,3,8.4449,8.538363456726074
05537700328,house,3,9.2463,8.571060180664062
05537700433,house,3,8.0864,8.340376853942871
05538900363,house,3,8.7796,8.394333839416504
05539500571,house,3,8.9289,8.21345329284668
05603700297,house,3,7.846,8.528005599975586
05604003107,house,3,8.3481,8.348637580871582
05604801410,house,3,7.5521,8.663188934326172
05604900109,house,3,7.7933,7.895867347717285
05604900117,house,3,8.0064,8.412217140197754
05608100131,house,3,7.8598,8.157991409301758
05608200233,house,3,8.8457,8.33189582824707
05608200411,house,3,9.2242,8.338700294494629
05608400178,house,3,7.852,8.160520553588867
05608400178,house,3,8.1807,8.157546997070312
05609200423,house,3,9.2167,8.832086563110352
05610400376,house,3,7.9624,8.289294242858887
05610700221,house,3,9.1282,8.503812789916992
05610701600,house,3,8.5289,8.448558807373047
05611200461,house,3,8.5913,8.674431800842285
05611300316,house,3,9.3157,8.901817321777344
05611400027,house,3,9.0939,8.683897018432617
05612303157,house,9,8.4347,8.432464599609375
05612600615,house,9,8.1757,8.373918533325195
05612700245,house,9,8.2146,8.196271896362305
05613001219,house,3,8.2637,8.332902908325195
05613001235,house,3,8.812,8.780406951904297
05615501464,house,9,9.3489,8.55001163482666
05615502487,house,9,8.9767,8.644776344299316
05618300753,house,9,8.0836,8.243465423583984
05619100197,house,3,8.503,8.55721664428711
05619300129,house,3,8.4302,8.570331573486328
05619401553,house,3,9.1387,8.717874526977539
05620501991,house,9,8.2428,8.45231819152832
05620600149,house,3,8.2752,8.30055046081543
05621700333,house,9,8.0629,8.1513032913208
05622300037,house,3,9.3057,8.783698081970215
05623200354,house,3,8.1872,8.718263626098633
05623200771,house,3,8.363,8.50948715209961
05623400973,house,3,8.5172,8.336380004882812
05623700136,house,3,8.5942,8.543603897094727
05700300753,house,3,9.2481,8.655075073242188
05700500396,house,3,8.4925,8.641521453857422
05700800489,house,3,8.2591,8.335994720458984
05701300390,house,3,8.5172,8.661031723022461
05701700690,house,3,8.1495,8.331785202026367
05701700887,house,3,8.7273,8.750131607055664
05701900118,house,3,8.2428,8.043066024780273
05703200350,house,3,8.6226,8.491250038146973
05703600502,house,3,7.7806,8.391403198242188
05703700302,house,3,8.274,8.343924522399902
05704100392,house,3,8.8739,8.663580894470215
05704200338,house,3,7.9866,8.410375595092773
05704400493,house,3,7.8317,8.155982971191406
05704600107,house,3,8.0709,8.473407745361328
05704702058,house,3,8.2659,8.37002182006836
05704903207,house,3,8.8564,8.676899909973145
05705000278,house,3,8.294,8.227071762084961
05705400667,house,3,7.9768,8.114248275756836
05706800545,house,3,8.2171,8.283621788024902
05707100555,house,3,7.7287,8.654067993164062
05707201491,house,3,8.5511,8.432235717773438
05708600756,house,3,7.675,8.546302795410156
05708600901,house,3,8.2631,8.51205825805664
05708600918,house,3,8.1826,8.374536514282227
05709400734,house,3,8.6797,8.482400894165039
05711100157,house,3,7.9026,8.35765266418457
05711200161,house,3,8.1377,8.322235107421875
05711201409,house,3,8.5323,8.582815170288086
05713100820,house,3,8.223,8.349047660827637
05713501213,house,3,8.4925,8.332054138183594
05714300580,house,3,8.5172,8.52541732788086
05714400984,house,3,8.6327,8.49484634399414
05716300537,house,3,8.5685,8.4932861328125
05716500331,house,3,7.8913,7.981658935546875
05716600778,house,3,8.6485,8.395118713378906
05718001189,house,3,8.1047,8.099405288696289
05720300368,house,3,8.689,8.716350555419922
05720400478,house,3,9.1429,8.78089714050293
05721400171,house,3,8.1117,8.062414169311523
05722700339,house,3,8.0221,8.368392944335938
05723900110,house,3,7.824,8.61014461517334
05724300281,house,3,7.8721,8.2526216506958
05725400646,house,3,8.4876,8.666053771972656
05725500098,house,3,8.4684,8.43935775756836
05725600076,house,3,8.1605,8.327823638916016
05725800628,house,3,7.9782,7.792954921722412
05727200709,house,3,7.3132,8.045816421508789
05728000975,house,3,8.8919,8.704609870910645
05728000991,house,3,8.8049,8.703418731689453
05728200362,house,3,8.1605,8.157676696777344
05728800394,house,3,8.3968,8.381813049316406
05800201341,house,3,8.4284,8.275181770324707
05800301069,house,3,8.7379,8.390742301940918
05800600678,house,3,8.7584,8.667306900024414
05800701431,house,3,8.7725,8.679931640625
05800701709,house,3,8.3332,8.320526123046875
05801000682,house,3,7.9804,8.188230514526367
05801001026,house,3,8.1117,8.831991195678711
05802000392,house,3,8.8388,8.248746871948242
05802000406,house,3,9.2408,8.504449844360352
05802001259,house,3,8.2694,8.351964950561523
05802300957,house,3,7.9671,8.299554824829102
05802901144,house,3,8.4772,8.56218433380127
05802901152,house,3,7.8805,8.414997100830078
05802901721,house,3,9.0106,8.572070121765137
05803000760,house,3,8.9227,8.69070816040039
05803201138,house,3,8.359,8.487658500671387
05803201529,house,3,8.8339,8.60575008392334
05803800831,house,3,8.9359,8.701014518737793
05804501178,house,3,8.6995,8.769556045532227
05805900890,house,3,8.6482,8.426041603088379
05806101673,house,3,8.9195,8.516168594360352
05806401103,house,3,8.478,8.341672897338867
05808000262,house,3,8.4451,8.368680000305176
05808200172,house,3,8.4032,8.40471076965332
05808300355,house,3,8.7403,8.710460662841797
05808500338,house,3,8.4764,8.245848655700684
05808900271,house,3,9.028,8.83077335357666
05809002714,house,3,8.9802,8.58751392364502
05809900453,house,3,8.7883,8.450935363769531
05810100732,house,3,8.2659,8.482440948486328
05810201458,house,3,8.8595,8.691314697265625
05811200145,house,3,8.6995,8.578458786010742
05811200293,house,3,8.5425,8.470291137695312
05811300484,house,3,8.2863,8.689109802246094
05811700741,house,3,8.5458,8.478803634643555
05811900112,house,3,8.2255,8.259485244750977
05813300112,house,3,7.9294,8.133720397949219
05813401857,house,3,8.2674,8.361684799194336
05813700609,house,3,8.7829,8.721077919006348
05813700811,house,3,8.3517,8.621366500854492
05814000686,house,3,8.0845,7.894709587097168
05814200154,house,3,8.0557,8.246145248413086
05814200413,house,3,8.0418,8.009798049926758
05815201502,house,3,8.4895,8.328299522399902
05815201618,house,3,8.4942,8.373523712158203
05815300551,house,3,8.4118,8.604513168334961
05815300691,house,3,9.2103,8.769832611083984
05815600296,house,3,8.9002,8.428669929504395
05815700193,house,3,7.9714,8.369821548461914
05816501038,house,3,8.7991,8.628317832946777
05816901036,house,3,8.545,8.336920738220215
05817600854,house,3,8.3521,8.342718124389648
05817600900,house,3,8.4198,8.366983413696289
05817701375,house,3,8.9778,8.728593826293945
05817701391,house,3,8.7614,8.735437393188477
05817900785,house,3,8.0334,8.250452995300293
05818001016,house,3,8.9486,8.746866226196289
05818301443,house,3,8.8154,8.56123161315918
05819100506,house,3,9.2226,8.528841972351074
05819500725,house,3,8.7843,8.701787948608398
05820100549,house,3,8.3368,8.349864959716797
05820700090,house,3,7.859,8.193008422851562
05821400058,house,3,8.4527,8.515373229980469
05821600049,house,3,7.2439,8.04633903503418
05821800021,house,3,8.0864,8.365804672241211
05822000101,house,3,8.4106,8.508480072021484
05822400523,house,3,8.7582,8.478384017944336
05822500501,house,3,8.5099,8.25986099243164
05824000220,house,3,8.42,8.31402587890625
05900201694,house,3,7.354,7.686982154846191
05900901262,house,3,9.1036,8.335744857788086
05901000234,house,3,8.1787,8.088651657104492
05901000749,house,3,8.2331,8.233604431152344
05901301137,house,3,8.3012,8.169771194458008
05901605292,house,3,8.4449,8.420580863952637
05901605306,house,3,8.4449,8.435713768005371
05902800269,house,3,8.9177,8.623912811279297
05902800641,house,3,8.4895,8.460034370422363
05903000266,house,3,8.566,8.339284896850586
05903604242,house,3,8.6855,8.469507217407227
05903901451,house,3,8.5172,8.463667869567871
05903901883,house,3,8.0225,8.398340225219727
05903901891,house,3,8.0023,8.398340225219727
05904100493,house,3,8.3293,8.115468978881836
05904301881,house,3,8.1605,8.112895965576172
05904301960,house,3,8.1117,8.112865447998047
05905102651,house,3,8.548,8.23753547668457
05905302057,house,3,8.9609,8.627721786499023
05906000534,house,3,8.163,8.652448654174805
05906400583,house,3,8.5172,8.606544494628906
05906501592,house,3,8.2772,8.406816482543945
05906700358,house,3,8.4431,8.37381362915039
05907200278,house,3,8.7796,8.559473037719727
05907300493,house,3,8.6268,8.445804595947266
05907301351,house,3,8.6965,8.59288501739502
05907700173,house,3,8.9227,8.547901153564453
05907700564,house,3,8.6061,8.434239387512207
05907700890,house,3,8.5703,8.32030200958252
05908200409,house,3,8.4425,8.148494720458984
05908400386,house,3,8.7988,8.591911315917969
05908500283,house,3,7.8494,7.8693037033081055
05908501166,house,3,7.2682,8.463565826416016
05908800244,house,3,8.4833,8.616973876953125
05908900761,house,3,8.7382,8.455965042114258
05909000209,house,3,8.3837,8.72642707824707
05909500430,house,3,7.8666,8.211665153503418
05909500775,house,3,8.7308,8.474584579467773
05909500783,house,3,8.7229,8.468927383422852
05909700979,house,3,8.5278,8.271682739257812
05909800760,house,3,8.9615,8.589842796325684
05909800841,house,3,8.7962,8.443391799926758
05909900838,house,3,8.168,8.40481948852539
05910300547,house,3,8.2227,8.140562057495117
05910900269,house,3,8.5235,8.205890655517578
05911100843,house,3,8.4621,8.60745620727539
05911101181,house,3,8.9446,8.510414123535156
05911301016,house,3,8.2721,8.331216812133789
05911400812,house,3,8.328,8.358368873596191
05911401096,house,3,8.0064,8.176142692565918
05911900531,house,3,7.8949,8.158902168273926
05912601072,house,3,8.4219,8.347460746765137
05912601277,house,3,8.635,8.379962921142578
05912900738,house,3,8.6042,8.479976654052734
05913000897,house,3,8.5791,8.268096923828125
05913101324,house,3,8.0121,8.21950912475586
05913101375,house,3,8.1117,8.250738143920898
05913700759,house,3,8.2097,8.06511116027832
05913701399,house,3,8.1178,8.093523979187012
05913800699,house,3,7.6009,8.656816482543945
05913800966,house,3,8.3894,8.12303638458252
05914001201,house,3,7.9638,8.297456741333008
05914100968,house,3,8.8503,8.715858459472656
05914201039,house,3,8.6713,8.411099433898926
05914900093,house,3,7.731,8.160687446594238
05915101267,house,3,8.8919,8.719813346862793
05915101658,house,3,8.6882,8.509961128234863
05915101798,house,3,8.5172,8.644119262695312
05915200818,house,3,7.8481,7.951831340789795
05915300464,house,3,8.9792,8.591657638549805
05915600751,house,3,8.6609,8.205806732177734
05915700144,house,3,7.824,8.235899925231934
05915700152,house,3,7.824,8.235899925231934
05915800351,house,3,7.296,8.538360595703125
05916600240,house,3,7.7753,8.175453186035156
05916900465,house,3,8.1117,8.537662506103516
05917100373,house,3,8.5312,8.320213317871094
05917200361,house,3,8.4142,8.348904609680176
05917200408,house,3,8.6042,8.124567031860352
05917200416,house,3,8.3021,8.42280387878418
05917600325,house,3,8.7403,8.515349388122559
05917901384,house,3,8.3914,8.226242065429688
05917902161,house,3,8.812,8.40180778503418
05918100202,house,3,7.9403,8.039441108703613
05918600124,house,3,8.3958,8.247385025024414
05919400242,house,3,8.0496,8.502488136291504
05919700221,house,3,8.7323,8.427998542785645
05920300655,house,3,8.2428,8.215476989746094
05920700351,house,3,9.0097,8.576868057250977
05920800097,house,3,8.7403,8.45086669921875
05921100382,house,3,8.5374,8.559059143066406
05921700258,house,3,8.3388,8.091876029968262
05921700312,house,3,8.1473,8.054533004760742
05922000667,house,3,8.4665,8.317933082580566
05922100335,house,3,8.2562,8.133783340454102
05922100866,house,3,8.8883,8.753101348876953
05922200453,house,3,8.3194,8.003868103027344
05922400861,house,3,8.2493,7.923392295837402
05922501089,house,3,8.955,8.596108436584473
05922600117,house,3,8.4162,7.970974922180176
05923900084,house,3,8.0317,8.005315780639648
05924401480,house,3,8.601,8.460102081298828
05924800679,house,3,8.294,8.392934799194336
05925100425,house,3,8.6713,8.47551155090332
05925100468,house,3,9.0006,8.697622299194336
05925400178,house,3,8.6416,8.21269416809082
05926102715,house,3,8.6603,8.68007755279541
05927200011,house,3,9.6158,8.993978500366211
05928800606,house,3,7.8753,7.890910625457764
05929000735,house,3,8.2389,7.95685338973999
05929400415,house,3,8.2841,8.34239673614502
05929601070,house,3,8.0778,8.437644958496094
05931100733,house,3,8.435,8.41709041595459
06000800444,house,3,7.694,8.185908317565918
06002101039,house,3,7.9804,8.058144569396973
06002700439,house,3,8.2993,8.172388076782227
06002900683,house,3,7.8054,8.557832717895508
06002900691,house,3,7.8054,8.557832717895508
06003100648,house,3,7.6394,8.283266067504883
06003405295,house,3,8.7294,8.568755149841309
06003501121,house,3,8.8772,8.512258529663086
06003600561,house,3,8.4659,8.870969772338867
06003700718,house,3,7.9469,8.001605987548828
06004101060,house,3,8.2224,8.278285026550293
06004101125,house,3,8.4449,8.671039581298828
06004900737,house,3,8.2065,8.14673900604248
06007201651,house,3,8.395,8.378873825073242
06007700259,house,3,7.6299,7.871477127075195
06008200845,house,3,8.5965,8.508895874023438
06008200896,house,3,8.7737,8.51466178894043
06008300645,house,3,8.239,8.115715026855469
06008400259,house,3,8.0164,7.893746852874756
06008400321,house,3,8.1887,8.230775833129883
06011001076,house,3,8.5881,8.57149887084961
06011900161,house,3,7.9533,8.200319290161133
06012903065,house,3,8.683,8.44741153717041
06013100901,house,3,8.372,8.105695724487305
06013200289,house,3,7.5615,8.410903930664062
06014200088,house,3,7.6756,8.049964904785156
06014800281,house,3,8.4605,8.257549285888672
06014800530,house,3,8.5952,8.19997787475586
06015300418,house,3,7.7459,7.721270561218262
06015601991,house,3,8.2844,7.98982048034668
06015603631,house,3,8.0472,8.353708267211914
06015703741,house,3,7.478,8.30718994140625
06016600466,house,3,8.6959,8.685802459716797
06017200313,house,3,8.3774,8.201861381530762
06017600265,house,3,7.7272,8.188528060913086
06017600265,house,3,7.3385,8.194625854492188
06017601261,house,3,8.7921,8.606770515441895
06019800611,house,3,8.4659,8.003296852111816
06020002969,house,3,7.2498,8.313026428222656
06020600084,house,3,7.6494,7.846789836883545
06020800857,house,3,8.6257,8.5703706741333
06021900405,house,3,8.6721,8.220438003540039
06023800361,house,3,8.9804,8.526311874389648
06023900471,house,3,8.9515,8.578815460205078
06024208642,house,3,7.1233,8.540432929992676
06024208987,house,3,7.1233,8.540432929992676
06024600488,house,3,8.3786,8.313371658325195
06025000514,house,3,8.2733,8.095869064331055
06026001328,house,3,8.2905,8.234269142150879
06026200606,house,3,8.4616,8.08928108215332
06028200506,house,3,7.7137,7.899353981018066
06028200905,house,3,8.6284,8.631133079528809
06028400181,house,3,8.1865,8.195180892944336
06028400572,house,3,8.6936,8.27395248413086
06031400243,house,3,7.9535,8.22917652130127
06031500434,house,3,7.9638,7.946986675262451
06032300201,house,3,7.8859,8.355031967163086
06032500152,house,3,8.2217,8.065042495727539
06033401107,house,3,8.8144,8.59547233581543
06033401298,house,3,8.5172,8.522222518920898
06100200139,house,3,7.8756,8.120004653930664
06100500256,house,3,8.2891,8.08252239227295
06100600471,house,3,7.7867,8.198884963989258
06101500039,house,3,7.7488,8.358603477478027
06101500251,house,3,8.207,8.190852165222168
06102800079,house,3,8.0053,8.119117736816406
06102800648,house,3,8.635,8.305561065673828
06102800818,house,3,7.9911,7.8436689376831055
06102903862,house,3,7.9767,8.421343803405762
06103100380,house,3,8.4052,8.198883056640625
06103300215,house,3,8.8004,8.372519493103027
06103601851,house,3,8.276,8.189284324645996
06103601894,house,3,8.4345,8.13336181640625
06103701171,house,3,8.4145,8.144820213317871
06103800188,house,3,8.4859,8.243904113769531
06103803543,house,3,8.6386,8.58563232421875
06103803594,house,3,8.4131,8.40681266784668
06104100805,house,3,8.5208,8.099987030029297
06104300596,house,3,8.5368,8.089103698730469
06104701371,house,3,8.7612,8.55879020690918
06104701388,house,3,8.7403,8.641277313232422
06104900321,house,3,8.4219,8.452611923217773
06105000014,house,3,7.6592,7.824749946594238
06105200919,house,3,7.9454,7.7559661865234375
06105600232,house,3,8.4659,8.387182235717773
06105700075,house,3,9.4533,8.575349807739258
06106101698,house,3,8.2621,8.298532485961914
06106101884,house,3,8.2493,8.373151779174805
06106400806,house,3,8.6432,8.457430839538574
06106700311,house,3,8.4589,8.389547348022461
06106800601,house,3,8.7796,8.246932983398438
06106800952,house,3,7.901,8.310707092285156
06106801126,house,3,8.5172,8.551921844482422
06106801231,house,3,8.3837,8.20888900756836
06106900965,house,3,8.8127,8.525026321411133
06107000453,house,3,8.4527,8.284912109375
06107101829,house,3,8.0677,8.318147659301758
06107801790,house,3,8.5982,8.412376403808594
06108200138,house,3,8.1117,8.161815643310547
06108203404,house,3,8.8414,8.740665435791016
06108203412,house,3,8.8717,8.738445281982422
06108600195,house,3,8.0631,8.256617546081543
06109000426,house,3,7.6962,8.544424057006836
06109100293,house,3,8.2757,8.512406349182129
06109500844,house,3,8.2846,8.29845142364502
06109503207,house,3,8.1117,8.401412963867188
06109800211,house,3,8.6785,8.577271461486816
06109900419,house,3,8.7829,8.546060562133789
06112200392,house,3,8.7704,8.624468803405762
06112200406,house,3,8.7052,8.65401840209961
06114101758,house,3,9.0375,8.571905136108398
06114101898,house,3,9.0905,8.599309921264648
06114500024,house,3,7.8917,7.9687652587890625
06114700589,house,3,8.6206,8.551974296569824
06114801059,house,3,8.4422,8.369680404663086
06114801687,house,3,8.2295,8.367544174194336
06114802144,house,3,7.9863,8.176752090454102
06114803108,house,3,8.6896,8.36262321472168
06115400503,house,3,8.2031,8.33401107788086
06115402700,house,3,9.0655,8.588727951049805
06115402832,house,3,8.3052,8.40155029296875
06115402999,house,3,8.294,8.147796630859375
06115500516,house,3,8.1117,8.424656867980957
06115607051,house,3,9.0527,8.777758598327637
06201200304,house,9,8.5172,8.580065727233887
06202300140,house,9,8.4631,8.780950546264648
06202300213,house,9,8.2413,8.37907600402832
06202400498,house,9,8.8049,8.734294891357422
06202700114,house,9,7.7634,8.487653732299805
06203400335,house,9,9.444,8.513906478881836
06203500186,house,9,7.6009,8.485342025756836
06203600156,house,9,8.8302,8.390596389770508
06203700071,house,9,8.5936,8.298696517944336
06204700502,house,9,8.5477,8.279064178466797
06205100398,house,9,8.5913,8.457254409790039
06205600978,house,9,8.1887,8.592215538024902
06206200787,house,9,8.0952,8.096166610717773
06208000963,house,9,9.0175,8.28030776977539
06210600433,house,9,8.959,8.576663970947266
06210600530,house,9,8.5758,8.523941040039062
06211200943,house,9,8.7403,8.62578010559082
06211300141,house,9,8.6343,8.264573097229004
06211400365,house,9,8.9002,8.755215644836426
06211400578,house,9,9.3281,8.720507621765137
06211401140,house,9,8.9451,8.485450744628906
06211600399,house,9,8.0923,8.520566940307617
06211700539,house,9,8.3001,8.421558380126953
06211800363,house,9,7.7786,8.126562118530273
06212400431,house,9,9.3012,8.129974365234375
06213200231,house,9,8.6622,8.264652252197266
06214100591,house,9,8.1951,8.414865493774414
06215200425,house,9,7.6537,8.174044609069824
06215800031,house,9,9.1957,8.227842330932617
06215800163,house,9,8.497,8.129274368286133
06216200224,house,9,8.4343,8.410731315612793
06216300377,house,9,8.4792,8.375897407531738
06216400118,house,9,9.0478,8.677379608154297
06216400691,house,9,7.2293,8.288036346435547
06216400916,house,9,8.1906,8.438066482543945
06218900894,house,9,8.59,8.47730827331543
06218901386,house,9,8.5224,7.969622611999512
06219800818,house,9,8.3428,8.226112365722656
06220200179,house,9,9.3243,8.820825576782227
06224600287,house,3,8.8339,8.536031723022461
06302200059,house,9,8.635,8.39126968383789
06306600167,house,9,8.8714,8.555410385131836
06306900284,house,9,7.8324,8.16076946258545
06308500240,house,9,7.9337,7.86498498916626
06308900087,house,9,7.789,8.469966888427734
06312900126,house,9,8.3349,8.722074508666992
06315800130,house,9,8.2,8.36590576171875
06315900437,house,9,7.7551,8.077753067016602
06325100271,house,9,7.7863,8.304838180541992
06402500348,house,4,7.6952,8.361101150512695
06402801585,house,4,8.0806,8.175416946411133
06403700294,house,4,8.0472,7.980245113372803
06404900300,house,4,8.3245,8.045312881469727
06406300246,house,4,9.028,8.595030784606934
06406500865,house,4,9.0142,8.547776222229004
06406701054,house,4,9.047,8.585070610046387
06406701062,house,4,8.868,8.282304763793945
06407101166,house,4,8.2276,7.8544158935546875
06408000339,house,4,7.3778,7.930563449859619
06408000355,house,4,8.127,8.14234447479248
06409900260,house,4,8.8255,8.517555236816406
06410300921,house,9,7.4965,8.212491989135742
06410300931,house,9,9.2357,9.089051246643066
06411500010,house,9,7.657,8.499444961547852
06411800340,house,4,8.7384,8.148811340332031
06412403825,house,4,8.649,7.974517345428467
06413200561,house,9,8.5012,8.242015838623047
06413400250,house,4,8.7807,8.331903457641602
06414400475,house,4,7.6316,8.121248245239258
06414700010,house,9,8.363,8.221126556396484
06414900321,house,9,8.6226,8.522191047668457
06415400959,house,4,8.6381,8.020870208740234
06415900226,house,9,7.8216,8.22535514831543
06416700980,house,4,8.235,8.112618446350098
06417500799,house,9,8.3113,8.19060230255127
06420100143,house,4,8.7988,8.134157180786133
06422400527,house,4,7.2759,8.175992012023926
06500400887,house,4,8.7954,8.57955551147461
06500801660,house,4,8.7685,8.455389022827148
06500802004,house,4,8.654,8.415879249572754
06501601711,house,4,8.3823,8.316017150878906
06501701041,house,4,8.5172,8.365461349487305
06502300911,house,4,8.454,8.40394115447998
06503100647,house,4,8.5878,8.082530975341797
06503101503,house,4,8.3837,8.637590408325195
06503502028,house,4,7.8666,7.7666425704956055
06504000506,house,4,7.797,8.242111206054688
06504701466,house,4,8.7443,8.4863862991333
06504900752,house,4,8.5791,8.324686050415039
06506300078,house,4,7.8675,8.134611129760742
06506300604,house,4,7.9633,8.010998725891113
06508000292,house,4,8.303,8.10981273651123
06508000561,house,4,7.8178,8.091890335083008
06508101072,house,4,8.6701,8.19128704071045
06508400088,house,4,8.1689,7.947440147399902
06508600303,house,4,8.3526,8.201883316040039
06508700634,house,4,7.7491,8.080662727355957
06509000431,house,4,8.4542,7.992582321166992
06509200521,house,4,8.5007,8.341285705566406
06509500787,house,4,8.3994,8.491403579711914
06510300362,house,4,8.4381,8.500062942504883
06510400316,house,4,9.0943,8.33896255493164
06510501228,house,4,8.5506,8.035257339477539
06511000370,house,4,8.3745,8.024296760559082
06511000451,house,4,8.2974,8.021615982055664
06512000358,house,4,8.5172,8.500181198120117
06512400623,house,4,8.4118,8.321084976196289
06512600185,house,9,8.6163,8.479483604431152
06513100501,house,4,8.7498,8.54130744934082
06513900174,house,9,8.2019,8.072574615478516
06515800754,house,4,8.5425,8.282215118408203
06601000280,house,4,8.9352,8.329874038696289
06601100625,house,4,8.0652,7.956849575042725
06602200501,house,4,7.957,7.651154518127441
06602400665,house,4,8.0472,7.930697441101074
06602500491,house,4,8.1658,7.9806108474731445
06602600796,house,4,7.9447,7.844405174255371
06603901455,house,4,8.4381,7.866268157958984
06605700058,house,4,8.0192,7.767746925354004
06605800370,house,4,9.105,8.361948013305664
06606400643,house,4,8.8049,8.378604888916016
06606401836,house,4,7.9576,8.004279136657715
06608000014,house,4,8.5703,8.190835952758789
06608200382,house,4,7.4839,7.864620685577393
06608301154,house,4,8.8388,8.472232818603516
06608801742,house,4,8.7113,8.130026817321777
06611000828,house,4,8.0923,8.110508918762207
06611700153,house,4,8.1117,8.132841110229492
06613401064,house,4,7.8565,8.057454109191895
06613700983,house,4,8.2506,8.198576927185059
06614100416,house,4,8.294,8.368185043334961
06615201186,house,4,7.8623,7.813121318817139
06615400091,house,4,7.5617,7.963559150695801
06615400685,house,4,8.0229,8.075052261352539
06615901277,house,4,8.3559,8.488706588745117
06618401402,house,4,8.5607,8.459657669067383
06618500958,house,4,8.5489,8.258432388305664
06618801230,house,4,8.1022,7.972996711730957
06619200486,house,4,8.1658,8.079279899597168
06620600824,house,4,8.4372,8.171391487121582
06621200935,house,4,8.6726,8.147916793823242
06622400423,house,4,7.8426,7.671988487243652
06623501223,house,4,8.2703,8.404674530029297
06624100370,house,4,8.3124,8.354276657104492
06624500182,house,4,8.294,7.948556900024414
06624500271,house,4,8.1402,7.880073547363281
06624601991,house,4,8.1551,8.003472328186035
06626402552,house,4,8.8661,8.233953475952148
06626403168,house,4,8.5172,8.408525466918945
06626403176,house,4,8.5007,8.399832725524902
06626601725,house,4,8.478,8.17133903503418
06626601830,house,4,7.7287,7.8928680419921875
06628700267,house,4,8.385,8.156109809875488
06628800113,house,4,8.0225,7.950031757354736
06628900177,house,4,8.3994,8.273582458496094
06628900411,house,4,8.2324,7.84305477142334
06629300149,house,4,8.5222,7.912184715270996
06629500024,house,4,8.3664,8.20158576965332
06630000031,house,4,7.5937,7.660649299621582
06631000610,house,4,7.7913,7.987720489501953
06631000734,house,4,8.5731,8.197425842285156
06631400295,house,4,7.9276,7.8609113693237305
06631400368,house,4,8.363,8.241917610168457
06633000227,house,4,8.5172,8.2241792678833
06634100349,house,4,7.9535,8.039131164550781
06634401284,house,4,8.3349,8.480875968933105
06636500212,house,4,7.9752,7.844712257385254
06637001139,house,4,8.6797,8.312713623046875
06638100270,house,4,7.824,7.79868221282959
06638100300,house,4,7.3419,7.893256664276123
06638700324,house,4,7.8982,8.074211120605469
06638800558,house,4,8.3994,7.962619781494141
06638900102,house,4,8.0709,8.071681022644043
06639400227,house,4,8.3811,8.05817699432373
06641700259,house,4,8.2836,8.248287200927734
06642800273,house,4,8.36,8.220288276672363
06644700691,house,4,7.593,8.01922607421875
06644700748,house,4,7.824,8.2843656539917
06645101181,house,4,8.4854,8.049823760986328
06649900214,house,4,8.1742,8.19657039642334
06651200208,house,4,8.2453,7.882430076599121
06652600218,house,4,8.657,8.458661079406738
06652800241,house,4,8.7926,8.543389320373535
06653100030,house,4,8.3136,8.174163818359375
06653600270,house,4,7.8366,7.865530014038086
06653900584,house,4,8.2876,8.330713272094727
06654300394,house,4,8.7754,8.521403312683105
06654400690,house,4,8.4015,8.221488952636719
06655800250,house,4,7.9939,7.972010612487793
06655900451,house,4,8.5014,8.079853057861328
06656300146,house,4,7.8633,7.911251068115234
06656300693,house,4,7.5645,7.992063999176025
06656400345,house,4,8.531,7.959708213806152
06656600441,house,4,7.7358,7.6869916915893555
06656700454,house,4,8.6754,8.562093734741211
06659500200,house,4,8.132,8.190486907958984
06659700455,house,4,7.186,8.120885848999023
06660200290,house,4,8.3712,8.358922958374023
06661200138,house,4,8.382,8.136892318725586
06661400714,house,4,8.3349,8.191794395446777
06666700139,house,4,7.5437,8.15757942199707
06701100538,house,4,8.4921,8.02723503112793
06701201369,house,4,8.5477,8.239629745483398
06701301444,house,4,8.4237,8.140460968017578
06702102399,house,4,8.363,8.40886116027832
06702400136,house,4,7.9259,7.603318691253662
06703701547,house,4,8.6418,7.990612030029297
06703802688,house,4,8.3884,8.091609954833984
06703804087,house,4,7.9408,8.046956062316895
06703900388,house,4,8.4659,8.365407943725586
06704301453,house,4,8.1918,8.281715393066406
06704500707,house,4,8.0135,7.846592426300049
06704501551,house,4,8.0273,7.833730220794678
06704501819,house,4,7.824,7.875330924987793
06704901124,house,4,7.9647,7.992433071136475
06705401079,house,4,8.6311,8.427495002746582
06705601248,house,4,7.9402,7.956902980804443
06705601272,house,4,8.4278,8.103425979614258
06705800275,house,4,7.6553,7.853082656860352
06706002682,house,4,8.0261,8.000728607177734
06706700142,house,4,7.9939,8.020638465881348
06706900011,house,4,8.775,8.111844062805176
06707800965,house,4,8.1399,8.16642951965332
06708800535,house,4,8.75,8.240602493286133
06710401251,house,4,8.8426,8.174962997436523
06710401308,house,4,8.371,8.04796028137207
06710500632,house,4,8.6578,8.142573356628418
06710901157,house,4,8.6797,8.636642456054688
06711401085,house,4,7.6444,7.942852020263672
06713300332,house,4,8.7403,8.342181205749512
06713400558,house,4,8.7738,8.124170303344727
06714200781,house,4,9.0272,8.62746810913086
06714500181,house,4,8.1252,8.30970287322998
06715300674,house,4,8.4499,8.026798248291016
06715701180,house,4,8.5088,8.153505325317383
06715800081,house,4,8.0709,8.218173027038574
06716101012,house,4,8.2577,8.336605072021484
06716101381,house,4,8.2659,8.16588020324707
06716101403,house,4,7.5625,7.654390811920166
06716600183,house,4,8.9907,8.42446231842041
06716801111,house,4,8.6851,8.199220657348633
06716900772,house,4,8.4552,8.09117317199707
06717001283,house,4,8.2453,8.169015884399414
06717600731,house,4,8.7812,8.227994918823242
06717700858,house,4,8.8503,8.645711898803711
06718000574,house,4,8.4449,8.064170837402344
06718100226,house,4,8.8457,8.532058715820312
06718207209,house,4,8.4915,8.40379524230957
06719300784,house,4,8.034,8.130620956420898
06719400452,house,4,8.0688,8.136415481567383
06720100297,house,4,8.9081,8.472601890563965
06720201972,house,4,8.3187,8.163980484008789
06720600893,house,4,9.0502,8.295755386352539
06721601257,house,4,7.8579,8.118471145629883
06722601684,house,4,8.0709,8.049322128295898
06722801111,house,4,8.041,8.081916809082031
06724100021,house,4,8.294,7.832749843597412
06724600448,house,4,8.5478,8.01738166809082
06725401066,house,4,8.2221,7.8606462478637695
06725500404,house,4,8.9838,8.60183334350586
06726201338,house,4,8.919,8.481969833374023
06726700555,house,4,8.3949,7.951367378234863
06726800169,house,4,8.4268,8.367591857910156
06727100586,house,4,7.7236,8.060247421264648
06727300887,house,4,7.9146,7.805400371551514
06727400474,house,4,8.3789,7.880688667297363
06727900612,house,4,8.4947,8.199394226074219
06728100113,house,4,8.1782,8.113191604614258
06728200169,house,4,7.8857,8.029935836791992
06728200827,house,4,8.8919,8.736701011657715
06728600116,house,4,9.0815,8.113882064819336
06728601880,house,4,8.9435,8.374038696289062
06728601899,house,4,8.6936,8.370223045349121
06728902163,house,4,8.4302,8.223329544067383
06730500182,house,4,9.0852,8.643844604492188
06730600322,house,4,8.1342,7.934226989746094
06731100153,house,4,8.9661,8.293195724487305
06731600229,house,4,8.2577,8.054388046264648
06732200372,house,4,8.016,8.124467849731445
06733002906,house,4,7.9576,7.895794868469238
06733300095,house,4,8.1257,7.848196029663086
06733400979,house,4,8.6299,8.089370727539062
06734800229,house,4,8.566,8.232563972473145
06734901149,house,4,8.1242,8.12353801727295
06735100077,house,4,9.0067,8.409440994262695
06736400120,house,4,8.9692,8.398782730102539
06736500036,house,4,8.3735,7.993236064910889
06736700310,house,4,8.8239,8.287559509277344
06736901898,house,4,8.2234,8.022998809814453
06736902045,house,4,8.1887,8.177352905273438
06736902142,house,4,8.8241,8.150036811828613
06736902398,house,4,8.3559,8.112143516540527
06737500544,house,4,8.4641,7.940415382385254
06738200641,house,4,8.5713,8.057817459106445
06739100187,house,4,7.3789,7.625782489776611
06741100156,house,4,7.2498,7.774783134460449
06741200029,house,4,8.5511,7.863229751586914
06741300392,house,4,8.3032,7.930254936218262
06741302611,house,4,8.4171,8.073996543884277
06741302891,house,4,8.3261,7.9688262939453125
06741304088,house,4,8.8931,8.192233085632324
06741900381,house,4,8.2035,7.955246925354004
06744200313,house,4,8.1055,8.059200286865234
06744300350,house,4,8.6284,8.125150680541992
06746000664,house,4,8.0499,8.035207748413086
06746700267,house,4,8.6738,7.931855201721191
06747800095,house,4,8.6851,8.053133964538574
06748100038,house,4,8.6595,8.173974990844727
06748200301,house,4,8.3758,8.084863662719727
06748200709,house,4,8.4815,8.022639274597168
06748300878,house,4,8.1865,8.102363586425781
06748900611,house,4,8.0018,8.408992767333984
06749000347,house,4,7.5364,7.962960720062256
06749300421,house,4,7.9164,7.630372047424316
06749300456,house,4,7.7162,7.606871604919434
06749400051,house,4,8.5637,8.005151748657227
06749400817,house,4,7.8094,7.634879112243652
06749600263,house,4,8.0893,7.903520107269287
06750200109,house,4,8.0709,7.878787040710449
06800200867,house,4,7.9225,7.996180534362793
06800401579,house,4,8.4619,8.623320579528809
06800500097,house,4,8.2061,8.067316055297852
06800500909,house,4,8.3349,8.167120933532715
06800900583,house,4,8.3055,8.080950736999512
06801500678,house,4,7.9276,8.243806838989258
06801501471,house,4,8.2065,8.003083229064941
06801503324,house,4,8.7808,8.381985664367676
06801900188,house,4,8.1022,8.040121078491211
06802000067,house,4,9.2203,8.119335174560547
06802200112,house,4,7.6417,8.317377090454102
06802400936,house,4,7.7885,8.148115158081055
06802502496,house,4,8.2788,8.151524543762207
06802601931,house,4,9.0768,8.348776817321777
06802900531,house,4,8.0709,8.050756454467773
06802900629,house,4,8.6424,8.26068115234375
06803900568,house,4,8.4566,8.064432144165039
06803902455,house,4,8.4219,8.423070907592773
06804400811,house,4,8.363,8.044231414794922
06804600169,house,4,8.5496,8.409599304199219
06806600565,house,4,8.213,8.166038513183594
06806700101,house,4,8.2489,8.07958984375
06806700349,house,4,7.824,8.420978546142578
06807000219,house,4,8.3253,7.962265968322754
06807200609,house,4,8.6995,8.674516677856445
06808000697,house,4,8.8939,8.575639724731445
06808200173,house,4,8.3489,8.348583221435547
06810100962,house,4,8.36,8.169328689575195
06810101179,house,4,8.1998,8.06950569152832
06810101942,house,4,8.5172,8.484332084655762
06810102329,house,4,7.4797,7.835143566131592
06811801042,house,4,8.2161,7.9331159591674805
06811801476,house,4,8.6146,8.240072250366211
06812101117,house,4,7.6417,7.984853267669678
06812102148,house,4,8.3763,7.981756687164307
06812102369,house,4,8.5241,8.299501419067383
06812500283,house,4,8.5004,7.961092948913574
06812500364,house,4,8.7156,8.372103691101074
06812700487,house,4,8.3595,7.761015892028809
06814501244,house,4,8.001,8.131794929504395
06814601631,house,4,8.5421,8.24061107635498
06814601745,house,4,8.3261,8.158121109008789
06814701065,house,4,7.8573,7.9549760818481445
06814800985,house,4,7.9374,7.966984748840332
06815300323,house,4,8.6476,7.720061302185059
06815300544,house,4,9.097,8.112571716308594
06815400670,house,4,8.6829,8.03826904296875
06815600726,house,4,8.3664,8.007261276245117
06815800334,house,4,8.8049,8.625624656677246
06815801306,house,4,8.6424,7.733893871307373
06816000651,house,4,8.3157,8.017280578613281
06816100646,house,4,8.4219,8.190860748291016
06816100751,house,4,8.1568,8.105819702148438
06816700384,house,4,7.4833,8.013757705688477
06816700724,house,4,8.7052,8.254714965820312
06816700813,house,4,8.3349,8.205300331115723
06817100836,house,4,7.7896,7.800468921661377
06817800511,house,4,8.6156,8.343111991882324
06818200508,house,4,7.937,7.563865661621094
06818400061,house,4,8.6394,8.127080917358398
06818700160,house,4,8.8629,8.356025695800781
06819200161,house,4,9.6741,8.824895858764648
06820100401,house,4,7.972,8.27815055847168
06820200846,house,4,8.4931,8.218966484069824
06820300050,house,4,8.3811,8.39475154876709
06822500340,house,4,8.0394,8.025747299194336
06822701052,house,4,8.8273,8.515581130981445
06823100281,house,4,7.6615,7.931300163269043
06824001759,house,4,8.5862,8.51718807220459
06825800094,house,4,8.3875,8.140172004699707
06826000725,house,4,8.7673,8.176315307617188
06826200521,house,4,8.6978,8.188840866088867
06826200600,house,4,8.3021,8.01654052734375
06826500825,house,4,7.7576,7.890621185302734
06826600341,house,4,8.3889,8.191547393798828
06827000559,house,4,7.6615,8.107649803161621
06828301341,house,4,8.1839,7.808945655822754
06828400569,house,4,8.6226,8.34600830078125
06829200131,house,4,8.3936,8.14291763305664
06829200466,house,4,7.9782,7.898415565490723
06829200547,house,4,8.4684,8.17149829864502
06829400341,house,4,7.7595,7.965761661529541
06829700248,house,4,7.5617,7.81452751159668
06829800404,house,4,8.3691,8.243206024169922
06830700213,house,4,8.41,8.040922164916992
06830801818,house,4,7.9447,8.035032272338867
06832000383,house,4,7.6009,8.15210247039795
06832700865,house,4,8.4276,8.63499927520752
06834300279,house,4,7.6699,7.91998291015625
06834600108,house,4,8.028,8.082849502563477
06835701226,house,4,8.8049,8.505387306213379
06836900524,house,4,9.0005,8.396600723266602
06836900605,house,4,9.0603,8.488391876220703
06837100718,house,4,8.6978,7.991901397705078
06837300946,house,4,7.9845,7.8788981437683105
06837400606,house,4,8.489,8.39719009399414
06837600028,house,4,7.9086,7.870943546295166
06837700162,house,4,8.3671,8.264881134033203
06837700308,house,4,8.087,7.962925434112549
06838800241,house,4,7.6841,8.166145324707031
06838900671,house,4,8.2599,8.092363357543945
06839400379,house,4,8.5172,8.412238121032715
06839500322,house,4,8.7036,8.473662376403809
06839800652,house,4,8.5489,8.167314529418945
06839900101,house,4,8.1849,7.9929351806640625
06839900703,house,4,8.8865,8.392868041992188
06840700267,house,4,7.9576,8.0615873336792
06842000556,house,4,8.5399,8.441853523254395
06843100066,house,4,8.9976,8.526063919067383
06843100392,house,4,8.7598,8.242027282714844
06843400892,house,4,8.553,8.236358642578125
06843800114,house,4,8.3165,8.128267288208008
06844400381,house,4,8.576,8.502006530761719
06845000311,house,4,9.5909,8.733728408813477
06845300887,house,4,8.0488,7.957458972930908
06845301131,house,4,7.9714,8.14677619934082
06845600066,house,4,8.4446,8.229385375976562
06845700370,house,4,8.0064,8.251622200012207
06845701261,house,4,8.5092,8.070802688598633
06846100229,house,4,7.8034,7.6697516441345215
06847900814,house,4,8.5837,8.087602615356445
06847901853,house,4,8.3837,8.276080131530762
06847902035,house,4,8.5243,8.020445823669434
06848000108,house,4,8.2428,8.245882987976074
06848500321,house,4,8.6268,8.227014541625977
06849501070,house,4,7.319,8.012981414794922
06851401177,house,4,8.6125,8.192323684692383
06851401266,house,4,8.0626,8.049129486083984
06851401533,house,4,8.5772,8.033163070678711
06852000524,house,4,8.8284,8.341293334960938
06852201465,house,4,8.6056,8.195150375366211
06852600130,house,4,8.1358,8.163141250610352
06853001400,house,4,8.0317,8.666670799255371
06853200020,house,4,7.9939,7.984366416931152
06853200241,house,4,8.3324,7.914616107940674
06853200391,house,4,7.8604,8.035507202148438
06853300130,house,4,8.5937,8.214706420898438
06853401468,house,4,8.3253,8.13199520111084
06854101352,house,4,9.004,8.502555847167969
06854200385,house,4,8.7948,8.112871170043945
06854201934,house,4,8.3044,8.173360824584961
06854202167,house,4,8.7403,8.25770378112793
06854700361,house,4,8.5531,8.032447814941406
06855000452,house,4,8.232,8.155815124511719
06855900496,house,4,8.7343,8.044017791748047
06900500595,house,4,8.7133,8.357461929321289
06900900631,house,4,8.3576,8.158220291137695
06901000146,house,4,8.8537,8.310662269592285
06901300123,house,4,7.8171,7.906458377838135
06902301182,house,4,7.9749,8.369155883789062
06902301662,house,4,8.7057,8.190053939819336
06902400229,house,4,8.7294,8.498516082763672
06906100270,house,4,8.8919,8.26671314239502
06906500244,house,4,8.8306,8.066267013549805
06906500279,house,4,8.512,7.963893890380859
06907201216,house,4,9.0938,8.463891983032227
06907600218,house,4,8.8818,8.335349082946777
06908400123,house,4,9.2013,8.262384414672852
06908500780,house,4,8.3608,8.348934173583984
06908700208,house,4,8.5214,7.995632171630859
06908700291,house,4,8.9421,8.135086059570312
06909201566,house,4,8.9567,8.207771301269531
06910600681,house,4,8.9178,8.353827476501465
06911200326,house,4,7.9063,8.40167236328125
06911300479,house,4,8.7759,8.214406967163086
06911900281,house,4,8.9496,8.385540962219238
06911900298,house,4,8.9496,8.380139350891113
06911900301,house,4,8.9496,8.351947784423828
06912000347,house,4,8.5172,8.058762550354004
06912000428,house,4,8.2768,8.048633575439453
06912900811,house,4,9.0768,8.352420806884766
06913101058,house,4,8.1031,8.146482467651367
06913900198,house,4,8.9661,8.20953369140625
06914000182,house,4,8.2326,8.120244979858398
06914000271,house,4,8.8049,8.10750961303711
06914600287,house,4,8.294,8.258772850036621
06915000623,house,4,8.3241,8.244279861450195
06915100245,house,4,9.3226,8.359766006469727
06915100253,house,4,9.4479,8.315330505371094
06915300600,house,4,8.3868,8.056447982788086
06915400974,house,4,8.657,8.069201469421387
06915700201,house,4,8.637,8.20233154296875
06916000279,house,4,8.7675,8.287973403930664
06916100826,house,4,8.4412,7.983621597290039
06916300345,house,4,9.1548,8.373533248901367
06916300639,house,4,8.3733,8.260366439819336
06916700394,house,4,7.7551,8.161846160888672
06916701803,house,4,8.849,8.370431900024414
06917300160,house,4,8.5817,8.113533973693848
06917500763,house,4,8.7096,8.224297523498535
06917701130,house,4,8.4482,8.169770240783691
06917900151,house,4,8.0552,7.842482089996338
06918800353,house,4,8.4482,8.142904281616211
06919900149,house,4,8.6042,8.18412971496582
06920900181,house,4,7.6557,8.03516674041748
06921700097,house,4,8.4118,8.299832344055176
06921700720,house,4,8.0811,7.911677360534668
07000901081,house,4,8.4542,8.118407249450684
07001700622,house,4,8.097,8.067530632019043
07002300423,house,4,8.3365,7.969886779785156
07002300733,house,4,9.0197,8.013174057006836
07003100363,house,4,8.5723,8.172416687011719
07003600358,house,4,8.8273,8.040459632873535
07004601420,house,4,8.294,8.278472900390625
07004701751,house,4,8.7121,8.08419418334961
07006501709,house,4,8.2525,8.289555549621582
07006600987,house,4,8.4118,8.324623107910156
07006602572,house,4,8.3688,8.185307502746582
07006702569,house,4,8.8269,8.237398147583008
07006703212,house,4,8.1543,7.88545036315918
07007800610,house,4,7.9995,7.9480485916137695
07008100612,house,4,8.6051,7.955970287322998
07008800533,house,4,8.2245,7.956817150115967
07009200572,house,4,8.2876,8.152959823608398
07009300951,house,4,7.8341,7.974633693695068
07009300976,house,4,8.2486,8.429433822631836
07010302170,house,4,7.3132,8.218839645385742
07010800456,house,4,8.1432,7.94946813583374
07012500123,house,4,7.9907,8.035058975219727
07012500549,house,4,8.6713,8.377689361572266
07012501219,house,4,7.4101,7.859810829162598
07012700351,house,4,8.0041,7.909483432769775
07013100161,house,4,8.2989,8.07199764251709
07013300500,house,4,8.2989,8.303260803222656
07013500623,house,4,8.207,8.48774528503418
07013802761,house,4,8.5172,8.314703941345215
07014500252,house,4,8.1017,8.390661239624023
07014900404,house,4,8.2927,8.03022575378418
07015300354,house,4,8.8561,8.204010009765625
07015300397,house,4,7.8753,7.7243499755859375
07015502100,house,4,7.7311,8.180204391479492
07016101010,house,4,8.6042,8.186580657958984
07016101894,house,4,8.6785,8.282819747924805
07016200051,house,4,8.2667,7.971109390258789
07017300361,house,4,8.9794,8.39493465423584
07017500369,house,4,8.8049,8.367799758911133
07017601254,house,4,8.7611,8.277029037475586
07017604342,house,4,8.0383,7.887355327606201
07017700325,house,4,9.0868,8.370854377746582
07017700333,house,4,8.5433,8.081278800964355
07017800486,house,4,8.37,8.146364212036133
07018001031,house,4,7.486,7.780776023864746
07018100844,house,4,7.9774,7.761951446533203
07018200334,house,4,8.4026,7.908512115478516
07018401232,house,4,8.4547,8.025592803955078
07018401240,house,4,8.2396,8.040491104125977
07019200141,house,4,8.862,8.163337707519531
07019301126,house,4,8.0064,8.124650001525879
07019302025,house,4,8.7739,8.329036712646484
07019302637,house,4,7.9492,7.743624687194824
07019304222,house,4,8.1605,7.791335105895996
07019304354,house,4,8.3147,8.21922779083252
07019304362,house,4,8.3044,8.219263076782227
07020700421,house,4,8.4828,8.112699508666992
07020800246,house,4,9.0171,8.059144020080566
07021000677,house,4,8.064,8.000393867492676
07021100401,house,4,8.4759,8.018899917602539
07021300050,house,4,8.1938,7.976573467254639
07021501404,house,4,7.7197,8.135801315307617
07021901860,house,4,7.5836,7.864284992218018
07022300453,house,4,8.0973,8.017995834350586
07022600503,house,4,8.0126,8.310336112976074
07023000100,house,4,8.5713,8.269548416137695
07023000781,house,4,8.0276,8.162338256835938
07023007652,house,4,8.1689,8.060602188110352
07023010947,house,4,8.6424,8.071345329284668
07023011749,house,4,8.4641,8.139002799987793
07024400171,house,4,9.6976,8.36676025390625
07024600063,house,4,8.4446,7.983644485473633
07024701250,house,4,8.7916,8.267518043518066
07024801115,house,4,8.4032,8.08765983581543
07024902442,house,4,8.6057,7.955816268920898
07025400327,house,4,8.5017,8.187398910522461
07025900435,house,4,8.0897,8.080503463745117
07028500446,house,4,8.2742,8.237936019897461
07031400041,house,4,8.4168,7.895163536071777
07033300492,house,4,7.9837,7.844768524169922
07033500211,house,4,8.8581,8.05699348449707
07034100209,house,4,8.0137,8.159976959228516
07034400253,house,4,8.291,7.868134498596191
07034900401,house,4,8.2483,8.234779357910156
07035000615,house,4,7.9481,8.058834075927734
07035003061,house,4,9.2435,8.177267074584961
07035500294,house,4,8.3399,7.966446876525879
07035800621,house,4,8.3489,7.7892746925354
07036000457,house,4,8.1335,7.931851387023926
07036100532,house,4,8.9361,7.909595012664795
07036900301,house,4,8.1437,8.007184982299805
07037400033,house,4,7.9111,7.764829635620117
07037400041,house,4,8.5101,8.045103073120117
07037700541,house,4,9.3138,8.170035362243652
07037700711,house,4,8.6226,8.038555145263672
07037800856,house,4,8.6866,8.113758087158203
07038700901,house,4,8.0825,7.957024574279785
07038800302,house,4,8.2608,8.027836799621582
07038800329,house,4,8.5801,7.917684078216553
07038800590,house,4,8.212,8.14964485168457
07039402981,house,4,8.2385,8.178813934326172
07039403145,house,4,8.606,8.092674255371094
07041000052,house,4,8.2882,7.961817741394043
07041000125,house,4,8.3533,7.947500228881836
07041200221,house,4,8.4392,8.414693832397461
07041200809,house,4,8.5207,8.282125473022461
07042400135,house,4,8.5714,7.825148582458496
07043000191,house,4,9.4161,7.826659202575684
07105201436,house,4,8.2183,8.028878211975098
07106403539,house,4,8.0985,8.005134582519531
07107200356,house,4,7.7814,7.666281700134277
07107300210,house,4,8.0283,7.9181227684021
07107800401,house,4,7.6592,8.100276947021484
07107900201,house,4,8.2548,7.957315921783447
07108400715,house,4,8.3486,7.935882568359375
07109500195,house,4,8.4148,8.195915222167969
07109600335,house,4,8.4684,8.28908920288086
07110800709,house,4,8.0973,8.286855697631836
07111100964,house,4,8.2396,7.961348533630371
07111200497,house,4,7.3726,8.148704528808594
07112700681,house,4,8.5262,8.148656845092773
07113500692,house,4,8.3407,7.999848365783691
07120900528,house,4,8.6701,8.483659744262695
07122500918,house,4,8.4912,8.319841384887695
07123700309,house,4,8.3059,8.13202953338623
07123900499,house,4,8.5872,8.38156509399414
07125100082,house,4,8.7515,8.118535995483398
07125100090,house,4,8.7932,8.11070728302002
07125400906,house,4,8.8823,8.133939743041992
07125401775,house,4,8.5304,7.965423583984375
07125501214,house,4,8.363,7.818227291107178
07125700489,house,4,8.0645,7.841269493103027
07125900267,house,4,8.1117,8.12763786315918
07126900821,house,4,7.9939,7.956732273101807
07127100330,house,4,8.3416,8.045120239257812
07131500070,house,4,7.6009,7.885245323181152
07131600202,house,4,8.1328,8.099405288696289
07131800090,house,4,8.6995,8.533523559570312
07132100483,house,4,8.2063,8.054960250854492
07133100967,house,4,8.1019,7.875827789306641
07133405415,house,4,8.5677,8.467634201049805
07133900769,house,4,8.1931,7.958162307739258
07136000173,house,4,8.1887,8.212146759033203
07136800722,house,4,8.4302,7.795925617218018
07137100181,house,4,7.6447,7.6308393478393555
07137604838,house,4,8.8049,8.207843780517578
07137701132,house,4,8.1157,8.108724594116211
07137900089,house,4,9.1485,8.716756820678711
07138700040,house,4,8.3481,8.304563522338867
07139100411,house,4,7.7685,7.927114009857178
07139800847,house,4,8.0709,8.12654972076416
07140100047,house,4,8.0718,7.8049726486206055
07141301739,house,4,8.3586,7.952127456665039
07141400486,house,4,8.7123,8.10387134552002
07141600991,house,4,8.6995,8.176179885864258
07141605770,house,4,8.363,8.026510238647461
07141800301,house,4,8.648,8.403671264648438
07142001410,house,4,8.5645,7.990139007568359
07143000132,house,4,8.1526,7.681443214416504
07146402894,house,4,9.0489,8.058771133422852
07146500926,house,4,8.3994,7.880193710327148
07146700471,house,4,8.1748,7.839580535888672
07147000201,house,4,8.8257,7.993247032165527
07147300483,house,4,8.2548,8.270203590393066
07147301226,house,4,8.2103,7.969423294067383
07147301749,house,4,8.4684,7.726987838745117
07148201055,house,4,7.7811,8.07932186126709
07149700543,house,4,8.6088,8.342262268066406
07149700586,house,4,8.8323,8.445005416870117
07151500165,house,4,8.363,7.923817157745361
07151500361,house,4,9.14,8.22064208984375
07152000611,house,4,8.3304,7.9729323387146
07152000638,house,4,8.4668,8.04953670501709
07152200335,house,4,8.2703,8.017101287841797
07152200548,house,4,8.0754,7.909239292144775
07200300675,house,4,8.0719,8.176521301269531
07200401838,house,4,8.6375,8.102108001708984
07200500429,house,4,8.46,8.009471893310547
07200900508,house,4,8.771,8.474189758300781
07201100701,house,4,8.1807,8.416250228881836
07202501953,house,4,8.2903,8.118868827819824
07202800731,house,4,7.3645,7.908381462097168
07202900025,house,4,8.1305,7.906264305114746
07203200991,house,4,8.1731,8.145148277282715
07203500179,house,4,8.6678,8.25198745727539
07204400240,house,4,8.9546,8.563054084777832
07204600436,house,4,8.4556,7.953885555267334
07205400287,house,4,8.2659,8.351799011230469
07205400554,house,4,8.9061,7.985347747802734
07205901103,house,4,8.5903,8.037378311157227
07206000924,house,4,8.391,8.08089828491211
07206400681,house,4,7.7328,8.046499252319336
07207800061,house,4,7.3395,7.989773273468018
07207800411,house,4,8.503,8.311624526977539
07208000328,house,4,8.949,8.204507827758789
07209800077,house,4,9.1413,7.936830520629883
07209900411,house,4,8.1551,7.974179744720459
07210100504,house,4,8.5459,8.209467887878418
07210800387,house,4,8.5366,8.095901489257812
07210901825,house,4,7.4995,8.41404914855957
07211000953,house,4,8.2325,8.07249927520752
07211600586,house,4,8.5885,8.33163833618164
07211900431,house,4,8.6226,8.233701705932617
07213601008,house,4,8.1495,8.029898643493652
07213601237,house,4,8.6651,8.096229553222656
07214100924,house,4,8.3349,8.08855152130127
07214700530,house,4,8.5524,8.035321235656738
07216002040,house,4,8.4315,8.099481582641602
07216100190,house,4,8.9972,8.32585334777832
07216802888,house,4,8.3796,8.035099029541016
07217600391,house,4,8.1707,8.098079681396484
07217801524,house,4,8.1117,7.949187755584717
07217803616,house,4,7.8417,7.94655704498291
07218200451,house,4,8.6402,8.616273880004883
07219102712,house,4,8.8891,8.730914115905762
07219200382,house,4,8.5172,8.329983711242676
07219200773,house,4,8.1918,7.939784526824951
07219800525,house,4,8.2446,7.968482971191406
07220101651,house,4,8.8541,8.031096458435059
07220101864,house,4,8.3931,8.158427238464355
07220602545,house,4,8.3197,8.29834270477295
07220800479,house,4,9.1598,8.329963684082031
07221000581,house,4,8.2439,8.054483413696289
07221100993,house,4,8.406,8.07923412322998
07221101205,house,4,8.948,8.237586975097656
07222100334,house,4,8.363,8.277643203735352
07222300627,house,4,8.489,8.243719100952148
07222800395,house,4,8.1495,8.034652709960938
07222900152,house,4,8.3536,8.281614303588867
07300500811,house,4,8.6125,8.147869110107422
07300700225,house,4,8.3303,7.9369988441467285
07302200823,house,4,8.0629,8.003556251525879
07302900450,house,4,8.4833,8.333399772644043
07305500399,house,4,8.8764,8.316723823547363
07305600679,house,4,8.9324,8.688709259033203
07306101714,house,4,8.3223,8.375983238220215
07323900298,house,4,8.0439,8.048273086547852
07325600062,house,4,8.2558,8.206878662109375
07326000115,house,4,8.5083,8.346050262451172
07329100171,house,4,9.3439,8.542320251464844
07329100188,house,4,8.6558,8.063180923461914
07330600059,house,0,8.0472,8.518467903137207
07330900524,house,0,8.4605,8.462688446044922
07409100036,house,7,8.5276,8.097006797790527
07428300347,house,0,7.5175,8.356606483459473
07500200323,house,7,8.1675,8.347131729125977
07501401098,house,4,8.3481,8.138786315917969
07501500479,house,4,7.7425,8.005634307861328
07503100389,house,4,8.4804,8.435516357421875
07504100102,house,4,7.9481,8.019774436950684
07504500518,house,4,8.191,8.266836166381836
07506800421,house,7,8.3143,8.1603422164917
07507000281,house,7,8.2649,8.109489440917969
07507001059,house,7,7.9866,8.58833122253418
07507001067,house,7,7.8649,8.047258377075195
07507400565,house,4,7.9929,8.19713306427002
07508500751,house,4,9.1822,8.817972183227539
07509000777,house,4,7.9866,8.459390640258789
07510500737,house,4,8.0005,8.043070793151855
07511001051,house,4,7.2824,8.601454734802246
07512900066,house,4,8.833,8.630072593688965
07513600678,house,4,7.3786,8.18453598022461
07513601011,house,4,8.406,8.50472354888916
07514200010,house,4,8.8739,8.531685829162598
07514200266,house,4,8.4821,8.63408374786377
07514600078,house,4,7.4601,8.07197380065918
07516100031,house,4,8.1689,8.43523120880127
07516600520,house,7,7.8812,8.277063369750977
07518000695,house,7,8.5952,8.428581237792969
07520300986,house,7,8.6805,8.63939380645752
07520500551,house,7,8.5685,8.428109169006348
07522600758,house,4,9.3355,8.713128089904785
07522700371,house,4,8.7054,8.567197799682617
07524002165,house,7,7.4684,8.161663055419922
07525401217,house,4,8.4532,8.18765640258789
07525406294,house,4,8.6941,8.491466522216797
07525406308,house,4,8.6677,8.525127410888672
07525406340,house,4,8.6177,8.578802108764648
07525801649,house,4,8.4131,7.938701629638672
07530400371,house,4,7.2644,8.05647087097168
07530400606,house,4,8.3946,8.066100120544434
07530600540,house,4,8.153,7.902254104614258
07531000334,house,4,7.8075,7.96507453918457
07531000342,house,4,8.072,8.084941864013672
07531400359,house,4,8.2808,8.477859497070312
07533300459,house,4,7.9894,7.983477592468262
07533801237,house,4,8.1807,8.31747055053711
07534300487,house,7,8.6261,8.31890869140625
07534400848,house,7,7.956,8.396568298339844
07534401364,house,7,8.2548,8.148237228393555
07534403707,house,7,8.2903,8.228927612304688
07535300049,house,7,8.8521,8.383295059204102
07535300200,house,7,8.097,8.281136512756348
07535901239,house,4,8.1789,8.110130310058594
07536100299,house,4,7.4052,7.814947605133057
07600800454,house,7,8.902,8.759744644165039
07601201333,house,7,9.0143,8.42526626586914
07601300961,house,7,8.3877,8.406734466552734
07604000411,house,4,8.7132,8.342243194580078
07606000557,house,4,8.294,8.245710372924805
07606100421,house,4,8.2659,8.196598052978516
07606202079,house,4,8.3005,8.344217300415039
07607700072,house,7,8.8153,8.185359954833984
07608100451,house,7,8.3536,8.518887519836426
07608200383,house,7,8.2626,8.198529243469238
07608500107,house,7,8.8092,8.417586326599121
07608600403,house,7,7.5825,8.051878929138184
07608800267,house,7,8.7119,8.516719818115234
07609100897,house,7,8.351,8.479616165161133
07609600385,house,7,7.9304,7.740021228790283
07609800155,house,7,8.6424,8.583335876464844
07609800414,house,7,8.3864,8.123708724975586
07609800538,house,7,9.013,8.787829399108887
07609800546,house,7,8.9719,8.793684005737305
07610000744,house,7,8.4668,8.095977783203125
07610000833,house,7,8.1763,8.425361633300781
07610300438,house,4,8.163,7.729433059692383
07610501840,house,4,8.3,8.159464836120605
07610600172,house,4,7.6009,7.870220184326172
07611000624,house,4,9.3281,8.692041397094727
07611000632,house,4,8.3165,8.133810997009277
07611800531,house,7,8.8049,8.456306457519531
07613701646,house,7,8.2227,8.420360565185547
07613900053,house,4,8.7403,8.936140060424805
07614400331,house,4,7.5796,7.912359714508057
07614500024,house,4,8.9304,8.852063179016113
07616001017,house,7,8.1474,8.31298828125
07616500285,house,7,7.9676,7.834341049194336
07617400438,house,7,8.4735,8.43619441986084
07618300615,house,7,8.3088,8.525054931640625
07618302529,house,7,8.6063,8.533026695251465
07618900027,house,7,7.8107,8.130603790283203
07619200037,house,7,8.1388,8.137022018432617
07619200436,house,7,8.7171,8.726621627807617
07620600183,house,7,8.2515,8.269768714904785
07620700171,house,7,8.532,8.572521209716797
07621600403,house,7,7.9276,8.192167282104492
07621800208,house,7,8.0131,7.972300052642822
07621800569,house,7,8.4276,8.465091705322266
07623900129,house,7,8.6485,8.437862396240234
07624100401,house,7,8.1967,8.026805877685547
07624800349,house,7,8.4875,8.504105567932129
07624800578,house,7,8.6905,8.632495880126953
07624800616,house,7,8.8876,8.807550430297852
07624800624,house,7,8.8002,8.802384376525879
07626500695,house,7,8.7988,8.829935073852539
07626500709,house,7,8.7279,8.835000038146973
07626600215,house,7,8.4039,8.306052207946777
07626801016,house,7,7.7086,8.296016693115234
07626900111,house,7,7.9756,8.340795516967773
07628500331,house,7,8.4699,8.413774490356445
07631100871,house,7,8.7536,8.667388916015625
07635100467,house,7,8.5817,8.539365768432617
07636700131,house,7,8.5849,8.286252975463867
07636900386,house,7,8.2339,8.169404029846191
07640500109,house,7,8.193,8.219703674316406
07641400116,house,7,8.1047,7.819455146789551
07642500408,house,7,8.8626,8.76765251159668
07643000281,house,7,8.6101,8.618781089782715
07643200270,house,7,8.4118,8.578454971313477
07643400441,house,7,8.0415,8.398894309997559
07644000135,house,7,7.6592,8.148698806762695
07645100206,house,7,8.5041,8.322582244873047
07645100461,house,7,8.3349,8.17166519165039
07645200758,house,7,8.3774,8.411620140075684
07645300574,house,7,8.0301,8.315217971801758
07646304018,house,7,8.9714,8.6929292678833
07648300206,house,7,8.6875,8.3712158203125
07648300524,house,7,8.1117,8.415790557861328
07648900041,house,7,7.9811,7.8327836990356445
07649101355,house,7,8.4711,8.272273063659668
07650200231,house,7,7.6009,7.874172210693359
07651301201,house,7,8.055,8.279366493225098
07651301536,house,7,8.0394,8.263555526733398
07651302060,house,7,8.0965,8.490376472473145
07651303032,house,7,8.5318,8.437772750854492
07651303083,house,7,8.7598,8.618474960327148
07651303105,house,7,8.386,8.433591842651367
07673800306,house,7,8.2221,8.580900192260742
07677600352,house,7,8.3506,8.255955696105957
07700400768,house,7,8.6226,8.642353057861328
07700500193,house,7,8.3758,8.708820343017578
07700600635,house,7,7.9083,8.550731658935547
07700800782,house,7,8.2261,8.633214950561523
07701300341,house,7,8.5862,8.634203910827637
07703000655,house,7,8.036,8.600147247314453
07705100134,house,7,7.6989,8.614700317382812
07705100134,house,7,8.392,8.614700317382812
07705800438,house,7,8.4659,8.748832702636719
07708000149,house,7,8.9305,8.77867317199707
07709500625,house,7,8.408,8.573646545410156
07712200378,house,7,7.5437,8.758576393127441
07714300736,house,7,7.824,8.60669231414795
07714600268,house,7,7.9228,8.476181983947754
07724300119,house,7,7.9406,8.677894592285156
07724800545,house,7,8.4291,8.841443061828613
07730800462,house,7,8.8383,8.748353004455566
07730800489,house,7,9.0649,8.704689025878906
07737203109,house,7,8.1644,8.678995132446289
07737205225,house,7,8.3027,8.78396987915039
07742600293,house,7,8.6341,8.826629638671875
07742800421,house,7,7.5389,8.485241889953613
07743600904,house,7,8.8537,8.852703094482422
07743601587,house,7,8.4094,8.517234802246094
07743602206,house,7,8.5484,8.732372283935547
07744801644,house,7,8.0133,8.511917114257812
07744801903,house,7,8.1687,8.797538757324219
07800500349,house,7,7.8373,8.551921844482422
07801600835,house,7,8.3093,8.591076850891113
07801701186,house,7,8.7189,8.643087387084961
07802100801,house,7,8.6805,8.452747344970703
07802101077,house,7,8.7303,8.67253589630127
07802600227,house,7,8.9746,8.526870727539062
07802600634,house,7,8.6042,8.38660717010498
07802601142,house,7,8.8855,8.670841217041016
07802601150,house,7,8.5913,8.672952651977539
07803000401,house,7,8.4514,8.34766960144043
07803000827,house,7,8.797,8.662849426269531
07803300741,house,7,8.388,8.498512268066406
07803501478,house,7,8.1388,8.416958808898926
07805100551,house,7,8.9872,8.561986923217773
07805100950,house,7,7.7026,8.393014907836914
07805400504,house,7,8.5352,8.501436233520508
07805401081,house,7,9.0315,8.720643043518066
07806100946,house,7,8.4118,8.488080978393555
07806101462,house,7,8.46,8.456153869628906
07807100230,house,7,8.6995,8.625631332397461
07807100516,house,7,8.7852,8.496066093444824
07807200383,house,7,8.1117,8.509838104248047
07807300213,house,7,8.6326,8.65644645690918
07807400315,house,7,8.8537,8.747198104858398
07808700150,house,7,7.3778,8.705825805664062
07808900451,house,7,8.4381,8.472845077514648
07808901679,house,7,8.4034,8.575077056884766
07809202154,house,7,8.2989,8.56928825378418
07809600524,house,7,8.5374,8.531118392944336
07810800485,house,7,8.5172,8.720951080322266
07810900323,house,7,7.5056,8.302530288696289
07811001578,house,7,7.6905,8.651351928710938
07811001853,house,7,8.3902,8.493754386901855
07817500274,house,7,9.1207,8.505838394165039
07818000461,house,7,8.2272,8.811302185058594
07818100458,house,7,8.7403,8.539484024047852
07818100512,house,7,8.2171,8.560750961303711
07818300309,house,7,8.6667,8.620810508728027
07818601252,house,7,8.3862,8.509706497192383
07821300187,house,7,8.2589,8.460245132446289
07821500569,house,7,8.9483,8.72324275970459
07821600717,house,7,8.4289,8.417853355407715
07822001167,house,7,8.447,8.58848762512207
07822001213,house,7,8.5631,8.487075805664062
07822001302,house,7,8.3021,8.603891372680664
07822400312,house,7,8.7702,8.570051193237305
07822601067,house,7,9.0744,8.7335205078125
07822900201,house,7,7.7655,8.604633331298828
07823200392,house,7,8.5215,8.511159896850586
07823700638,house,7,8.7584,8.674455642700195
07823700654,house,7,8.7905,8.712872505187988
07824100431,house,7,8.6792,8.486185073852539
07824400336,house,7,8.1257,8.642041206359863
07824400670,house,7,8.1242,8.684112548828125
07824500012,house,7,8.7511,8.660876274108887
07825300599,house,7,8.8167,8.549931526184082
07825300701,house,7,8.728,8.65548324584961
07825400356,house,7,8.3741,8.42849349975586
07825500131,house,7,7.1822,8.328699111938477
07825500482,house,7,8.5962,8.501529693603516
07825800524,house,7,8.6226,8.56482219696045
07825800941,house,7,8.1342,8.546485900878906
07825800958,house,7,8.1342,8.546485900878906
07825800974,house,7,8.1342,8.546485900878906
07825801512,house,7,8.503,8.521615982055664
07826200113,house,7,9.0142,8.653618812561035
07826400694,house,7,8.3041,8.167606353759766
07826500893,house,7,7.9181,8.27686595916748
07827100996,house,7,8.3767,8.658584594726562
07828201958,house,7,8.6976,8.67829418182373
07831500642,house,7,8.4039,8.387311935424805
07832400617,house,7,8.2659,8.325100898742676
07832400633,house,7,8.7308,8.56997013092041
07832900865,house,7,8.0305,8.311060905456543
07832901111,house,7,8.0109,8.422471046447754
07833700770,house,7,8.6115,8.502317428588867
07834300407,house,7,8.0577,8.523704528808594
07835600285,house,7,8.6042,8.691118240356445
07836900177,house,7,8.2254,8.57237720489502
07838100437,house,7,8.0864,8.419490814208984
07839500102,house,7,8.1049,8.643159866333008
07840000622,house,7,7.9993,8.482691764831543
07840202659,house,7,8.9036,8.7539644241333
07840900577,house,7,8.6903,8.47636604309082
07840900712,house,7,8.4064,8.408687591552734
07841000677,house,7,7.8205,8.382389068603516
07841000723,house,7,8.4611,8.450112342834473
07841400421,house,7,8.0465,8.340331077575684
07842801851,house,7,8.1678,8.317829132080078
07842902356,house,7,8.1546,8.442758560180664
07843200355,house,7,8.6026,8.579297065734863
07843200614,house,7,8.8708,8.706747055053711
07843200649,house,7,8.747,8.502962112426758
07843400427,house,7,7.7491,8.149785041809082
07844500931,house,7,8.6663,8.531942367553711
07844600233,house,7,8.2076,8.542916297912598
07844700386,house,7,8.8385,8.741781234741211
07848400247,house,7,8.7305,8.54692268371582
07848700453,house,7,8.1678,8.49921989440918
07849100085,house,7,8.8451,8.70162582397461
07849600363,house,7,8.2209,8.486381530761719
07849600509,house,7,8.6226,8.705804824829102
07849600584,house,7,7.7459,8.561279296875
07849800087,house,7,8.3413,8.452810287475586
07849900383,house,7,7.4674,8.470877647399902
07850900049,house,7,9.1265,8.615922927856445
07851100097,house,7,8.207,8.496208190917969
07851200105,house,7,7.915,8.270156860351562
07851600049,house,7,8.7175,8.57201862335205
07851900689,house,7,7.905,8.516677856445312
07852808670,house,7,8.8702,8.867319107055664
07852809731,house,7,9.0576,8.866822242736816
07852810179,house,7,8.9047,8.868284225463867
07852810969,house,7,9.0711,8.868002891540527
07852811035,house,7,9.0372,8.872720718383789
07917800199,house,7,8.4945,8.409745216369629
07919900255,house,7,8.294,8.727665901184082
07920000051,house,7,8.2168,8.575879096984863
07920000076,house,7,8.0897,8.477560043334961
07920100143,house,7,8.471,8.546545028686523
07920100267,house,7,8.276,8.528932571411133
07966001482,house,7,8.4621,8.711383819580078
07966400301,house,7,7.9194,8.640629768371582
07966400468,house,7,7.9462,8.238123893737793
07966600041,house,7,8.6724,8.477081298828125
07966900851,house,8,8.5054,8.088510513305664
07970501133,house,7,8.3994,8.620275497436523
07970501184,house,7,8.5782,8.458011627197266
07973200037,house,7,8.7179,8.710577011108398
07973700341,house,7,8.7948,8.638432502746582
07974200162,house,7,8.6521,8.651866912841797
07974500123,house,7,8.6725,8.632819175720215
07974800305,house,7,8.7911,8.589841842651367
07975100171,house,7,8.1924,8.482987403869629
07975300047,house,7,8.4282,8.810504913330078
07975400076,house,7,8.8482,8.805463790893555
07975600164,house,7,8.4764,8.545642852783203
07976400118,house,7,9.1458,8.721358299255371
07976500112,house,7,8.8201,8.694975852966309
07976800191,house,7,8.6269,8.476799011230469
07977100169,house,7,8.9401,8.716336250305176
07977200198,house,7,8.6936,8.73662281036377
07977300117,house,7,8.75,8.610448837280273
07977400073,house,7,8.585,8.73806381225586
07977400235,house,7,8.1285,8.565463066101074
08000501287,house,7,8.667,8.52592658996582
08001101045,house,7,8.5679,8.791746139526367
08002100336,house,7,8.5817,8.418473243713379
08002200403,house,7,8.2401,8.60230541229248
08003300169,house,7,8.0715,8.579044342041016
08003600200,house,7,8.4381,8.874035835266113
08004500900,house,7,8.1437,8.650884628295898
08004600492,house,7,9.3534,8.679859161376953
08005100442,house,7,9.2692,8.606521606445312
08005100493,house,7,9.0482,8.650050163269043
08005200307,house,7,9.1433,8.712390899658203
08005200382,house,7,7.4909,8.36720085144043
08005400446,house,7,8.869,8.657617568969727
08005900430,house,7,8.7751,8.883054733276367
08006200580,house,7,8.2437,8.670278549194336
08006400032,house,7,8.8537,8.884649276733398
08007300155,house,7,8.6419,8.650349617004395
08007300228,house,7,8.7742,8.68107795715332
08008400153,house,7,8.6161,8.878413200378418
08008400171,house,7,8.3106,8.78066349029541
08008400323,house,7,8.4778,8.948065757751465
08008700157,house,7,8.5889,8.862432479858398
08009301205,house,7,9.0078,8.650827407836914
08009400890,house,7,8.5984,8.5635986328125
08009700088,house,7,9.376,8.669356346130371
08010600814,house,7,8.3949,8.739248275756836
08011000608,house,7,9.3114,8.995375633239746
08011300555,house,7,8.1285,8.715703964233398
08012400359,house,7,8.9002,9.059591293334961
08013100871,house,7,8.7891,8.71815013885498
08013100928,house,7,8.975,8.82472038269043
08013101371,house,7,8.8527,8.779731750488281
08013400255,house,7,8.838,9.00141429901123
08013500055,house,7,9.105,8.835752487182617
08013700070,house,7,8.6955,8.672992706298828
08013700526,house,7,8.9105,8.821919441223145
08013800733,house,7,9.3439,8.806468963623047
08014801407,house,7,8.8363,8.233989715576172
08014802209,house,7,8.7966,8.640911102294922
08014804015,house,7,8.8763,8.665050506591797
08014804023,house,7,8.9748,8.681159973144531
08100501351,house,7,9.5444,8.88851547241211
08100501386,house,7,8.4557,8.694355964660645
08100502420,house,7,8.6332,8.888460159301758
08101000038,house,7,9.2544,9.067081451416016
08101400184,house,7,9.6053,9.032727241516113
08101700625,house,7,8.9929,9.018814086914062
08102402318,house,7,9.0749,9.312616348266602
08102500255,house,7,9.1324,9.107258796691895
08104000667,house,7,9.2909,9.087167739868164
08104200951,house,7,9.0632,9.2406644821167
08105400049,house,7,8.9522,8.999347686767578
08105400057,house,7,9.095,8.944013595581055
08105600129,house,7,9.4778,9.033517837524414
08105600145,house,7,9.4151,9.103874206542969
08106000461,house,7,9.1684,9.165579795837402
08107000013,house,7,9.1592,9.027070999145508
08107700155,house,7,8.9008,8.950235366821289
08108300304,house,0,8.9395,8.680217742919922
08108700620,house,0,9.3943,8.892587661743164
08108800609,house,0,9.1281,8.820085525512695
08108801125,house,0,8.948,8.786829948425293
08108900220,house,0,9.2161,9.026493072509766
08110700144,house,7,8.9439,9.078472137451172
08110800084,house,7,9.1965,9.01552963256836
08111400330,house,0,9.5153,8.96389389038086
08112900108,house,0,8.6603,9.032181739807129
08113000089,house,0,8.7601,9.021454811096191
08113800948,house,0,9.5353,9.048129081726074
08114200332,house,7,9.5864,9.011078834533691
08114900083,house,0,9.3097,9.144937515258789
08115700436,house,0,9.159,8.754173278808594
08115700444,house,0,9.2053,8.762948989868164
08115900291,house,0,9.5917,9.249953269958496
08117400741,house,0,9.0493,9.094284057617188
08117600031,house,0,9.4961,9.03754997253418
08117600161,house,0,9.0776,8.978764533996582
08117700131,house,0,9.5165,9.16812515258789
08118100189,house,7,9.6973,8.992886543273926
08118200337,house,7,9.4523,9.23084831237793
08118200531,house,7,9.4968,9.296520233154297
08118300161,house,7,8.9736,8.999479293823242
08118400018,house,7,8.5586,9.035273551940918
08119600142,house,0,9.579,9.305316925048828
08120600606,house,0,9.2951,8.947554588317871
08120700759,house,0,9.2793,8.92642879486084
08121200059,house,0,9.4985,9.020675659179688
08121500621,house,0,9.159,8.864511489868164
08124200645,house,0,9.4047,9.1773042678833
08124900175,house,0,8.8153,9.17430591583252
08126100011,house,0,9.0351,9.118038177490234
08126100109,house,0,8.8273,8.954259872436523
08126200774,house,0,9.1203,9.0722074508667
08126400412,house,0,9.6477,8.986104965209961
08127000310,house,7,8.6756,9.04690933227539
08127100226,house,0,9.6385,8.989274024963379
08127100234,house,0,9.6566,8.895660400390625
08127400084,house,0,9.2724,9.032885551452637
08127400459,house,0,8.6179,8.656779289245605
08127600202,house,0,8.8849,8.791119575500488
08128200747,house,0,9.3741,9.065176963806152
08128700219,house,0,9.0768,9.019713401794434
08129100411,house,0,8.9043,9.149665832519531
08129300257,house,7,9.1766,9.149652481079102
08130100088,house,0,9.2263,8.886183738708496
08130100576,house,0,9.4335,8.913192749023438
08130800284,house,0,9.2143,9.040937423706055
08131500756,house,0,8.9429,9.071895599365234
08131800156,house,0,9.0242,8.74574089050293
08132000102,house,0,7.824,9.056321144104004
08132000862,house,0,9.0926,8.87017822265625
08132001801,house,0,9.2639,8.976765632629395
08132002423,house,0,9.417,8.829874992370605
08133000122,house,7,8.7721,9.083070755004883
08133200512,house,7,9.4786,9.22513198852539
08133200598,house,7,9.6044,9.185284614562988
08133400155,house,7,9.6158,9.247944831848145
08133400562,house,7,9.097,9.059432029724121
08133600235,house,7,8.4791,8.967826843261719
08133700418,house,7,9.2262,9.026029586791992
08133800811,house,0,9.4773,8.861720085144043
08134200397,house,0,9.5259,8.916630744934082
08134200885,house,0,9.1504,8.845671653747559
08134700071,house,0,8.8782,9.080253601074219
08134900445,house,0,9.4565,8.914421081542969
08135103281,house,0,9.5799,9.346050262451172
08136801002,house,0,8.7824,9.21334457397461
08216100035,house,7,8.8049,8.902759552001953
08216300069,house,7,9.0478,8.964677810668945
08218100563,house,7,8.6627,8.655534744262695
08218200304,house,7,8.1572,8.758648872375488
08220100265,house,7,8.132,8.23228645324707
08221300039,house,7,8.3349,8.8052978515625
08235800470,house,8,8.3096,8.939598083496094
08236000771,house,8,7.9364,8.654918670654297
08236800172,house,8,8.9345,9.010231018066406
08236900320,house,8,8.8823,9.007477760314941
08242500312,house,6,8.6462,8.94615364074707
08242500320,house,6,8.6462,8.89429759979248
08242600041,house,6,8.5876,8.793632507324219
08243800476,house,6,9.1884,8.823858261108398
08244100176,house,6,9.2591,9.053703308105469
08244200413,house,6,7.7821,8.960622787475586
08244201290,house,6,8.6072,8.670211791992188
08245000426,house,7,7.9518,8.550294876098633
08245009768,house,7,8.3261,8.580646514892578
08245700975,house,7,8.4164,8.42514705657959
08245800937,house,8,8.1007,7.8919572830200195
08245801798,house,8,8.1807,8.475224494934082
08250100409,house,6,8.5354,8.706632614135742
08250200268,house,6,8.8168,8.6415376663208
08251000351,house,7,7.6711,8.024068832397461
08251900220,house,8,8.649,8.648273468017578
08251900484,house,8,8.6775,9.065133094787598
08256100265,house,8,8.5419,8.776529312133789
08256200758,house,8,8.8076,8.890501022338867
08256600365,house,8,8.3517,8.745973587036133
08260400375,house,8,8.4175,9.105891227722168
08260600544,house,8,8.8296,8.887258529663086
08260800233,house,8,8.5972,9.013668060302734
08261100261,house,8,8.8268,9.067817687988281
08261300013,house,8,9.2692,9.003133773803711
08261400220,house,8,8.5419,8.793911933898926
08262800230,house,8,8.3289,8.507257461547852
08263100402,house,8,8.0581,8.642353057861328
08263100461,house,8,8.1178,8.697967529296875
08263700132,house,8,8.1176,8.547595977783203
08302400084,house,0,9.2442,8.869561195373535
08302500208,house,0,8.9437,8.811084747314453
08304400529,house,0,9.1458,8.898974418640137
08307500109,house,0,8.9334,8.981650352478027
08309200196,house,0,9.4913,9.312528610229492
08309500149,house,0,9.4617,9.090373039245605
08313100133,house,0,9.6522,8.867942810058594
08317401235,house,0,9.4848,8.973404884338379
08317401510,house,0,9.1413,8.605506896972656
08318700627,house,6,8.8049,9.228196144104004
08319400562,house,6,9.6878,9.187301635742188
08320000602,house,6,9.3937,9.280600547790527
08320100712,house,6,9.4088,9.269634246826172
08320200652,house,0,9.498,8.847071647644043
08320500699,house,0,9.2512,8.942146301269531
08320500737,house,0,9.6296,8.685723304748535
08321200699,house,0,9.1735,9.030023574829102
08321200801,house,0,8.9717,8.74142074584961
08400900030,house,6,8.5755,8.905460357666016
08400900138,house,6,8.5916,9.05720329284668
08401000238,house,6,8.7183,9.016002655029297
08402500048,house,6,9.104,8.753060340881348
08402800221,house,6,8.8398,9.04367733001709
08403600062,house,6,9.4419,8.882369041442871
08403700016,house,6,9.268,9.06260871887207
08404000123,house,6,9.0179,9.025964736938477
08404500150,house,6,8.7818,9.177709579467773
08405300066,house,6,8.9929,9.125475883483887
08407600288,house,6,9.596,9.04180908203125
08420100048,house,6,7.8785,8.865705490112305
08420800058,house,6,8.6995,8.816478729248047
08421100297,house,6,8.383,8.736458778381348
08421200208,house,6,8.7082,8.9031343460083
08421500333,house,6,9.2867,9.231929779052734
08427300085,house,6,8.9177,8.787885665893555
08427500191,house,6,7.4988,8.854925155639648
08500100273,house,6,9.4047,8.980226516723633
08500400366,house,6,8.8976,8.844730377197266
08500400552,house,6,9.2523,8.765164375305176
08500501014,house,6,8.5703,8.693111419677734
08500501278,house,6,8.3462,8.694665908813477
08500800860,house,6,8.1605,8.629415512084961
08502000209,house,6,7.4816,8.856477737426758
08502600801,house,6,9.2849,8.915436744689941
08502700332,house,6,9.1233,8.865047454833984
08504000435,house,6,8.5172,8.923059463500977
08504200620,house,6,8.9316,8.962080001831055
08505300181,house,6,9.1233,8.962239265441895
08505600460,house,6,8.3688,8.715741157531738
08505700457,house,6,7.824,9.021795272827148
08506400562,house,6,8.5952,8.764472961425781
08507900097,house,6,8.7796,8.894342422485352
08507900267,house,6,9.1188,9.01156997680664
08509700346,house,6,8.6558,8.963399887084961
08511300341,house,6,9.2883,8.967691421508789
08512000848,house,6,9.3506,8.979150772094727
08512300477,house,6,8.0652,8.916764259338379
08512700173,house,6,9.0086,8.854019165039062
08513100722,house,6,9.2455,9.244344711303711
08513200425,house,6,8.3994,8.884073257446289
08513500267,house,6,9.2922,8.958572387695312
08514300091,house,6,9.5205,9.069881439208984
08514400533,house,6,9.4612,8.828397750854492
08515400413,house,6,8.7891,8.823883056640625
08515600293,house,6,9.567,8.922120094299316
08516400549,house,6,9.1203,8.768465042114258
08517000439,house,6,8.9932,8.835013389587402
08518400384,house,6,9.4133,9.01697063446045
08518500273,house,6,8.7326,9.153888702392578
08519400345,house,6,8.8247,8.759271621704102
08519400388,house,6,8.9798,8.75899887084961
08519400426,house,6,8.6815,8.711776733398438
08519400507,house,6,8.5817,8.787017822265625
08523000550,house,6,8.9544,8.844817161560059
08527800039,house,6,9.3355,8.815670013427734
08528700305,house,6,8.8993,8.818038940429688
08529100360,house,6,9.5157,9.038923263549805
08529100484,house,6,8.6279,8.98109245300293
08530500301,house,6,8.837,8.880105018615723
08530700058,house,6,8.7182,8.939376831054688
08531300231,house,6,8.8725,9.111030578613281
08532100473,house,6,8.4679,9.135086059570312
08532100503,house,6,8.9976,9.213278770446777
08532200443,house,6,8.9758,9.082738876342773
08543400716,house,6,8.3664,8.76528263092041
08543500508,house,6,8.3376,9.103856086730957
08543700140,house,6,8.5172,8.820932388305664
08543800013,house,6,8.4181,8.902204513549805
08543800021,house,6,8.898,8.90938663482666
08548400226,house,6,8.6995,8.882696151733398
08549500437,house,6,8.4302,8.952112197875977
08555000114,house,6,8.8081,8.93787956237793
08556100015,house,6,7.8924,8.58835506439209
08557400349,house,6,8.9941,8.590139389038086
08557600151,house,6,9.1215,8.921564102172852
08558901376,house,6,8.7165,8.692550659179688
08559300031,house,6,9.476,8.99136734008789
08561100451,house,6,9.4486,8.814477920532227
08561100486,house,6,9.6273,8.879950523376465
08561400943,house,6,9.1233,8.96218490600586
08563200240,house,6,8.9022,8.905943870544434
08563200291,house,6,8.8624,9.013219833374023
08564600447,house,6,8.2444,8.537300109863281
08564700492,house,6,8.6524,8.683110237121582
08564900191,house,6,8.5564,8.738456726074219
08566500539,house,6,9.2512,8.770011901855469
08601600492,house,6,8.5755,8.897180557250977
08601900917,house,6,9.5358,9.163068771362305
08603800529,house,6,8.9717,8.88582992553711
08603900140,house,6,8.5904,8.598258972167969
08604301186,house,6,9.4409,8.887535095214844
08604500189,house,6,9.4216,8.742547988891602
08608000180,house,6,8.8672,9.030986785888672
08608400138,house,6,8.9227,8.975069046020508
08608600137,house,6,8.5172,8.986474990844727
08610200361,house,6,9.2431,8.870330810546875
08610200442,house,6,9.3669,8.762216567993164
08613500730,house,6,8.3994,8.752592086791992
08615200068,house,6,8.4721,8.746335983276367
08615300501,house,6,8.5172,8.577692031860352
08616900128,house,6,8.2008,8.501375198364258
08617000538,house,6,8.2135,8.673480033874512
08617000554,house,6,8.2484,8.726058959960938
08617200472,house,6,8.9529,8.686246871948242
08617300329,house,6,8.8296,8.837736129760742
08618200281,house,6,8.449,8.680383682250977
08623300122,house,6,8.3602,8.760401725769043
08623300149,house,6,8.9,8.811053276062012
08624200288,house,6,8.7598,8.637487411499023
08624400465,house,6,8.408,8.709754943847656
08624700345,house,6,8.8739,8.606351852416992
08626600445,house,6,8.6744,8.611143112182617
08627000123,house,6,8.9899,8.840331077575684
08627200297,house,6,8.2884,8.721651077270508
08627908877,house,6,8.2922,8.609124183654785
08627909008,house,6,8.2551,8.486305236816406
08628200398,house,6,9.2704,9.016353607177734
08628900454,house,6,8.2824,8.769777297973633
08628900462,house,6,8.297,8.755943298339844
08628900934,house,6,8.5627,8.747783660888672
08630000449,house,6,9.4103,8.719676971435547
08633800446,house,6,8.2421,8.81113052368164
08635700661,house,6,8.465,8.845362663269043
08638500017,house,6,8.6335,8.819428443908691
08638800177,house,6,8.6066,8.712440490722656
08638900211,house,6,8.7528,8.82686996459961
08640400131,house,6,8.2295,8.744973182678223
08641100156,house,6,8.9994,8.632402420043945
08641300392,house,6,8.4798,8.538769721984863
08641700250,house,6,8.949,8.84139633178711
08641700498,house,6,8.422,8.55373477935791
08641800255,house,6,8.4856,8.483941078186035
08641800433,house,6,8.6287,8.672782897949219
08641900233,house,6,8.2585,8.47240161895752
08642100516,house,6,9.0205,9.031679153442383
08643300144,house,6,8.1229,8.699121475219727
08705200075,house,2,8.1548,8.478496551513672
08706100279,house,2,8.1678,8.375454902648926
08706100325,house,2,7.8145,8.225589752197266
08707200250,house,2,8.3516,8.57589340209961
08708300062,house,2,8.4144,8.71331787109375
08709000151,house,2,9.5058,8.930591583251953
08709000186,house,2,8.9767,9.011889457702637
08709202021,house,2,9.3786,8.772745132446289
08709800069,house,2,9.2922,8.755044937133789
08710900241,house,6,8.534,8.63512897491455
08711500182,house,6,8.5972,8.702871322631836
08711600144,house,6,8.9656,8.643062591552734
08711600268,house,6,9.3774,8.994070053100586
08712100072,house,6,8.7163,8.847691535949707
08712800473,house,6,8.5172,8.852806091308594
08712900265,house,6,8.3656,8.658717155456543
08713800051,house,6,9.6854,8.996724128723145
08713800361,house,6,9.0533,8.779082298278809
08713800434,house,6,8.9067,8.494999885559082
08714000261,house,6,8.5972,8.740801811218262
08716100621,house,6,8.5172,8.624560356140137
08717300177,house,6,9.0006,8.646265029907227
08718100406,house,6,8.7734,8.516550064086914
08720900546,house,2,8.7993,8.800535202026367
08722300287,house,6,8.8087,8.530134201049805
08722700153,house,2,8.7403,8.40993595123291
08726200287,house,2,8.1057,8.29448127746582
08726200597,house,2,8.7035,8.693992614746094
08728201280,house,2,8.6319,8.468334197998047
08730000793,house,2,8.4795,8.759689331054688
08730100968,house,2,8.7601,8.888669967651367
08730300282,house,2,8.491,8.59941577911377
08731200214,house,2,9.2686,8.999414443969727
08732001517,house,2,8.8673,8.575657844543457
08732001592,house,2,8.8339,8.583992004394531
08733200378,house,2,8.2833,8.450217247009277
08733900681,house,2,9.4565,8.822338104248047
08734500596,house,2,8.9186,8.424397468566895
08734700341,house,2,9.408,8.504358291625977
08735700033,house,8,9.4598,9.030771255493164
08736000299,house,2,8.5172,8.624237060546875
08736400335,house,2,8.7323,8.651016235351562
08737000217,house,6,9.0224,8.735326766967773
08737100173,house,6,8.5888,8.888404846191406
08737300717,house,6,9.5076,9.166805267333984
08737300725,house,6,9.5332,9.166805267333984
08737500309,house,2,8.948,9.12975025177002
08737500538,house,2,9.3623,9.23337173461914
08737500562,house,2,9.3244,9.216176986694336
08737500589,house,2,9.1196,9.231818199157715
08737600281,house,2,8.4537,8.49234676361084
08737600567,house,2,8.392,8.370561599731445
08737601571,house,2,9.2146,8.811322212219238
08737901273,house,2,8.8768,8.474699020385742
08737901435,house,2,9.1207,8.56894588470459
08737902271,house,2,9.6055,8.709283828735352
08737902490,house,2,8.7714,8.823320388793945
08737902581,house,2,9.0027,8.788686752319336
08740200396,house,2,8.5007,8.479620933532715
08740900551,house,2,8.5023,8.602334022521973
08741300191,house,2,8.7062,8.633343696594238
08743800564,house,8,8.207,8.759075164794922
08743800793,house,8,8.2613,8.720588684082031
08745500975,house,2,8.8273,8.567975997924805
08745500983,house,2,9.0612,8.61813735961914
08747500018,house,2,8.4813,8.494295120239258
08800100279,house,2,8.5637,8.486947059631348
08800400426,house,2,8.5124,7.976337432861328
08800800254,house,2,8.2594,8.428431510925293
08803600175,house,2,7.7564,8.79420280456543
08803700382,house,2,8.9117,8.619396209716797
08805800384,house,6,8.4299,8.816658973693848
08806100181,house,6,8.9077,9.014352798461914
08806100432,house,6,8.6742,8.81259536743164
08806100556,house,6,8.0383,8.842543601989746
08807000369,house,6,8.6792,8.765750885009766
08808300137,house,6,9.3941,8.811174392700195
08808400123,house,6,8.8018,8.799079895019531
08808500055,house,2,8.8924,8.659692764282227
08808600114,house,2,8.7102,8.730052947998047
08808700161,house,2,9.4625,8.669051170349121
08808800644,house,2,8.8069,8.708301544189453
08809000455,house,2,8.7325,8.527999877929688
08809100484,house,2,8.3418,8.703813552856445
08809100638,house,2,9.4428,8.831624984741211
08809700511,house,2,9.3445,8.5656099319458
08809700635,house,2,9.3039,8.919206619262695
08809800311,house,2,8.9647,8.620908737182617
08810100174,house,2,8.1117,8.55562973022461
08811100275,house,2,9.2573,8.888980865478516
08811100305,house,2,9.3017,8.889333724975586
08812000101,house,2,8.7997,8.681014060974121
08812200354,house,2,9.559,8.868017196655273
08812300324,house,2,9.1465,8.67507266998291
08813600291,house,2,8.606,8.494037628173828
08814400539,house,2,9.4486,8.603397369384766
08814400611,house,2,9.0776,8.676606178283691
08814400921,house,2,9.0672,8.987970352172852
08815400133,house,2,8.9872,8.890722274780273
08815700048,house,2,8.9815,8.581110000610352
08815801936,house,2,8.2736,8.443559646606445
08815802746,house,2,8.6078,8.487257957458496
08815805060,house,2,8.8339,8.470321655273438
08815805117,house,2,9.3878,8.534662246704102
08815819711,house,2,8.4817,8.647613525390625
08815820132,house,2,9.0321,8.812118530273438
08817018929,house,2,9.242,8.790738105773926
08817018961,house,2,9.0793,8.818601608276367
08818200232,house,2,8.8658,8.453132629394531
08819000202,house,2,8.807,8.558671951293945
08819300656,house,2,8.9081,8.384843826293945
08819300672,house,2,8.974,8.499753952026367
08820300443,house,2,8.3792,8.485137939453125
08821000168,house,2,8.1281,8.357316970825195
08821100359,house,2,9.15,9.016097068786621
08821400281,house,6,8.5723,9.013806343078613
08821400425,house,6,9.1133,9.005874633789062
08821400441,house,6,9.3755,9.046527862548828
08821500527,house,6,8.6494,8.882659912109375
08821600386,house,6,8.7279,8.63156795501709
08822800338,house,6,8.9753,9.128890991210938
08823200113,house,2,8.9385,8.650126457214355
08825000227,house,2,8.5332,8.484110832214355
08825100280,house,2,8.1855,8.258800506591797
08825900422,house,2,9.4214,8.647208213806152
08825900953,house,2,9.5951,8.717595100402832
08826500126,house,2,8.9235,8.534066200256348
08826501661,house,2,8.4617,8.306146621704102
08826504695,house,2,9.3719,8.848054885864258
08826701768,house,2,9.2378,8.944486618041992
08827500170,house,2,7.7385,8.69703197479248
08827900551,house,6,9.356,9.168535232543945
08828900148,house,2,8.7337,8.496818542480469
08829800031,house,2,8.1436,8.506044387817383
08829800341,house,2,8.4229,8.229630470275879
08829801895,house,2,9.1473,8.528596878051758
08829802204,house,2,8.9446,8.341514587402344
08829802379,house,2,8.6386,8.489871978759766
08900200127,house,6,8.5072,8.513799667358398
08901500302,house,6,8.7248,8.716286659240723
08901600676,house,6,8.2401,8.217995643615723
08902300242,house,6,7.8649,8.038683891296387
08902300447,house,6,8.3182,8.43415355682373
08902700461,house,6,8.0182,8.321319580078125
08903100026,house,2,8.6178,8.308650970458984
08903200438,house,2,8.5316,8.418706893920898
08903500067,house,2,9.0725,8.57086181640625
08903500199,house,2,8.3158,8.196099281311035
08903600460,house,2,8.4011,8.50499153137207
08903900944,house,6,8.4206,8.2694673538208
08904202809,house,6,7.7156,8.180499076843262
08907000417,house,2,8.7213,8.753228187561035
08907000441,house,2,8.674,8.75209903717041
08907200351,house,2,8.5906,8.361052513122559
08907301530,house,2,8.9635,8.671567916870117
08908500200,house,2,8.2144,8.406911849975586
08910000201,house,2,8.4678,8.101141929626465
08910200901,house,2,8.0225,8.346723556518555
08911000485,house,2,8.341,7.89304780960083
08911100714,house,2,8.3101,7.890408039093018
08911300251,house,2,8.5355,8.10723876953125
08912200836,house,2,8.2894,8.425370216369629
08912400061,house,1,8.1951,8.395684242248535
08912400428,house,1,8.7932,8.366522789001465
08913600544,house,1,8.4527,8.220993041992188
08915800354,house,2,7.7901,8.105293273925781
08916700604,house,2,7.8717,8.555334091186523
08917200125,house,2,8.0943,8.217754364013672
08917200281,house,2,7.753,8.26761245727539
08917500481,house,2,7.6009,7.952892303466797
08917900690,house,2,7.4525,8.251126289367676
08918600305,house,2,7.8345,8.070100784301758
08918700806,house,2,7.9877,8.423501968383789
08919600317,house,2,8.2721,8.311653137207031
08920200041,house,2,8.0472,8.332249641418457
08920500177,house,1,8.363,8.60136604309082
08921500553,house,2,8.2195,8.112272262573242
08921500561,house,2,8.2118,8.148685455322266
08922000902,house,2,8.3746,8.14493465423584
08923500224,house,2,8.1751,8.234183311462402
08923800351,house,2,8.1672,7.955977439880371
08926100138,house,2,7.4418,7.862884044647217
08927900693,house,1,8.4118,8.344690322875977
08929300693,house,1,8.4764,8.203990936279297
08930500730,house,1,8.0583,8.4056396484375
08932500665,house,1,8.3837,8.265270233154297
08933500510,house,1,8.3536,8.450206756591797
08933900020,house,1,8.1197,7.976273059844971
08934000406,house,1,8.0448,8.372846603393555
08934200618,house,1,8.558,8.469310760498047
08935000061,house,2,7.744,8.016321182250977
08935200484,house,2,7.9464,8.631643295288086
08935400361,house,2,7.8389,8.151330947875977
08936800191,house,6,8.5172,8.508801460266113
08937500213,house,6,8.4231,8.237489700317383
08937700344,house,6,8.9897,8.655511856079102
08937800349,house,6,8.291,8.351909637451172
08937900254,house,6,8.2039,8.69651985168457
08938000451,house,6,8.4193,8.49679183959961
08938100261,house,6,8.0919,8.323381423950195
08938100294,house,6,8.1347,8.39083194732666
08938200213,house,6,8.3349,8.282611846923828
08938300315,house,6,8.6912,8.448108673095703
08939000250,house,6,8.5806,8.473871231079102
08939800346,house,6,8.8739,8.516744613647461
08939900251,house,2,8.5284,8.475269317626953
08941600359,house,6,8.3559,8.21469783782959
08941600741,house,6,8.5419,8.338823318481445
08941700426,house,6,8.1728,8.250787734985352
08942200461,house,6,8.1963,8.143470764160156
08942300431,house,6,8.2972,8.128519058227539
08942400191,house,2,7.9111,8.334922790527344
08942900461,house,6,8.2359,8.125551223754883
08942900569,house,6,8.3021,8.251066207885742
08943300352,house,6,8.7829,8.432536125183105
08943400357,house,1,8.6048,8.283239364624023
08943700091,house,1,7.5793,7.802750587463379
08944500924,house,1,7.8948,7.960787296295166
08944900779,house,1,7.7517,7.867971420288086
08946800445,house,6,8.4659,8.244682312011719
08947300233,house,6,8.2177,8.410643577575684
08947600644,house,6,7.4538,7.850090980529785
08948400681,house,6,7.9866,8.123363494873047
08948800310,house,6,7.6843,8.280776977539062
08948800485,house,6,8.2744,8.311311721801758
08949600285,house,2,7.8964,8.071311950683594
08949800306,house,2,8.2108,8.10997200012207
08951500047,house,6,8.3328,8.385772705078125
08951500136,house,6,8.5817,8.539650917053223
08951600831,house,6,8.183,8.080710411071777
08951800377,house,2,7.9866,8.01799488067627
08952800389,house,2,7.9904,8.2228422164917
08954200540,house,1,8.3969,8.0651216506958
08954400248,house,1,8.3489,8.192914962768555
08955600119,house,2,8.6375,8.277620315551758
08955700040,house,2,8.5769,8.649024963378906
08956300399,house,1,8.2314,7.9328460693359375
08956300496,house,1,8.3926,8.16743278503418
08956300569,house,1,8.2928,7.851141929626465
08956300577,house,1,8.2742,7.836153984069824
08956901041,house,1,7.9417,8.144878387451172
08956901287,house,1,8.3666,8.332366943359375
08957001549,house,2,8.6748,8.557700157165527
09002500157,house,2,8.9692,8.688434600830078
09002600534,house,2,8.4462,8.235797882080078
09002700121,house,2,8.6862,8.582618713378906
09002700369,house,2,8.9327,8.669839859008789
09003800405,house,2,8.2515,8.601895332336426
09003800928,house,2,8.4559,8.798219680786133
09003801142,house,2,9.684,8.722583770751953
09004500111,house,2,8.2845,8.457408905029297
09004800131,house,2,8.2199,8.441237449645996
09005000724,house,2,8.7354,8.677518844604492
09005200685,house,2,8.0411,8.059431076049805
09005300795,house,2,7.9353,8.041086196899414
09005301325,house,2,7.8013,8.302118301391602
09005400821,house,2,8.4068,8.385729789733887
09005400862,house,2,8.46,8.424083709716797
09006001147,house,2,8.4512,8.39976978302002
09006100137,house,2,9.3475,8.22896957397461
09006100633,house,2,9.4475,8.52963924407959
09006100994,house,2,9.3612,8.221139907836914
09006101001,house,2,9.0394,8.22439193725586
09006101011,house,2,8.901,8.20615005493164
09006500259,house,2,8.8049,8.131139755249023
09006800481,house,2,8.5965,8.433460235595703
09008400081,house,2,8.3102,8.373031616210938
09009000011,house,2,8.6875,8.228292465209961
09009100103,house,2,8.4544,8.532087326049805
09009600874,house,2,8.242,8.287769317626953
09009800490,house,2,7.9877,8.056316375732422
09009800571,house,2,8.5361,8.35789680480957
09010100162,house,2,8.8739,8.541987419128418
09010100545,house,2,8.5172,8.377116203308105
09010200159,house,2,8.5361,8.573429107666016
09010200833,house,2,8.3115,8.250751495361328
09011000161,house,2,8.7072,8.55159854888916
09012600340,house,2,8.5985,8.658538818359375
09013200079,house,2,7.7634,8.325614929199219
09013600530,house,2,7.8841,8.770509719848633
09013600557,house,2,8.395,8.777019500732422
09013600565,house,2,8.9476,8.772981643676758
09014700229,house,2,8.6077,8.43589973449707
09015600449,house,2,8.8133,8.79177474975586
09015600491,house,2,8.9746,8.786721229553223
09015700389,house,2,8.9674,8.830878257751465
09015800340,house,2,7.8465,8.373332023620605
09016300406,house,2,8.1837,8.328165054321289
09016300465,house,2,8.2163,8.336469650268555
09017700777,house,2,8.8035,8.206796646118164
09017800399,house,2,8.5172,8.244065284729004
09017800461,house,2,8.4997,8.288223266601562
09019800043,house,2,8.7355,8.405496597290039
09019800175,house,2,8.6006,8.48421573638916
09020100289,house,2,9.0149,8.427001953125
09020300040,house,2,8.8739,8.717731475830078
09020700235,house,2,8.7432,8.120134353637695
09020800280,house,2,8.9362,8.30158805847168
09020900366,house,2,9.3116,8.67136001586914
09021200112,house,2,8.5791,8.531197547912598
09021400308,house,2,8.4727,8.484128952026367
09021400316,house,2,8.0937,8.29646110534668
09021700271,house,2,8.5751,8.15605354309082
09021800731,house,2,8.297,8.197090148925781
09021800853,house,2,8.4596,8.212799072265625
09022000060,house,2,8.496,8.537277221679688
09022600424,house,2,8.8155,8.424017906188965
09023400038,house,2,9.0635,8.573065757751465
09023500113,house,2,9.105,8.684977531433105
09029900644,house,2,8.2189,8.644458770751953
09029900660,house,2,8.3961,8.649561882019043
09029900709,house,2,8.4668,8.653671264648438
09030900210,house,2,8.7791,8.338149070739746
09031300268,house,2,8.3117,8.463542938232422
09032800825,house,2,8.6797,8.478170394897461
09033400294,house,2,8.1924,8.459006309509277
09033500256,house,2,8.2421,8.153799057006836
09034000443,house,2,8.0427,8.170156478881836
09034202232,house,2,8.7651,8.666603088378906
09034202267,house,2,8.6507,8.670998573303223
09034600221,house,2,7.902,8.258674621582031
09035201752,house,2,8.3939,8.490478515625
09035300696,house,2,9.0768,8.554503440856934
09036000254,house,2,8.5101,8.26240348815918
09037000355,house,2,8.4656,8.248980522155762
09037400337,house,2,8.4241,8.088349342346191
09037900542,house,2,7.8602,8.321568489074707
09037900666,house,2,9.0067,8.575759887695312
09037901001,house,2,8.8495,8.826592445373535
09038100345,house,2,7.9576,8.212329864501953
09038400268,house,2,8.8302,8.498126983642578
09038901038,house,2,8.6429,8.32624340057373
09039400180,house,2,8.4047,8.307302474975586
09039800316,house,2,7.6827,8.248333930969238
09039900401,house,2,8.6832,8.391334533691406
09040100608,house,2,7.9041,8.319669723510742
09040800189,house,2,8.7932,8.15565013885498
09041800451,house,2,8.7765,8.55686092376709
09042301090,house,2,8.2751,8.021328926086426
09042600365,house,2,8.6226,8.411580085754395
09042600934,house,2,8.3808,8.167864799499512
09043300251,house,2,8.7796,8.62370777130127
09043500402,house,2,7.7832,8.035786628723145
09043600180,house,2,7.8685,8.566123008728027
09044401157,house,2,8.7948,8.587692260742188
09045000059,house,2,9.2103,8.638497352600098
09045900191,house,2,8.4112,8.192909240722656
09045900297,house,2,8.3136,8.340988159179688
09046801691,house,2,9.2904,8.743497848510742
09047000013,house,2,8.6836,8.296743392944336
09047400224,house,2,8.8136,8.619300842285156
09047500032,house,2,8.5824,8.477140426635742
09047901231,house,2,9.6641,9.02090835571289
09047902300,house,2,8.8334,8.928536415100098
09048200016,house,2,9.0382,8.449858665466309
09048200040,house,2,9.08,8.530582427978516
09048200271,house,2,8.2614,8.1644868850708
09100400076,house,1,9.0435,8.058778762817383
09103900541,house,2,7.7892,8.252985000610352
09104200152,house,2,8.0064,8.242668151855469
09104200292,house,2,7.9187,8.121505737304688
09106000797,house,1,8.3517,8.047920227050781
09106000851,house,1,8.4291,8.238064765930176
09106200516,house,1,7.792,8.125226974487305
09106301029,house,1,7.7379,7.60428524017334
09106801323,house,2,8.3349,8.484981536865234
09108800235,house,2,8.4118,8.544241905212402
09109600728,house,2,8.4159,8.141233444213867
09110000615,house,2,7.7142,8.11768627166748
09110200401,house,2,8.2623,8.259696960449219
09110200444,house,2,8.4326,8.404182434082031
09110500685,house,2,8.2439,8.312406539916992
09112901091,house,2,8.0348,8.619897842407227
09112901105,house,2,7.7719,8.180191040039062
09112901318,house,2,8.1007,8.336395263671875
09113200070,house,2,7.9294,8.30645751953125
09113700375,house,2,8.088,8.066324234008789
09117500257,house,2,8.503,8.049908638000488
09118200508,house,2,7.5117,8.002716064453125
09119600542,house,2,8.1375,8.554805755615234
09120400381,house,2,8.0208,7.826568126678467
09120600348,house,2,8.6133,8.296760559082031
09120700547,house,2,8.4449,8.450908660888672
09121400229,house,2,8.596,8.726537704467773
09122600302,house,2,8.4925,8.423264503479004
09123100699,house,2,8.0317,8.17631721496582
09124700622,house,2,7.7619,8.024476051330566
09124800635,house,2,8.2472,8.203828811645508
09127100553,house,2,8.4302,8.289712905883789
09127300137,house,2,7.9098,7.878751754760742
09127500071,house,2,8.1801,8.21007251739502
09128000234,house,2,7.824,7.8883585929870605
09129600057,house,2,8.312,8.337787628173828
09130000742,house,2,7.7091,8.071378707885742
09130100062,house,2,7.8579,7.663143157958984
09130300347,house,2,7.8869,7.756857872009277
09131400078,house,2,8.1845,8.252776145935059
09131600263,house,2,8.4717,8.572023391723633
09131800254,house,2,8.0754,8.11662483215332
09132000022,house,2,8.7796,8.889945030212402
09132801351,house,2,8.3395,8.391586303710938
09133200033,house,1,8.5172,8.281001091003418
09133800189,house,2,7.8716,8.152216911315918
09133800367,house,2,7.9028,8.138895034790039
09134100318,house,2,7.8977,8.178040504455566
09134500766,house,2,7.6089,8.170398712158203
09135700130,house,2,8.3018,8.09598159790039
09136100234,house,2,8.203,8.227045059204102
09137000225,house,1,8.0064,7.6949310302734375
09137300520,house,1,8.7601,8.375396728515625
09138200104,house,2,7.7851,8.21326732635498
09138900130,house,1,8.4482,8.237921714782715
09139100138,house,2,8.2183,8.462867736816406
09140300765,house,2,8.1942,8.370729446411133
09144700237,house,2,8.1281,8.196767807006836
09157000212,house,2,8.2261,8.375259399414062
09158600140,house,2,8.1917,8.085186004638672
09301800284,house,2,8.5564,8.365745544433594
09304400503,house,2,8.6042,8.710976600646973
09304400511,house,2,9.0637,8.71284294128418
09305300847,house,2,8.4566,8.482219696044922
09308900837,house,2,8.7623,8.59253978729248
09309300132,house,2,8.3315,8.305818557739258
09312201034,house,2,8.5557,8.45840072631836
09400200021,house,2,7.8517,7.615062713623047
09408400453,house,2,8.0864,8.355692863464355
09408900261,house,2,8.1117,8.254281997680664
09409600243,house,2,7.8393,8.020759582519531
09411601170,house,2,7.6009,7.757750511169434
09413100810,house,2,8.657,8.394309997558594
09414401652,house,2,8.3214,8.290037155151367
09414402195,house,2,8.2428,8.018775939941406
09415200774,house,2,8.3248,8.442822456359863
09415400072,house,2,7.5056,8.131335258483887
09416601438,house,2,8.5644,8.472482681274414
09418100304,house,2,8.2428,8.14114761352539
09419500845,house,2,8.2824,8.341657638549805
09422400325,house,2,7.4986,8.049270629882812
09424000316,house,2,8.4302,8.340776443481445
09425100179,house,2,8.4966,8.736482620239258
09500500231,house,2,8.5208,8.085619926452637
09503303788,house,2,8.9554,8.58008861541748
09505100124,house,2,8.8655,8.311681747436523
09506300046,house,2,7.998,7.759764671325684
09506700168,house,2,7.7287,8.074463844299316
09506900590,house,2,8.2247,8.09118938446045
09507200088,house,2,8.5841,8.161672592163086
09507400125,house,2,9.1188,8.587671279907227
09507600167,house,2,7.3416,8.135812759399414
09507700609,house,2,8.2898,8.190058708190918
09507700633,house,2,8.3619,8.405473709106445
09508000041,house,2,7.3189,8.222556114196777
09508200057,house,2,8.3774,8.619400978088379
09509200131,house,2,7.9294,8.223775863647461
09509200141,house,2,8.1641,7.899857997894287
09509800041,house,2,7.7753,8.045671463012695
09511400193,house,2,8.2004,8.046308517456055
09513200280,house,2,7.4304,8.217293739318848
09514100050,house,2,8.363,7.942897796630859
09514800192,house,2,9.0246,8.28111457824707
09514900413,house,2,7.9773,8.044965744018555
09516000088,house,2,7.3342,8.183038711547852
09516800017,house,2,8.3296,8.28792953491211
09517400179,house,2,7.3778,8.089597702026367
09519800107,house,2,8.2295,8.282018661499023
09520100113,house,2,8.1382,8.164445877075195
09520500146,house,2,8.894,8.29172420501709
09520600183,house,2,8.5097,8.09156608581543
09520900047,house,2,7.8886,8.192384719848633
09521400315,house,2,8.433,8.025101661682129
09521500204,house,2,8.61,8.247779846191406
09521600284,house,2,9.3759,8.675910949707031
09523600362,house,2,8.3674,8.304868698120117
09524100029,house,2,7.9111,8.290093421936035
09526101741,house,2,8.7403,8.248476028442383
09527101034,house,2,8.0104,8.08680248260498
09527503922,house,2,9.105,8.70242977142334
09527600553,house,2,8.508,8.256869316101074
09527600723,house,2,8.2191,8.00241470336914
09528000770,house,2,8.3662,8.359317779541016
09528700160,house,2,8.1117,8.11048698425293
09530500327,house,2,8.2511,8.297063827514648
09530500378,house,2,7.897,8.231127738952637
09531200378,house,2,7.2009,8.307817459106445
09531500096,house,2,8.5569,8.226492881774902
09531500282,house,2,8.5172,8.413257598876953
09531501289,house,2,8.5172,8.237293243408203
09531900183,house,2,8.8925,8.399105072021484
09533300248,house,2,7.9477,8.23272705078125
09534500135,house,2,8.3848,8.324870109558105
09535200313,house,2,8.276,8.179187774658203
09536000075,house,2,9.075,8.54861831665039
09536500231,house,2,9.4335,9.061832427978516
09537400093,house,2,8.3811,8.209478378295898
09537400263,house,2,8.5322,8.178255081176758
09537700070,house,2,8.6375,8.389050483703613
09539000211,house,2,8.4813,8.495617866516113
09539100437,house,2,8.3442,8.266984939575195
09539700329,house,2,8.8537,8.485807418823242
09539900360,house,2,8.3811,8.388311386108398
09541400299,house,2,9.0672,8.540155410766602
09541500171,house,2,8.6125,8.349934577941895
09544400214,house,2,8.8861,8.54675006866455
09544400486,house,2,8.7905,8.505433082580566
09544400494,house,2,8.5895,8.450947761535645
09600400369,house,7,9.3612,8.832107543945312
09600700044,house,7,9.0852,8.79365348815918
09600700184,house,7,9.6707,8.840289115905762
09600700303,house,7,9.1223,8.87802505493164
09600800359,house,7,9.4864,8.724447250366211
09603500143,house,7,9.578,9.049766540527344
09609600247,house,7,9.6984,9.054084777832031
09609800319,house,7,9.4652,9.118215560913086
09609800335,house,7,9.5462,9.026602745056152
09611500122,house,7,9.3872,9.008880615234375
09611500130,house,7,9.0309,9.039552688598633
09702500427,house,7,8.67,8.766542434692383
09706400338,house,7,8.811,8.883516311645508
09706700404,house,7,8.7962,8.794078826904297
09707500166,house,7,9.1638,8.920547485351562
09707500425,house,7,8.9321,8.811671257019043
09708200451,house,7,8.4916,8.88640022277832
09710500066,house,7,8.6125,8.639547348022461
09800900578,house,7,8.658,8.664739608764648
09801400390,house,7,8.4145,8.559928894042969
09801401230,house,7,8.408,8.754175186157227
09802100803,house,7,7.9984,8.688507080078125
09802500798,house,7,9.0223,8.911661148071289
09802600271,house,7,8.6603,8.959268569946289
09804100010,house,7,7.7778,8.803037643432617
09804500043,house,7,8.6842,8.80282211303711
09804500434,house,7,8.363,8.937345504760742
09804501228,house,7,8.978,8.832599639892578
09804601346,house,7,8.368,8.554998397827148
09806200101,house,7,9.105,8.913690567016602
09806200111,house,7,8.7419,8.886650085449219
09806200624,house,7,8.3065,8.757097244262695
09806600460,house,7,8.5564,8.655011177062988
09902400485,house,7,9.0768,9.00667953491211
09902800769,house,7,8.1399,8.799322128295898
09903800231,house,7,8.0472,8.940254211425781
09903800738,house,7,8.6226,8.950922012329102
09904800375,house,7,8.2324,8.844541549682617
09904900027,house,7,8.645,8.83348560333252
10000100209,house,9,7.7496,8.126288414001465
10000300410,house,9,8.2829,8.130392074584961
10001000471,house,9,8.1706,8.335611343383789
10001100385,house,9,8.6006,8.537096977233887
10001400427,house,9,7.9434,8.136927604675293
10002300043,house,9,9.0257,8.691021919250488
10003002364,house,9,8.5048,8.444812774658203
10003100161,house,9,8.2891,8.1216459274292
10004700197,house,9,8.294,8.29213809967041
10004701411,house,9,8.3424,8.334415435791016
10004900412,house,9,8.5685,8.598816871643066
10005600145,house,9,8.6074,8.380786895751953
10005900300,house,9,8.3023,8.424457550048828
10007100654,house,9,8.4844,8.32441520690918
10007600207,house,9,8.668,8.480002403259277
10007600282,house,9,8.4219,8.271944999694824
10007800184,house,9,8.8986,8.782929420471191
10008000092,house,9,8.619,8.556676864624023
10008100054,house,9,8.1483,8.018360137939453
10008100321,house,9,8.2436,8.176240921020508
10008700477,house,9,8.1274,8.087339401245117
10009300251,house,9,8.6713,8.472124099731445
10009500471,house,9,7.9135,8.141914367675781
10009700322,house,9,8.363,8.305463790893555
10009700500,house,9,8.3741,8.586505889892578
10009700519,house,9,8.408,8.432903289794922
10010200974,house,9,8.4466,8.443410873413086
10010400671,house,9,8.5568,8.369840621948242
10010800475,house,9,8.2367,8.259686470031738
10010800866,house,9,8.366,8.275453567504883
10100800156,house,8,8.0897,8.134695053100586
10100800199,house,8,7.5746,8.237910270690918
10101100255,house,8,8.6021,8.466229438781738
10101900286,house,8,8.6386,8.435080528259277
10102300088,house,8,8.4833,8.683961868286133
10102400139,house,8,8.6507,8.582260131835938
10103400671,house,8,8.1763,8.144047737121582
10103603661,house,8,8.3489,8.51992416381836
10104400063,house,8,8.8537,8.632156372070312
10104500262,house,8,7.844,8.434364318847656
10104900821,house,8,8.0266,8.228963851928711
10105200165,house,8,8.2217,8.275479316711426
10105300100,house,8,7.8933,7.857464790344238
10105301255,house,8,8.2433,8.719054222106934
10105400334,house,8,8.7883,8.664069175720215
10105700850,house,8,8.3214,8.335018157958984
10105800146,house,8,8.621,8.563451766967773
10106500243,house,8,8.2851,8.136590003967285
10106700668,house,8,8.1632,8.324714660644531
10107200030,house,8,8.4431,8.488122940063477
10107200278,house,8,8.5584,8.382078170776367
10107300140,house,8,8.7796,8.437304496765137
10107600391,house,8,8.2634,8.173044204711914
10107700270,house,8,8.3245,8.38137435913086
10107800453,house,8,7.7658,8.379842758178711
10109100777,house,8,9.1633,8.561279296875
10109400533,house,8,8.3759,8.668027877807617
10110400274,house,8,8.8739,9.047935485839844
10110700324,house,8,8.6142,8.702933311462402
10111005001,house,8,8.6821,8.815208435058594
10111005131,house,8,8.8291,8.80422592163086
10111005141,house,8,8.9468,8.798198699951172
10111700158,house,8,8.6866,9.076469421386719
10112300358,house,8,8.3912,8.782180786132812
10112300447,house,8,8.5428,8.672957420349121
10112400514,house,8,8.3428,8.68479061126709
10112500047,house,8,8.058,8.706817626953125
10112700593,house,8,8.5934,9.030059814453125
10112900134,house,8,8.6507,8.80184555053711
10113800028,house,8,8.1013,8.488399505615234
10113800141,house,8,8.7802,8.996850967407227
10113800265,house,8,8.6068,8.932708740234375
10114100836,house,8,8.4535,8.95848274230957
10114300223,house,8,7.9294,8.856358528137207
10114700991,house,8,8.4173,8.66779899597168
10114900646,house,8,8.2782,8.888490676879883
10115000223,house,8,8.5051,8.91773796081543
10115000568,house,8,8.4966,9.012541770935059
10115100406,house,8,8.6806,8.716642379760742
10115100635,house,8,8.6125,8.66637897491455
10115200486,house,8,8.785,8.713128089904785
10115600281,house,8,8.2089,8.92518424987793
10115700829,house,8,8.0754,8.80504035949707
10115801315,house,8,8.2623,8.767618179321289
10116100957,house,8,8.3383,8.728646278381348
10116600161,house,8,7.7287,8.671080589294434
10116700091,house,8,8.7561,8.965657234191895
10118200800,house,8,8.6622,8.640706062316895
10118600795,house,8,8.7477,8.866518020629883
10118900081,house,8,9.1233,8.710591316223145
10119300108,house,8,9.4161,9.13599967956543
10119300401,house,8,8.3219,8.672582626342773
10119600071,house,8,8.4851,8.919344902038574
10120500492,house,8,8.1015,8.965625762939453
10120500591,house,8,8.5735,8.80678653717041
10120900075,house,8,8.7726,8.989114761352539
10121000043,house,8,7.7713,8.581181526184082
10121200042,house,8,7.8519,8.762431144714355
10122100262,house,8,8.8247,9.095163345336914
10123300524,house,8,8.8537,8.931406021118164
10123301393,house,8,8.9149,9.17947769165039
10124000176,house,6,9.3578,8.874980926513672
10124000321,house,6,9.5541,8.887619018554688
10124000338,house,6,9.6183,8.881174087524414
10124300145,house,6,9.6302,8.998504638671875
10124800148,house,6,9.3121,8.874968528747559
10126400422,house,8,9.3281,9.06473159790039
10126700051,house,8,8.17,8.866069793701172
10127000126,house,8,8.5172,8.738883972167969
10127901255,house,8,8.855,8.732224464416504
10128200307,house,8,8.6125,8.678251266479492
10129100081,house,8,8.3586,8.671858787536621
10129700060,house,8,7.298,8.728626251220703
10129900140,house,8,8.7796,8.940316200256348
10130000174,house,8,8.294,8.731522560119629
10131600019,house,8,8.9858,8.758365631103516
10131600213,house,8,8.5323,8.700845718383789
10131600231,house,8,8.898,8.757954597473145
10132200898,house,8,7.9768,8.577831268310547
10132400897,house,8,7.9609,8.609373092651367
10132500204,house,8,8.655,9.088822364807129
10132900024,house,8,8.0665,9.116369247436523
10133000442,house,8,8.778,9.14454174041748
10133000450,house,8,9.288,9.144444465637207
10133000558,house,8,9.1525,9.144594192504883
10133000698,house,8,9.439,8.890323638916016
10133000701,house,8,9.3649,8.989164352416992
10133300578,house,8,8.9539,8.824477195739746
10133600296,house,8,8.4372,9.016013145446777
10133800201,house,8,8.5748,8.855632781982422
10133800211,house,8,9.3843,9.085908889770508
10133800228,house,8,9.097,9.221883773803711
10134700219,house,8,8.5172,9.082314491271973
10134800205,house,8,8.8772,9.019536972045898
10135501491,house,8,8.8334,9.105818748474121
10136700062,house,8,8.3994,9.135505676269531
10138800651,house,8,9.1247,9.003046989440918
10139000150,house,8,9.0595,8.992204666137695
10139400132,house,8,9.2844,8.961078643798828
10139600018,house,8,8.823,9.059584617614746
10142200149,house,8,9.1337,9.012896537780762
10142500169,house,6,8.8804,8.37132740020752
10142500398,house,6,8.4386,8.523521423339844
10142700117,house,6,8.9554,8.711044311523438
10144900202,house,6,9.0459,8.691019058227539
10145400106,house,6,8.4402,8.788619041442871
10145600271,house,6,9.5715,8.78982925415039
10146200291,house,6,8.9285,8.850379943847656
10146800213,house,6,8.9566,8.81654167175293
10147000377,house,6,8.8995,8.825617790222168
10147100101,house,6,8.3983,8.636130332946777
10147500086,house,6,8.855,8.584609985351562
10147500213,house,6,9.1674,8.821728706359863
10148606279,house,8,8.3363,8.1337251663208
10149000412,house,8,8.2644,8.199358940124512
10149600010,house,8,8.5619,9.12822151184082
10149800230,house,8,9.105,8.990569114685059
10151100641,house,8,8.1756,8.131742477416992
10152100627,house,8,8.6692,8.488818168640137
10154000123,house,8,8.182,8.116113662719727
10154100993,house,8,8.0813,8.358463287353516
10154600708,house,6,8.8361,8.550683975219727
10155600698,house,8,7.8564,8.069097518920898
10155600728,house,8,7.8269,8.28771686553955
10155600868,house,8,8.2691,8.160820007324219
10156400382,house,8,7.7768,8.222440719604492
10156800275,house,8,7.824,8.387800216674805
10156900301,house,8,8.3349,8.15225601196289
10157100609,house,8,8.4527,8.321020126342773
10157201332,house,6,9.2103,8.846599578857422
10157700169,house,8,8.1117,8.935895919799805
10157707902,house,8,7.9536,8.522645950317383
10157708127,house,8,8.1742,8.905128479003906
10157801046,house,8,8.0064,8.608785629272461
10158301284,house,8,8.2306,8.571540832519531
10158301403,house,8,8.6651,8.918590545654297
10158700146,house,8,9.0436,9.241886138916016
10159200473,house,6,9.1077,8.715156555175781
10159900335,house,8,8.862,8.326248168945312
10159900637,house,8,7.902,8.000614166259766
10160000504,house,8,8.6995,8.415475845336914
10160000806,house,8,8.5335,8.376594543457031
10160100703,house,8,8.5976,8.810735702514648
10160102481,house,8,8.5697,8.696805953979492
10160102730,house,8,8.2727,8.468351364135742
10160300729,house,8,7.9412,8.61745834350586
10160800810,house,8,7.9759,8.621842384338379
10160900033,house,8,9.1999,8.962387084960938
10160900777,house,8,8.3763,8.819356918334961
10161500578,house,8,8.6886,8.550110816955566
10161500713,house,8,8.1522,8.394434928894043
10161900150,house,8,8.5442,8.400793075561523
10162000390,house,8,7.7209,8.598016738891602
10162100395,house,8,8.1117,8.749532699584961
10162100433,house,8,8.5172,9.080163955688477
10162100956,house,8,8.0819,8.658002853393555
10162601297,house,8,8.5312,8.739591598510742
10163600022,house,8,8.6702,8.719376564025879
10163700485,house,8,8.752,8.592460632324219
10200500431,house,9,7.9576,8.71567440032959
10201700122,house,9,7.917,7.976787567138672
10202600059,house,9,8.1748,8.308032989501953
10202900168,house,9,8.5728,8.604055404663086
10203300652,house,9,8.6781,8.69717788696289
10203900277,house,9,8.6386,8.624885559082031
10203900293,house,9,8.2428,8.386345863342285
10204500353,house,9,8.0997,8.090888977050781
10205500373,house,9,8.3664,8.505012512207031
10205800121,house,9,8.7667,8.800350189208984
10206300351,house,9,8.4482,8.531360626220703
10206500563,house,9,8.4196,8.354883193969727
10206701471,house,9,8.6915,8.508586883544922
10206900847,house,9,7.9215,8.36058235168457
10207001145,house,9,8.7278,8.681177139282227
10207600065,house,9,8.6624,8.61136531829834
10208001017,house,3,7.9873,7.94134521484375
10208001114,house,3,8.137,8.254657745361328
10208200192,house,9,7.7675,8.125450134277344
10208501036,house,9,8.6115,8.834650039672852
10209200099,house,9,8.6312,8.15916633605957
10209300093,house,9,8.6573,8.466938018798828
10210200838,house,9,8.4352,8.443438529968262
10210600720,house,9,8.3155,8.464354515075684
10210700660,house,9,8.3244,8.091379165649414
10210700911,house,9,8.4137,8.411775588989258
10210800525,house,9,8.356,8.20864200592041
10211400857,house,3,9.0899,8.428743362426758
10212600337,house,9,8.3956,8.054798126220703
10212600574,house,9,8.294,8.156973838806152
10213100265,house,9,8.5295,8.361597061157227
10213300086,house,3,8.1887,8.353785514831543
10213700106,house,9,8.3489,8.511096954345703
10301200105,house,8,8.5627,8.406343460083008
10301600294,house,2,8.4659,7.990671157836914
10301600421,house,2,8.4893,7.962431907653809
10301600472,house,2,7.439,8.037796020507812
10301800420,house,8,8.2815,8.319774627685547
10302527396,house,2,8.4764,8.288656234741211
10303800649,house,2,8.7323,8.792800903320312
10304200114,house,2,8.385,8.124027252197266
10304300410,house,2,8.4039,8.090883255004883
10304601178,house,2,9.416,8.627847671508789
10304800200,house,2,8.0164,8.11815071105957
10304900973,house,2,8.4482,7.994933128356934
10304900981,house,2,8.03,7.738763809204102
10305000046,house,8,8.5172,7.967013359069824
10400400404,house,7,7.6562,8.551262855529785
10400400404,house,7,8.1807,8.557943344116211
10401101338,house,7,8.3867,8.439032554626465
10401200794,house,7,7.3424,8.10973834991455
10401500690,house,7,8.2145,8.593806266784668
10401800481,house,7,8.157,8.355816841125488
10401800813,house,7,8.5966,8.397346496582031
10401801631,house,7,8.0247,8.342268943786621
10402400071,house,7,8.6789,8.615684509277344
10402400657,house,7,8.375,8.582636833190918
10402401416,house,7,8.489,8.72136116027832
10402800299,house,7,7.5013,8.38441276550293
10402900021,house,7,8.2295,8.73593521118164
10402900341,house,7,8.775,8.717090606689453
10403400413,house,7,8.1605,8.661041259765625
10403900254,house,7,8.1956,8.686291694641113
10405400984,house,7,8.4595,8.66191577911377
10405500539,house,7,8.5817,8.67236328125
10405900928,house,7,8.2659,8.489429473876953
10406003911,house,7,7.1954,8.384733200073242
10406501350,house,7,8.0542,8.614048957824707
10406502039,house,7,8.0563,8.62158203125
10406700965,house,7,7.6603,8.432814598083496
10407100325,house,7,8.4171,8.454540252685547
10407400345,house,7,8.5172,8.639759063720703
10407802664,house,7,8.2406,8.551762580871582
10408000405,house,7,8.2233,8.579498291015625
10408700547,house,7,8.4543,8.776020050048828
10408800266,house,7,8.6375,8.524887084960938
10409500215,house,7,8.2659,8.711962699890137
10410301042,house,7,8.4253,8.667106628417969
10410301050,house,7,8.372,8.667106628417969
10411000062,house,7,8.3366,8.739770889282227
10412300116,house,7,8.5392,8.884697914123535
10414001051,house,7,8.7883,8.859435081481934
10414200216,house,7,7.9202,8.626564025878906
10414700022,house,7,8.3303,8.643207550048828
10415700387,house,7,8.9327,8.83907699584961
10417400224,house,7,7.8623,8.873878479003906
10500200075,house,7,8.0472,8.55311393737793
10501400140,house,7,8.3511,8.486729621887207
10501400248,house,7,7.7863,8.01413631439209
10502000278,house,7,7.9233,8.191692352294922
10502200064,house,7,8.4995,8.514045715332031
10502200714,house,7,8.5862,8.752817153930664
10502200722,house,7,8.9227,8.757824897766113
10503400261,house,7,8.2369,8.61713981628418
10503400350,house,7,8.7179,8.59660530090332
10504000240,house,7,8.8374,8.680164337158203
10504500960,house,7,8.1484,8.367413520812988
10504800506,house,7,8.2113,8.324134826660156
10505900253,house,7,8.3994,8.42849349975586
10506800821,house,7,8.0635,8.491443634033203
10506900435,house,7,8.7742,8.497783660888672
10507001728,house,7,8.3577,8.641261100769043
10507900447,house,7,8.6765,8.556971549987793
10508200678,house,7,8.1252,8.603107452392578
10508201631,house,7,9.0146,8.459565162658691
10509000303,house,7,7.955,8.314314842224121
10509900428,house,7,8.1223,8.485594749450684
10510000192,house,7,8.657,8.611696243286133
10510100294,house,7,8.6458,8.578972816467285
10511000269,house,7,7.4257,8.469388961791992
10511300556,house,7,8.6627,8.639759063720703
10511500032,house,7,7.4582,8.498958587646484
10512300509,house,7,8.2808,8.67642879486084
10512400333,house,7,8.4118,8.501238822937012
10512800552,house,7,8.6112,8.775007247924805
10514501064,house,7,8.7075,8.524085998535156
10514700512,house,7,8.037,8.426509857177734
10515300097,house,7,8.5857,8.542747497558594
10516800141,house,7,8.1342,8.390782356262207
10601500406,house,7,8.4837,8.584650039672852
10602000083,house,7,8.1117,8.425540924072266
10602800306,house,7,8.9177,8.661748886108398
10603700410,house,7,8.1194,8.565784454345703
10604000358,house,7,7.7416,8.487667083740234
10604000412,house,7,8.4815,8.641928672790527
10604300157,house,7,7.906,8.349860191345215
10605300657,house,7,8.4219,8.557454109191895
10606800165,house,7,7.5521,8.562244415283203
10607000634,house,7,8.0064,8.660377502441406
10607400594,house,7,8.0368,8.367179870605469
10608400741,house,7,8.2889,8.719289779663086
10609000577,house,7,8.1263,8.466328620910645
10609000739,house,7,8.1605,8.666618347167969
10609300546,house,7,7.9853,8.53042221069336
10610400443,house,7,7.9406,8.524358749389648
10610400486,house,7,7.9125,8.397942543029785
10610400494,house,7,8.0147,8.397942543029785
10610500480,house,7,8.4512,8.648966789245605
10610800026,house,7,8.103,8.584753036499023
10610800468,house,7,8.9092,8.678715705871582
10611200091,house,7,7.824,8.553441047668457
10611200634,house,7,8.4338,8.53487777709961
10612600350,house,7,8.1639,8.341991424560547
10618400337,house,7,8.4557,8.763772964477539
10618800386,house,7,8.894,8.771411895751953
10624700444,house,7,8.5454,8.6917142868042
10625400101,house,7,7.9925,8.508350372314453
10625401157,house,7,7.4259,8.296935081481934
10625800213,house,7,7.5056,8.505826950073242
10627500101,house,7,7.7714,8.469039916992188
10634400060,house,7,9.0125,8.564468383789062
10700200680,house,7,7.6417,8.253905296325684
10700700365,house,7,8.4659,8.467947959899902
10700900127,house,7,8.207,8.208564758300781
10704000260,house,7,7.9792,8.067883491516113
10706400274,house,7,8.3953,8.53636360168457
10707900300,house,7,7.897,7.9986772537231445
10708700331,house,7,8.1213,8.160019874572754
10709500474,house,7,8.5598,8.66851806640625
10710300459,house,7,8.1372,7.9870405197143555
10710700066,house,7,8.5913,8.365968704223633
10711400309,house,7,7.9443,7.76372766494751
10711600391,house,7,8.2396,8.701826095581055
10714000131,house,7,7.9626,8.35974407196045
10714200491,house,7,8.5575,8.573402404785156
10714300143,house,7,8.9982,8.707529067993164
10715400214,house,7,9.2103,8.795748710632324
10718700261,house,7,7.941,8.200637817382812
10719100126,house,7,7.6042,7.969836235046387
10721602109,house,7,8.2884,8.523336410522461
10721604608,house,7,8.1225,8.239020347595215
10722200225,house,7,8.1703,8.033985137939453
10722200373,house,7,8.0882,8.471967697143555
10722200381,house,7,8.0882,8.471217155456543
10722200391,house,7,8.2824,8.460888862609863
10722200446,house,7,8.0882,8.463915824890137
10722200454,house,7,8.0882,8.462462425231934
10722200578,house,7,8.2217,8.472288131713867
10722400674,house,7,8.2732,8.443742752075195
10723100240,house,7,7.9535,8.080986022949219
10724500341,house,7,8.4178,8.556974411010742
10726600104,house,7,7.7886,8.066272735595703
10726600481,house,7,8.3951,8.424539566040039
10726900078,house,7,7.6719,7.936426162719727
10728300310,house,7,8.1456,8.08654499053955
10730100056,house,7,8.207,8.398317337036133
10731400241,house,7,8.6781,8.684759140014648
10733400115,house,7,8.1773,8.347963333129883
10733400433,house,7,8.2406,8.195915222167969
10734800532,house,7,7.724,7.988616943359375
10734900375,house,7,8.2144,8.062775611877441
10736500196,house,7,7.7853,7.825413703918457
10737700040,house,7,7.6009,8.24036693572998
10738100055,house,7,7.5719,8.336862564086914
10739400036,house,7,7.9294,8.341394424438477
10739400044,house,7,7.4366,7.747128009796143
10739400117,house,7,8.2264,8.190437316894531
10739500464,house,7,8.5256,8.557567596435547
10740000331,house,7,8.0338,8.173971176147461
10741401133,house,7,7.6508,8.134573936462402
10743400169,house,7,7.935,8.00107192993164
10743600540,house,7,8.6818,8.428179740905762
10743800167,house,7,8.4269,8.509541511535645
10743800337,house,7,8.8107,8.381162643432617
10744600331,house,7,8.1887,8.411006927490234
10744700514,house,7,8.3501,8.252952575683594
10744900841,house,7,8.3664,8.208961486816406
10745700283,house,7,7.8932,7.954568862915039
10746700058,house,7,8.5598,8.477871894836426
10801600331,house,4,8.0041,7.892720699310303
10801600552,house,4,8.6535,8.515043258666992
10801700352,house,4,7.464,7.902087211608887
10803001192,house,7,9.2103,8.877050399780273
10803800311,house,7,8.2548,8.248611450195312
10804700655,house,7,8.1017,8.04885482788086
10804700817,house,7,8.3415,8.158150672912598
10804700991,house,7,8.4335,8.338018417358398
10804900621,house,4,7.2179,8.10444450378418
10806200234,house,4,7.4417,7.645138263702393
10806700237,house,4,7.4306,7.746362686157227
10807800464,house,4,7.9817,7.613925933837891
10808000283,house,4,8.2048,8.062820434570312
10809500093,house,4,7.6279,8.299591064453125
10810100303,house,4,8.9029,8.345370292663574
10812500414,house,4,8.1689,7.876946926116943
10813700311,house,4,7.6557,8.27621841430664
10816600294,house,4,8.5852,8.335165023803711
10816700469,house,4,8.8754,8.25770378112793
10817500560,house,4,7.5364,8.203975677490234
10817600255,house,4,8.8075,8.106194496154785
10818500564,house,4,8.6945,7.856069564819336
10818500572,house,4,8.3181,7.717405319213867
10819200246,house,4,7.9761,7.781797409057617
10819300143,house,4,8.4631,8.123455047607422
10820400458,house,4,7.7991,7.925723075866699
10900400462,house,4,8.2648,7.75593376159668
10901202435,house,4,7.9576,7.6935224533081055
10901202591,house,4,9.0478,7.834296703338623
10902101063,house,4,7.9489,7.715263366699219
10904300896,house,4,8.561,7.939730167388916
10904600385,house,4,7.9686,7.831727504730225
10904900885,house,4,8.0701,7.836581230163574
10904901296,house,4,8.1372,7.734285354614258
10905703595,house,4,8.4859,7.855776309967041
10905703730,house,4,8.2191,8.00466537475586
10906400278,house,4,8.0105,7.676713943481445
10906400588,house,4,8.489,7.9083967208862305
10906500795,house,4,7.9699,8.041604995727539
10906500930,house,4,8.1927,8.176154136657715
10906900386,house,4,8.7415,7.930014610290527
10907201181,house,4,8.4155,7.834367275238037
10908000021,house,4,7.6699,8.005231857299805
10908300671,house,4,8.2503,7.603757381439209
10908301560,house,4,9.0937,7.962062358856201
10908600029,house,4,8.3612,8.058116912841797
10911000150,house,4,8.2706,7.742763519287109
10911200125,house,4,8.2694,7.776887893676758
10911300261,house,4,8.4652,7.603401184082031
10912500378,house,4,7.6925,7.746922492980957
10916200085,house,4,8.5884,8.07572078704834
10916300209,house,4,8.4296,7.895756244659424
10916400998,house,4,8.6088,8.04934310913086
10916401099,house,4,8.409,8.038338661193848
10916401293,house,4,8.4864,8.019723892211914
10917100319,house,4,7.952,8.228597640991211
10917200690,house,4,7.9311,7.719884872436523
10917202987,house,4,8.503,7.92578125
10917203363,house,4,8.8167,8.18789291381836
10917600941,house,4,8.363,8.329252243041992
10917900412,house,4,9.1458,8.231674194335938
10917902156,house,4,8.8699,7.81761360168457
10917902156,house,4,8.2821,7.81761360168457
10918900815,house,4,8.0935,7.837028503417969
10919300641,house,4,8.0472,7.843445777893066
10919401286,house,4,8.9655,7.9547271728515625
10919401413,house,4,8.9078,7.995974540710449
10919500918,house,4,8.0472,7.959720134735107
10919501401,house,4,7.8457,7.838617324829102
10919600920,house,4,8.1117,8.257736206054688
10920000192,house,4,7.7786,7.738373756408691
10921000382,house,4,8.5756,7.561090469360352
10921300335,house,4,8.9725,7.881842136383057
10921300378,house,4,8.8529,7.889883995056152
10921900391,house,4,8.7655,8.111592292785645
10921900553,house,4,8.9525,8.115493774414062
11000300063,house,3,7.9247,7.920559883117676
11001000284,house,3,7.8507,7.986580848693848
11001300091,house,3,8.0725,7.987245559692383
11001300601,house,3,8.3064,8.199947357177734
11002100411,house,3,7.7584,7.836605072021484
11002700565,house,3,8.3326,8.59873104095459
11003800482,house,3,7.6487,8.101873397827148
11004000791,house,3,7.6628,7.947604656219482
11005800196,house,3,8.4198,8.539809226989746
11005800218,house,3,8.3728,8.421903610229492
11006600565,house,3,8.0104,8.493664741516113
11009500261,house,3,8.0934,8.093485832214355
11011700165,house,3,8.1778,8.264532089233398
11011900806,house,3,8.4214,8.077178955078125
11012101206,house,3,7.6947,8.448928833007812
11012101222,house,3,8.3261,8.456628799438477
11012400467,house,3,8.7377,8.486881256103516
11012500445,house,3,8.274,8.458454132080078
11013600524,house,3,8.677,8.552149772644043
11013800736,house,3,8.2295,8.38913631439209
11014200392,house,3,8.5817,8.327140808105469
11014500434,house,3,8.3109,8.197164535522461
11015500691,house,3,8.1712,8.679863929748535
11015800628,house,3,8.4882,8.433340072631836
11017800013,house,3,7.3593,7.540962219238281
11017800404,house,3,8.6251,8.483190536499023
11018200079,house,3,7.8966,8.338372230529785
11019901526,house,3,8.2613,8.2726469039917
11020200250,house,3,8.6713,8.73690414428711
11021300682,house,3,8.159,8.182642936706543
11022200398,house,3,8.7056,8.540319442749023
11023900466,house,3,8.4118,8.172128677368164
11026700476,house,3,8.7796,8.418285369873047
11027300048,house,3,7.6809,8.155850410461426
11027800520,house,3,8.1951,8.059452056884766
11027900185,house,3,8.4764,8.309684753417969
11028900197,house,3,8.797,8.399467468261719
11029200253,house,3,8.7948,8.529420852661133
11029200423,house,3,7.4968,8.515527725219727
11029500631,house,3,8.7318,8.452796936035156
11029900727,house,3,8.3654,8.395551681518555
11030200199,house,3,8.1495,8.549924850463867
11030300517,house,3,7.896,8.50719165802002
11031400558,house,3,8.6782,8.647125244140625
11032700253,house,3,7.6009,8.340107917785645
11033500258,house,3,8.034,8.074464797973633
11033800405,house,3,8.6511,8.484451293945312
11034100441,house,3,8.1388,8.479126930236816
11035100206,house,3,8.0044,8.171503067016602
11035200596,house,3,8.3105,8.243549346923828
11035900210,house,3,8.4392,8.429719924926758
11036200352,house,3,8.7725,8.265772819519043
11036600431,house,3,8.635,8.187131881713867
11037700596,house,3,8.7346,8.680147171020508
11038905124,house,3,8.368,8.19460678100586
11041800222,house,3,8.3245,8.354040145874023
11042601231,house,3,8.3349,8.32924747467041
11043800165,house,3,8.1291,8.043036460876465
11044300239,house,3,8.1807,8.419282913208008
11045300275,house,3,8.6373,8.356695175170898
11045900329,house,3,8.3702,8.166407585144043
11046100253,house,3,7.4999,7.862153053283691
11046701214,house,3,7.6094,7.961671829223633
11046702075,house,3,8.6125,8.579207420349121
11047200219,house,3,7.6146,8.311603546142578
11047801301,house,3,8.5598,8.67353630065918
11048106224,house,3,9.0615,8.564351081848145
11048106781,house,3,8.9469,8.544557571411133
11048400505,house,3,7.4512,7.985498905181885
11048401471,house,3,8.7786,8.546171188354492
11048703214,house,3,8.5495,8.546686172485352
11048901751,house,3,8.1807,8.347077369689941
11049800051,house,3,8.4192,8.174629211425781
11050000128,house,3,8.2548,8.509705543518066
11050700723,house,3,7.7519,8.151152610778809
11050703269,house,3,8.5529,8.591611862182617
11053200421,house,3,8.1807,8.112329483032227
11100400507,house,3,8.0577,8.107080459594727
11102100871,house,3,8.7671,8.306089401245117
11102200599,house,3,8.3847,8.11025333404541
11102700257,house,3,8.5917,8.219267845153809
11105300411,house,3,7.4025,8.095171928405762
11106601164,house,3,7.5675,7.854233741760254
11108900533,house,5,7.6256,7.976304054260254
11109200111,house,3,8.1474,8.465447425842285
11109900014,house,5,8.1768,7.734676837921143
11110100506,house,5,8.1156,8.157136917114258
11110200292,house,5,8.0116,7.939316749572754
11110600509,house,3,8.3228,8.460419654846191
11112700853,house,5,8.7292,8.540266036987305
11113300336,house,5,7.8728,7.8081560134887695
11113800525,house,5,8.0591,7.707426071166992
11114400581,house,5,9.2346,8.895743370056152
11114400741,house,5,7.6843,8.14436149597168
11116400706,house,5,8.6042,8.08674430847168
11116600251,house,5,8.0893,7.779192924499512
11118400215,house,5,7.4674,7.791640281677246
11119000611,house,5,8.5564,8.311651229858398
11120700794,house,5,8.6819,8.61629867553711
11121500365,house,5,8.2489,8.098018646240234
11121800350,house,5,8.0373,8.132152557373047
11123100267,house,5,8.2998,8.266849517822266
11123201969,house,5,8.0725,8.201026916503906
11123500052,house,5,8.4912,8.372110366821289
11124000452,house,5,7.7355,8.153074264526367
11124101119,house,5,8.5839,8.383867263793945
11124201431,house,5,8.2483,8.068443298339844
11124601030,house,5,8.3208,8.024391174316406
11124700713,house,5,8.8209,8.41419506072998
11126501203,house,5,8.5355,8.14006233215332
11126501343,house,5,8.6713,8.473451614379883
11126600651,house,5,7.8299,7.928407192230225
11127101012,house,5,8.1176,8.144811630249023
11127200304,house,3,8.6842,8.678434371948242
11128400412,house,5,8.4804,8.382159233093262
11128500891,house,5,8.4828,8.427416801452637
11130900842,house,5,7.9081,8.057792663574219
11130901113,house,5,7.7344,8.327144622802734
11131000861,house,5,7.9492,8.243861198425293
11131001574,house,5,7.8116,8.229280471801758
11131300954,house,5,8.0404,8.31456470489502
11131601598,house,5,8.4844,8.348453521728516
11132200325,house,5,7.5489,7.718442916870117
11132200597,house,5,8.2439,8.10947322845459
11132200619,house,5,8.2439,8.112067222595215
11133100758,house,5,8.757,8.07905387878418
11133500020,house,5,9.1458,8.442277908325195
11134101014,house,5,7.3019,7.659480571746826
11134101340,house,5,8.4684,8.344830513000488
11134200535,house,5,7.8953,7.948441505432129
11134200624,house,5,8.5703,8.392633438110352
11134201132,house,5,7.3514,8.082023620605469
11134300661,house,5,8.3664,8.134241104125977
11134500326,house,5,8.2884,7.775928020477295
11134800461,house,5,7.9015,7.806824684143066
11135500621,house,5,8.392,8.431051254272461
11135901545,house,5,8.0096,7.790528297424316
11136100643,house,5,8.904,8.176630020141602
11136600034,house,5,9.2505,8.792139053344727
11136600360,house,5,8.9131,7.967763900756836
11136900585,house,5,8.2594,7.987082481384277
11137000146,house,5,8.1342,8.18441390991211
11137800215,house,5,8.0258,8.187175750732422
11139502386,house,5,7.9438,8.224081993103027
11140100385,house,5,8.294,8.010993957519531
11140300694,house,5,9.184,8.335611343383789
11140300708,house,5,8.3349,8.278995513916016
11140301666,house,5,8.1568,7.826412200927734
11140801030,house,5,8.1507,8.154252052307129
11141100346,house,5,7.3778,7.8914289474487305
11141100680,house,5,7.9712,7.711242198944092
11142501379,house,5,8.176,8.210798263549805
11143700596,house,5,8.691,8.332951545715332
11144000164,house,5,8.294,8.638116836547852
11144000172,house,5,7.9294,8.567827224731445
11144800616,house,5,7.4468,8.2439546585083
11146700317,house,3,8.3529,8.305858612060547
11146900383,house,5,8.7508,8.282108306884766
11148805337,house,3,8.0266,8.025230407714844
11148805841,house,3,8.5717,8.589742660522461
11149800487,house,5,8.1749,7.949844837188721
11150000073,house,5,9.4335,8.833395004272461
11150700024,house,5,8.9227,8.554224967956543
11151300615,house,5,8.9102,8.574668884277344
11151301220,house,5,8.0743,8.078193664550781
11151401081,house,5,8.8236,8.54599380493164
11155305794,house,3,8.3994,8.425670623779297
11156300281,house,5,8.4219,8.214348793029785
11157601048,house,5,7.3363,7.547420501708984
11158500253,house,5,8.3121,7.961812496185303
11159900344,house,5,8.6651,8.440455436706543
11201900191,house,5,8.4302,8.08974552154541
11205200125,house,5,7.8982,7.939292907714844
11205300200,house,5,8.7423,7.937947750091553
11206600461,house,5,8.503,8.260671615600586
11210000589,house,5,8.5052,8.236990928649902
11214100537,house,5,7.9063,7.633233070373535
11215500733,house,5,8.621,8.347820281982422
11218400497,house,5,8.5172,8.044309616088867
11219900231,house,5,8.1117,7.912379264831543
11225100223,house,5,8.4775,8.269427299499512
11228600995,house,5,7.9111,8.255407333374023
11229100104,house,5,7.7622,8.272668838500977
11230800149,house,5,8.4106,8.296463012695312
11231100566,house,5,7.8522,7.8818817138671875
11231200390,house,5,7.9294,8.037909507751465
11232300283,house,5,8.3956,7.9603776931762695
11234800380,house,5,7.8982,7.766907691955566
11235000280,house,5,8.5766,8.189128875732422
11238800636,house,5,8.3407,8.35521411895752
11239801172,house,5,8.4177,8.119964599609375
11241000343,house,5,8.1605,7.990730285644531
11241200113,house,5,7.773,7.828692436218262
11242200567,house,5,8.0064,7.813467025756836
11245700250,house,5,8.886,7.9847564697265625
11246100273,house,5,7.824,8.367584228515625
11246500336,house,5,7.988,7.732969760894775
11246600381,house,5,8.4046,8.127405166625977
11247300721,house,5,8.3749,8.176990509033203
11247400513,house,5,8.2644,8.211445808410645
11247400531,house,5,8.0682,8.211445808410645
11248200364,house,5,8.4154,8.410041809082031
11248400665,house,5,9.0078,8.3134126663208
11248500015,house,5,8.2221,7.75051212310791
11250500231,house,5,7.9294,8.181037902832031
11253300193,house,5,8.7914,8.368270874023438
11254100392,house,5,8.0064,7.835888862609863
11254100872,house,5,8.0229,8.247888565063477
11254500226,house,5,7.8106,7.848426818847656
11254800033,house,5,8.576,8.415838241577148
11256800472,house,5,7.6952,8.124150276184082
11257301666,house,5,8.635,8.465511322021484
11257301879,house,5,7.807,8.098213195800781
11257302026,house,5,8.4286,8.46137523651123
11257401156,house,5,8.5796,8.285881042480469
11257401350,house,5,8.4668,8.47007942199707
11257901256,house,5,8.4201,8.363495826721191
11258300051,house,5,7.8886,7.906731605529785
11258401648,house,5,7.9061,8.261978149414062
11258401885,house,5,8.3143,8.173081398010254
11258401907,house,5,8.363,8.17287826538086
11260800260,house,5,8.3994,8.198017120361328
11260800406,house,5,8.3529,8.146907806396484
11261300091,house,5,8.3994,8.200685501098633
11261300148,house,5,7.6789,7.766514778137207
11261300512,house,5,8.3371,8.041606903076172
11261300581,house,5,7.6942,7.573145866394043
11261901397,house,5,7.9706,8.263111114501953
11263100391,house,5,7.9441,7.918245315551758
11263500322,house,5,7.8716,7.607115268707275
11264200421,house,5,8.8173,8.646919250488281
11264300270,house,5,8.4402,8.414948463439941
11264800079,house,5,9.028,8.593438148498535
11265600197,house,5,9.0926,8.67977523803711
11266000630,house,5,8.0622,8.014429092407227
11266300049,house,5,8.1117,8.005751609802246
11266300766,house,5,8.3931,8.440790176391602
11267300646,house,5,7.4267,7.558265209197998
11268200416,house,5,8.5586,8.335886001586914
11268500770,house,5,8.0472,7.688460826873779
11268700427,house,5,7.3132,7.9906134605407715
11269903356,house,5,7.4674,7.72186279296875
11269903399,house,5,7.6009,8.111944198608398
11269903410,house,5,7.8591,8.102180480957031
11271900075,house,5,7.6105,7.712761402130127
11274901358,house,5,8.4919,8.239545822143555
11276600444,house,5,8.2428,8.03101921081543
11276800354,house,5,7.3182,7.755345344543457
11276800729,house,5,7.216,7.743152618408203
11276801075,house,5,8.1624,8.2868013381958
11277403170,house,5,8.2726,8.44043254852295
11278400523,house,5,8.4527,8.172961235046387
11279500491,house,5,9.2891,8.391891479492188
11283300078,house,5,8.4118,8.556478500366211
11285100025,house,5,8.4118,8.107874870300293
11285703870,house,5,8.548,8.364742279052734
11286501491,house,5,8.323,8.329297065734863
11287700143,house,5,8.2161,8.293598175048828
11300100175,house,3,9.0902,8.32137680053711
11302200533,house,3,8.775,8.440346717834473
11303400374,house,3,8.4009,8.301834106445312
11303800747,house,3,8.6995,8.347387313842773
11303900431,house,3,8.081,8.177281379699707
11304700835,house,3,8.3862,8.3131103515625
11305400134,house,3,8.2772,8.15908432006836
11305400231,house,3,7.9374,8.056159019470215
11305500228,house,3,7.797,8.002151489257812
11306000970,house,3,8.0869,8.553169250488281
11306700514,house,3,8.7556,8.67960262298584
11307200388,house,3,8.6156,8.603767395019531
11308200616,house,3,8.4821,8.423397064208984
11310200180,house,3,8.475,8.469523429870605
11311200291,house,3,8.1987,8.234209060668945
11311200291,house,3,8.3385,8.232551574707031
11312700350,house,3,8.3257,8.390637397766113
11313500940,house,3,8.7556,8.544382095336914
11313600260,house,3,8.904,8.853225708007812
11313701431,house,3,8.3216,8.299737930297852
11314100369,house,3,8.3428,8.349443435668945
11314200509,house,3,8.7657,8.284945487976074
11314700110,house,3,7.7753,8.103937149047852
11315000023,house,3,8.0368,8.442665100097656
11315000031,house,3,8.6995,8.469136238098145
11315300353,house,3,8.4527,8.235650062561035
11315900423,house,3,8.3848,8.320735931396484
11315900512,house,3,8.183,8.291244506835938
11316800503,house,3,8.6864,8.60686206817627
11316900397,house,3,7.1539,8.463104248046875
11320900126,house,3,8.2277,8.249897003173828
11321100591,house,3,8.3534,8.274664878845215
11321500342,house,3,8.2661,8.300069808959961
11324000219,house,3,7.3385,8.422544479370117
11324900430,house,3,8.5284,8.660901069641113
11324900457,house,3,8.4684,8.288543701171875
11326001662,house,3,8.259,8.332416534423828
11327100060,house,3,7.9218,7.951341152191162
11327100648,house,3,8.5883,8.457836151123047
11327200677,house,3,8.7721,8.479106903076172
11328400475,house,3,8.4262,8.32433795928955
11328900060,house,3,7.9683,8.080686569213867
11329400339,house,3,8.635,8.576519966125488
11329702041,house,3,8.8883,8.456393241882324
11329800310,house,3,8.7279,8.567745208740234
11330500521,house,3,8.1777,8.177628517150879
11330800264,house,3,8.4566,8.441621780395508
11332901521,house,3,8.363,8.323806762695312
11333501454,house,3,8.6896,8.262105941772461
11334100781,house,3,8.442,8.334373474121094
11335600166,house,5,8.2977,7.898050308227539
11336300565,house,3,8.5172,8.490274429321289
11336601271,house,3,8.6316,8.508063316345215
11337700583,house,5,8.1964,8.402677536010742
11338800484,house,3,8.3774,8.052936553955078
11339100028,house,5,7.9576,8.678668022155762
11339300442,house,5,8.2808,8.131443977355957
11342000616,house,3,7.9671,8.339080810546875
11343000288,house,3,8.0604,8.442541122436523
11343001713,house,3,8.9562,8.764095306396484
11343401606,house,3,8.9625,8.67398452758789
11343600331,house,3,7.8666,8.051971435546875
11345200268,house,3,7.9481,8.21810531616211
11346600413,house,3,8.3786,8.53283405303955
11349000123,house,5,9.2651,8.325782775878906
11349300216,house,5,8.0629,8.067453384399414
11350800049,house,5,9.0491,8.473587036132812
11350800235,house,5,8.3411,8.099689483642578
11352600233,house,5,8.2118,8.055562973022461
11356400557,house,3,8.4974,8.604484558105469
11357401001,house,5,7.5292,7.746459484100342
11359701310,house,5,8.1055,8.295498847961426
11360700403,house,3,8.1285,8.748440742492676
11360700403,house,3,8.534,8.748440742492676
11360900623,house,3,8.5298,8.18587589263916
11360901549,house,3,8.8049,8.547139167785645
11361300263,house,3,7.6699,7.9922590255737305
11400301156,house,5,8.0004,8.440038681030273
11400800330,house,5,8.0292,8.10511302947998
11400901137,house,5,8.7641,8.517190933227539
11400901277,house,5,8.297,8.175291061401367
11401100189,house,5,8.7044,8.454133033752441
11401300145,house,5,8.5872,8.346994400024414
11403200571,house,5,8.6244,8.43509578704834
11404400353,house,5,8.8482,8.346156120300293
11405400527,house,5,8.3564,8.450138092041016
11405700458,house,5,8.4752,8.351449966430664
11405700598,house,5,8.167,8.236946105957031
11406800278,house,5,8.8163,8.637994766235352
11407801243,house,5,8.6254,8.3532075881958
11407801294,house,5,8.6343,8.351489067077637
11408500719,house,5,8.7133,8.192434310913086
11408600020,house,5,8.1964,7.935803413391113
11408600896,house,5,8.4017,8.450323104858398
11409100757,house,5,8.9227,8.478729248046875
11409100943,house,5,7.9474,8.228748321533203
11409202002,house,5,8.4821,8.527327537536621
11409202037,house,5,8.4233,8.52700424194336
11409300713,house,5,8.5019,7.903807163238525
11409500240,house,5,8.2243,7.840565204620361
11410400610,house,5,8.1117,8.196619033813477
11411001272,house,5,8.6311,8.472143173217773
11411204645,house,5,8.3519,8.435505867004395
11411205528,house,5,8.5801,8.409616470336914
11411400878,house,5,8.1268,8.130193710327148
11412103915,house,5,8.273,8.078134536743164
11412103923,house,5,8.4302,8.079554557800293
11412500477,house,5,8.2465,8.114877700805664
11413701654,house,5,8.5723,8.517576217651367
11413701824,house,5,8.131,8.20181655883789
11414002105,house,5,8.1918,8.342905044555664
11414100387,house,5,7.7179,7.9589996337890625
11414800559,house,5,8.5462,8.428813934326172
11415501156,house,5,7.6946,7.716315269470215
11416201989,house,5,8.9496,8.539400100708008
11416800793,house,5,7.646,7.978893280029297
11417200511,house,5,7.8339,7.729991912841797
11417900988,house,5,8.1858,8.3532075881958
11419700390,house,5,8.0985,8.293885231018066
11419800581,house,5,7.786,8.058238983154297
11420600698,house,5,8.3271,8.162168502807617
11421300337,house,5,8.3931,8.396194458007812
11421700114,house,5,7.9656,7.959807395935059
11424400367,house,5,8.294,7.80349063873291
11426400100,house,5,8.1951,7.943038463592529
11426602234,house,5,7.9276,8.127897262573242
11426602293,house,5,7.9111,8.126273155212402
11426602579,house,5,7.8167,8.029748916625977
11426901411,house,5,8.127,8.333881378173828
11427700086,house,5,8.2808,7.77186393737793
11427702070,house,5,8.1586,8.345911026000977
11429001061,house,5,8.0175,8.190962791442871
11429100523,house,5,7.741,8.007440567016602
11429101104,house,5,7.3532,7.647243022918701
11429301634,house,5,8.3436,8.502286911010742
11429401124,house,5,8.9349,8.467399597167969
11429801637,house,5,8.6651,8.455406188964844
11430600755,house,5,7.5585,7.609385967254639
11430602111,house,5,8.4998,8.475661277770996
11431200041,house,5,7.3778,7.703315734863281
11434900745,house,5,8.611,8.41476058959961
11437000478,house,5,8.7313,8.421855926513672
11439400031,house,5,8.3197,7.960880279541016
11439400708,house,5,8.5322,8.384138107299805
11439400740,house,5,8.4864,8.388164520263672
11500400156,house,5,7.6098,7.781244277954102
11501500669,house,5,8.0247,7.876543045043945
11502600292,house,5,7.6843,7.756006240844727
11508002036,house,5,7.9953,8.590505599975586
11508002771,house,5,8.2548,8.590035438537598
11509100473,house,5,8.4402,8.388614654541016
11510600336,house,5,8.4631,8.23040771484375
11510800432,house,5,7.5272,7.752566337585449
11511100264,house,5,7.5175,7.4734978675842285
11511600496,house,5,7.824,7.762845993041992
11511700423,house,5,7.589,7.606316089630127
11513400605,house,5,7.8337,8.21122932434082
11513600299,house,5,7.1954,7.969280242919922
11516100122,house,5,7.3297,7.833456993103027
11518400417,house,5,7.4876,8.413247108459473
11518900029,house,5,8.83,8.716760635375977
11521101352,house,5,7.2156,7.5102763175964355
11521501350,house,5,7.7513,8.122239112854004
11522300332,house,5,7.7379,8.230392456054688
11522700683,house,5,8.1017,8.623910903930664
11523700113,house,5,8.0064,8.504162788391113
11525501861,house,5,8.4482,8.509337425231934
11527300063,house,5,8.1509,7.900887489318848
11531000354,house,5,7.9782,8.553014755249023
11531001695,house,5,8.6627,8.286778450012207
11532900448,house,5,8.4764,8.43210506439209
11604200031,house,3,7.9294,8.074832916259766
11604700156,house,3,8.418,8.282268524169922
11605501041,house,3,7.8639,8.119921684265137
11606100253,house,3,8.4256,8.673259735107422
11606800026,house,3,8.3147,8.382259368896484
11606800549,house,3,7.9088,8.287464141845703
11608300322,house,3,8.3406,8.201509475708008
11609200887,house,3,8.6603,8.446929931640625
11609500600,house,3,8.3065,8.698135375976562
11609700731,house,3,8.3909,8.087793350219727
11609800337,house,3,8.7019,8.600122451782227
11609900617,house,3,8.8017,8.585103988647461
11610400614,house,3,7.2588,8.552165985107422
11610401084,house,3,8.6748,8.515647888183594
11611600218,house,3,8.328,8.530248641967773
11613300203,house,3,8.7584,8.721920013427734
11615202071,house,3,7.5043,8.551647186279297
11615700713,house,3,8.7657,8.611472129821777
11616400306,house,3,8.3285,8.350462913513184
11616400322,house,3,8.3994,8.670306205749512
11617000557,house,3,7.7685,8.402069091796875
11617401136,house,3,8.5575,8.851102828979492
11617500517,house,3,8.0439,8.55147933959961
11618000658,house,3,7.8633,8.217981338500977
11618600401,house,3,7.8064,8.158414840698242
11618700285,house,3,8.1793,8.077874183654785
11619000996,house,3,7.9194,8.251815795898438
11619400498,house,3,8.2431,8.211813926696777
11619800356,house,3,8.0772,7.894476413726807
11620100435,house,3,8.2248,8.034997940063477
11620800550,house,3,7.8728,7.997908592224121
11621600751,house,3,8.5519,8.420910835266113
11623000695,house,3,8.827,8.682013511657715
11623100681,house,3,7.9374,7.9749345779418945
11623200678,house,3,8.5564,8.346479415893555
11623300354,house,3,7.7402,8.491637229919434
11624500128,house,3,8.2689,8.29800033569336
11624600319,house,3,8.4498,8.176395416259766
11625200411,house,3,8.235,8.318318367004395
11625600592,house,3,8.3579,8.118888854980469
11628700407,house,3,8.1543,8.249666213989258
11628800101,house,3,8.6226,8.46841812133789
11629000409,house,3,8.2017,8.218912124633789
11629100098,house,3,7.9504,8.206369400024414
11629800456,house,3,7.8492,8.074466705322266
11630000832,house,3,7.959,8.402222633361816
11630500975,house,3,8.0511,8.335564613342285
11630600902,house,3,7.6827,8.180286407470703
11631300147,house,3,8.273,8.253446578979492
11631900411,house,3,8.396,8.128506660461426
11631900780,house,3,7.8213,8.180330276489258
11632000082,house,3,8.5766,8.412151336669922
11632800445,house,3,7.824,8.21417236328125
11632800941,house,3,9.3057,8.562064170837402
11632900271,house,3,8.3559,8.222049713134766
11632900695,house,3,8.5547,8.139552116394043
11632901330,house,3,8.1193,8.209962844848633
11633100455,house,3,9.4449,8.669034957885742
11633500100,house,3,7.8886,8.20689868927002
11633700452,house,3,8.0472,8.247970581054688
11634100726,house,3,8.2431,7.930845260620117
11634200577,house,3,9.5703,8.886826515197754
11635000350,house,3,8.3547,8.340272903442383
11635300966,house,3,8.4952,8.404793739318848
11635600242,house,3,8.0943,8.004061698913574
11636100650,house,3,7.9898,8.134160041809082
11636400263,house,3,8.5862,8.367401123046875
11636900355,house,3,7.5382,8.168695449829102
11638000513,house,3,8.4286,8.516654968261719
11639300571,house,3,7.5139,8.212455749511719
11639700111,house,3,7.8398,7.96970272064209
11640800629,house,3,8.723,8.583602905273438
11640900062,house,3,8.4667,8.362081527709961
11640900593,house,3,7.8886,8.473945617675781
11642300364,house,3,8.9968,8.785181045532227
11642400415,house,3,7.9478,8.529729843139648
11644500182,house,3,8.6161,8.69564437866211
11644800216,house,3,8.6581,8.437920570373535
11645100201,house,3,8.0934,8.399240493774414
11645400130,house,3,7.7171,8.278427124023438
11645500569,house,3,8.4206,8.505212783813477
11645500852,house,3,9.1233,8.636045455932617
11647100193,house,3,8.2659,8.373716354370117
11647600331,house,3,8.0664,8.597118377685547
11649400089,house,3,8.7403,8.503437042236328
11651300320,house,3,9.5636,8.995837211608887
11652100181,house,3,8.3147,8.294123649597168
11652200011,house,3,8.4631,8.184393882751465
11653200307,house,3,8.6173,8.666722297668457
11653600062,house,3,8.8164,8.769121170043945
11653800614,house,3,8.3994,8.31263542175293
11710500025,house,3,7.789,8.173406600952148
11711900061,house,3,8.2327,8.384147644042969
11712400257,house,3,8.0635,8.39683723449707
11712500332,house,3,8.0064,8.48042106628418
11713700351,house,3,7.636,8.000568389892578
11713700408,house,3,8.6086,8.70485782623291
11713800240,house,3,8.2555,8.000785827636719
11713800399,house,3,7.7945,8.255374908447266
11713800437,house,3,8.469,8.506631851196289
11714100153,house,3,8.1117,8.500147819519043
11717500594,house,3,8.4535,8.54436206817627
11718800389,house,3,8.2548,8.441621780395508
11718900731,house,3,7.9527,8.381607055664062
11719300185,house,3,8.2195,8.304083824157715
11719800641,house,3,8.6469,8.392660140991211
11719800900,house,3,8.6115,8.595956802368164
11719801011,house,3,8.6698,8.773941040039062
11719900621,house,3,8.4714,8.159639358520508
11720600235,house,3,7.9918,8.13476276397705
11720700108,house,3,8.8537,8.617653846740723
11721400027,house,3,9.0313,8.706552505493164
11722800312,house,3,8.6068,8.530247688293457
11723100152,house,3,7.901,8.061553955078125
11723200270,house,3,8.9002,8.493429183959961
11724000291,house,3,8.8319,8.491686820983887
11724200576,house,3,7.8603,8.13067626953125
11725100168,house,3,8.1763,8.344173431396484
11725100397,house,3,8.2121,8.421873092651367
11725200332,house,3,8.4417,8.388185501098633
11725400986,house,3,7.6673,8.190863609313965
11725500591,house,3,8.5352,8.375665664672852
11725600144,house,3,7.9754,7.862734794616699
11725700793,house,3,8.1117,8.23482894897461
11725800070,house,3,8.3956,8.246036529541016
11726500372,house,3,8.4446,8.433324813842773
11726900354,house,3,8.3894,8.48364543914795
11726904996,house,3,8.7498,8.61225414276123
11726905021,house,3,8.7869,8.61138916015625
11727400169,house,3,8.1511,8.207406997680664
11727800116,house,3,8.0064,8.380481719970703
11728300321,house,3,8.2453,8.430652618408203
11730900312,house,3,8.7248,8.240362167358398
11730900320,house,3,8.5088,8.344541549682617
11730900339,house,3,8.6034,8.464893341064453
11730900347,house,3,9.2749,8.681756973266602
11731000579,house,3,7.8106,8.498748779296875
11732500575,house,3,8.2009,8.232069969177246
11735800251,house,3,8.2226,7.962427139282227
11736302591,house,3,7.5139,8.067618370056152
11736500324,house,3,8.1117,8.256783485412598
11736700511,house,3,7.7815,7.921086311340332
11737200464,house,3,7.5364,8.22317886352539
11737900032,house,3,8.6407,8.62236213684082
11738400521,house,3,8.4068,8.38992691040039
11740400134,house,3,8.0864,8.471580505371094
11741200279,house,3,8.2113,8.097372055053711
11742300021,house,3,8.3428,8.27697467803955
11742300552,house,3,8.8377,8.615202903747559
11742700021,house,3,8.5172,8.409272193908691
11743400291,house,3,8.3517,8.36259651184082
11743500776,house,3,8.1366,8.156320571899414
11743500830,house,3,8.4659,8.587209701538086
11800400161,house,3,7.594,7.907989025115967
11801700231,house,3,8.5972,8.525857925415039
11803400209,house,3,8.0032,8.277027130126953
11804200319,house,3,8.2841,8.537581443786621
11805700412,house,3,8.1117,8.452690124511719
11805800093,house,3,7.9642,8.267977714538574
11805900136,house,3,7.884,8.230745315551758
11806000023,house,3,7.3818,7.617640495300293
11806000236,house,3,8.4219,8.381146430969238
11806100273,house,3,7.5698,8.10964584350586
11806700270,house,3,8.2226,7.98615837097168
11808000551,house,3,7.6557,8.268433570861816
11808500465,house,3,8.1205,8.261902809143066
11808902121,house,3,7.9595,8.100902557373047
11809500582,house,3,8.561,8.688273429870605
11810300435,house,3,8.4739,8.481025695800781
11810400375,house,3,8.4449,8.344743728637695
11811800636,house,3,8.1887,8.234994888305664
11812200578,house,3,8.7744,8.560320854187012
11812700041,house,3,7.9576,8.501616477966309
11813000548,house,3,8.9619,8.876943588256836
11813402662,house,3,8.6152,8.49527359008789
11814801285,house,3,8.2153,8.178937911987305
11816400644,house,3,8.7011,8.651043891906738
11816900337,house,3,8.1992,8.24714183807373
11817000501,house,3,8.4966,8.531637191772461
11818100060,house,3,8.093,8.059699058532715
11819700355,house,3,8.1028,8.298941612243652
11820000817,house,3,8.6995,8.647218704223633
11822300036,house,3,7.7658,8.041437149047852
11822700522,house,3,7.5472,8.309431076049805
11822801167,house,3,8.7033,8.56197738647461
11824902701,house,3,8.7799,8.721712112426758
11825000556,house,9,8.5329,8.626424789428711
11827600313,house,3,7.9766,7.873600959777832
11827800096,house,3,7.7869,8.067258834838867
11828000662,house,3,8.0091,8.231964111328125
11829300597,house,3,8.875,8.525492668151855
11829500537,house,3,8.2171,8.732160568237305
11830100202,house,3,9.1951,8.466313362121582
11831200243,house,3,8.1585,8.507603645324707
11831300671,house,9,8.0225,8.120560646057129
11831501286,house,9,8.1614,8.047719955444336
11832000515,house,9,7.7551,8.151639938354492
11832100544,house,9,8.4302,8.2210693359375
11833400010,house,9,8.1605,8.037252426147461
11833400290,house,9,7.9092,8.214244842529297
11833600771,house,9,8.7986,8.802635192871094
11834100101,house,9,8.7561,8.325063705444336
11834600390,house,9,8.722,8.89506721496582
11835100553,house,9,8.5477,8.481266975402832
11835502201,house,9,8.6853,8.580877304077148
11835701794,house,9,8.2717,8.120813369750977
11836401311,house,9,8.5432,8.577838897705078
11837100178,house,9,8.9692,8.707271575927734
11839000103,house,3,8.246,8.461788177490234
11839200374,house,3,8.8537,8.437660217285156
11842000178,house,3,8.1195,8.299901008605957
11842600531,house,3,8.3147,8.532425880432129
11844600326,house,3,8.8991,8.750434875488281
11846001632,house,3,8.1918,8.313299179077148
11847000151,house,3,8.061,8.265077590942383
11847100464,house,9,8.294,8.221210479736328
11849500397,house,3,8.798,8.700071334838867
11851000231,house,3,8.0216,7.9318108558654785
11852200137,house,9,7.5643,8.015462875366211
11852500238,house,9,8.3086,8.403342247009277
11852500688,house,9,9.4037,8.74639892578125
11852600070,house,9,8.1911,8.316539764404297
11852600631,house,9,8.4659,8.409318923950195
11852601131,house,9,9.0415,8.599266052246094
11852900163,house,9,8.0604,8.108604431152344
11900500204,house,1,7.1226,8.107060432434082
11902100076,house,1,8.5972,8.087179183959961
11902400241,house,1,8.276,8.401569366455078
11902900145,house,1,7.9041,7.9483442306518555
11903500043,house,1,7.8042,8.057727813720703
11903900262,house,1,8.076,7.882472991943359
11904600521,house,1,7.7245,8.133891105651855
11905000277,house,1,8.0164,8.014266967773438
11905500628,house,1,8.566,8.587682723999023
11905700767,house,1,8.6758,8.005972862243652
11906000051,house,1,7.5072,8.31621265411377
11909100055,house,1,8.3735,8.107730865478516
11912000503,house,1,8.363,8.46473217010498
11912400412,house,1,8.461,7.8991899490356445
11912400536,house,1,8.1605,8.19731330871582
11913100511,house,1,8.2085,8.072160720825195
11913200093,house,1,8.1924,8.083759307861328
11913200212,house,1,8.4764,8.195645332336426
11913300152,house,1,8.7917,8.396641731262207
11914100181,house,1,7.413,7.814112663269043
11916100138,house,1,8.0675,8.081222534179688
11916700453,house,1,7.7684,7.838593006134033
11918000556,house,1,7.3721,7.743005752563477
11920000878,house,1,7.9984,7.618337631225586
11920100287,house,1,8.0696,8.17782211303711
11920400191,house,1,8.3428,8.6040678024292
11920600506,house,1,8.3349,8.474401473999023
11921400179,house,1,8.5172,8.581954956054688
11922100365,house,1,8.5172,8.032917022705078
11924100281,house,1,8.5172,8.183837890625
11924201304,house,1,8.4219,8.109846115112305
11924800641,house,1,8.4096,7.988859176635742
11924800811,house,1,8.0789,7.793818950653076
11924800852,house,1,8.4205,7.943132400512695
11926100556,house,1,8.1076,7.952999114990234
11926700162,house,1,8.3309,8.212362289428711
11927800519,house,1,8.3796,8.329137802124023
11930700449,house,1,8.6863,8.399728775024414
11930800583,house,1,8.2221,8.197392463684082
11931700469,house,1,8.3377,8.006855964660645
11932100351,house,1,8.2659,8.13313102722168
11932800092,house,1,8.2904,8.004653930664062
11932800262,house,1,8.273,8.090532302856445
11933000014,house,1,8.409,8.094526290893555
11933500521,house,1,8.3536,8.067707061767578
12000600505,house,2,9.2103,8.850103378295898
12000900517,house,2,7.8731,8.046967506408691
12002000637,house,2,8.1944,8.409012794494629
12002200296,house,2,8.635,8.603689193725586
12002300290,house,2,7.8759,8.11250114440918
12003100317,house,2,8.3187,8.560482025146484
12004000324,house,2,8.3974,8.398077964782715
12004000375,house,2,8.5036,8.247990608215332
12004400901,house,2,8.294,8.215459823608398
12005500312,house,2,8.5101,8.501716613769531
12006700285,house,2,8.0691,7.912209510803223
12007100087,house,2,8.4449,8.307823181152344
12007300167,house,2,8.5454,8.290184020996094
12007801451,house,2,8.4825,7.985536575317383
12007802091,house,2,7.9258,8.455224990844727
12007802316,house,2,8.3349,8.447104454040527
12007803290,house,2,8.1787,8.517045021057129
12008500208,house,2,8.2048,8.038361549377441
12008900192,house,2,8.1855,8.02311897277832
12008900631,house,2,8.3781,8.05026626586914
12009400045,house,2,8.7536,8.564366340637207
12009500252,house,2,8.17,8.051690101623535
12010000268,house,2,8.0299,8.196763038635254
12010100211,house,2,8.2703,8.626835823059082
12010300466,house,2,8.2869,8.101905822753906
12011200953,house,2,8.1034,8.161937713623047
12011201062,house,2,8.4268,8.395940780639648
12011400375,house,2,8.3023,8.822397232055664
12012800504,house,2,7.5512,7.701180458068848
12012900304,house,2,7.782,8.145050048828125
12014100488,house,2,8.1902,8.065544128417969
12014200393,house,2,8.1807,8.192564964294434
12014200407,house,2,8.4178,7.855371475219727
12014300363,house,2,8.0336,8.042642593383789
12014600261,house,2,7.8615,8.176422119140625
12016200722,house,2,8.8809,8.693984031677246
12016200749,house,2,9.4462,9.028860092163086
12016300387,house,2,8.0864,8.158126831054688
12016300468,house,2,8.3437,8.230735778808594
12016300751,house,2,8.7561,8.59250259399414
12016600321,house,2,8.3025,8.530540466308594
12017100527,house,2,8.323,8.684037208557129
12017300836,house,2,7.4935,8.036308288574219
12017301433,house,2,8.3523,8.170768737792969
12017301468,house,2,8.4372,8.203241348266602
12017601046,house,2,8.0064,7.864401817321777
12017601127,house,2,8.5172,8.00568962097168
12018400583,house,2,8.276,8.176397323608398
12019100435,house,2,7.5364,8.48849868774414
12020000317,house,2,8.526,8.195383071899414
12020101271,house,2,8.4379,8.331428527832031
12022100297,house,2,8.0604,8.165179252624512
12023200341,house,2,8.107,8.216510772705078
12024400484,house,2,8.2428,8.1799955368042
12026200148,house,2,7.6009,7.8168230056762695
12027200346,house,2,8.0064,8.112997055053711
12028800312,house,2,7.8823,7.864266872406006
12030000042,house,2,8.4594,8.471759796142578
12030400776,house,2,8.4844,8.208629608154297
12030500126,house,2,8.323,8.250345230102539
12034400223,house,2,8.3688,8.356645584106445
12035600536,house,2,7.2242,7.873507976531982
12036401014,house,2,8.2548,8.272719383239746
12036900185,house,2,8.6275,8.542648315429688
12037900472,house,2,7.5949,8.16840934753418
12038101646,house,2,8.198,8.11276626586914
12038301017,house,2,8.345,8.184785842895508
12038301130,house,2,8.5685,8.639307975769043
12038701473,house,2,8.1117,8.050331115722656
12039000541,house,2,7.2707,7.962932109832764
12039700233,house,2,7.782,8.420550346374512
12042300372,house,2,7.8728,7.918272018432617
12043300120,house,2,7.6417,8.125429153442383
12044300612,house,2,8.4338,8.29488754272461
12100300422,house,2,8.2311,7.869024753570557
12100600132,house,2,8.0905,8.157835006713867
12100701311,house,2,8.4276,8.494129180908203
12101100370,house,2,8.207,8.283458709716797
12101200650,house,2,8.2525,8.2661714553833
12101300175,house,2,8.3931,8.18465518951416
12102300284,house,2,8.0297,8.251323699951172
12102800996,house,2,8.677,8.110053062438965
12103300016,house,2,8.1543,8.08782958984375
12103801732,house,2,8.8049,8.715742111206055
12104000504,house,2,8.8142,8.76292610168457
12104500116,house,2,7.7187,8.273846626281738
12105500063,house,2,8.7839,8.702753067016602
12105500462,house,2,8.5728,8.297402381896973
12105500721,house,2,8.3542,8.411385536193848
12106802608,house,2,8.7139,8.494791030883789
12106802871,house,2,9.1064,8.767822265625
12107500419,house,2,8.2528,8.271075248718262
12107600405,house,2,8.4755,8.060465812683105
12114400424,house,2,8.0983,7.911693096160889
12114900761,house,2,8.5172,8.28077507019043
12114900801,house,2,8.3972,8.261844635009766
12114900850,house,2,8.4032,8.351104736328125
12114900893,house,2,8.5172,8.356239318847656
12114901008,house,2,8.5051,8.406994819641113
12114901474,house,2,8.4527,8.263252258300781
12114901636,house,2,8.0138,8.328696250915527
12115201026,house,2,8.4578,8.60068416595459
12115301535,house,2,8.4326,8.378968238830566
12116000830,house,2,8.7584,8.524983406066895
12117001563,house,2,7.901,8.141122817993164
12117001679,house,2,7.853,8.172658920288086
12117100588,house,2,9.0624,8.906765937805176
12119400309,house,2,8.6651,8.160179138183594
12121200192,house,2,7.4477,7.635796546936035
12122900252,house,2,8.5172,8.475156784057617
12123302782,house,2,8.2118,8.449325561523438
12123401357,house,2,9.0327,8.630748748779297
12124100059,house,2,8.7339,8.248619079589844
12124900081,house,2,8.7368,8.640626907348633
12125400048,house,2,7.262,7.8563995361328125
12125900830,house,2,7.6497,8.27492904663086
12125901772,house,2,8.8581,8.695474624633789
12125904054,house,2,8.3453,8.603475570678711
12125904097,house,2,8.3862,8.601478576660156
12126100080,house,2,7.448,8.065563201904297
12126300561,house,2,8.5007,8.437459945678711
12200600568,house,8,8.46,8.206950187683105
12200700554,house,8,9.4092,8.692829132080078
12201100380,house,8,7.7517,8.23825454711914
12201500338,house,8,7.9181,8.230454444885254
12202200461,house,8,8.3884,8.189787864685059
12202600492,house,8,8.7289,8.21499252319336
12202700144,house,8,9.0926,8.606769561767578
12202700152,house,8,9.4663,8.92153549194336
12203000510,house,8,8.5652,8.380707740783691
12204300380,house,8,8.7331,8.309289932250977
12205400079,house,8,8.219,8.351861953735352
12205800255,house,8,7.7938,8.047783851623535
12206702389,house,8,8.1188,8.108076095581055
12207501761,house,8,8.5644,8.273128509521484
12209400340,house,8,8.1187,7.815282344818115
12210100320,house,8,8.2861,8.45699691772461
12210200058,house,8,9.028,8.694616317749023
12210600072,house,8,7.5056,7.886080741882324
12210900084,house,8,8.4118,8.088140487670898
12212000234,house,8,8.3141,8.071146011352539
12212900197,house,8,9.075,8.633345603942871
12217400141,house,8,8.2234,8.216793060302734
12300800801,house,8,8.4185,8.807520866394043
12301200328,house,8,8.786,8.796730041503906
12301300561,house,8,8.8183,8.76963996887207
12302000268,house,8,8.6052,8.996345520019531
12302100807,house,8,8.5172,9.209190368652344
12302300598,house,8,8.5492,8.982285499572754
12302400649,house,8,8.8226,8.920272827148438
12302400835,house,8,8.7496,9.193889617919922
12302400843,house,8,8.7153,9.190401077270508
12302500351,house,8,7.8982,8.859576225280762
12303600137,house,8,8.3376,8.929985046386719
12303700336,house,8,8.9635,8.99351978302002
12304200086,house,8,8.1605,8.939384460449219
12304400662,house,8,8.3023,8.797926902770996
12304700321,house,8,8.3837,8.937466621398926
12304900444,house,8,8.4676,8.835163116455078
12306100321,house,8,8.1638,8.793336868286133
12306300673,house,8,8.5588,8.7694673538208
12306500524,house,8,7.9877,8.772125244140625
12307600360,house,8,8.4575,8.963667869567871
12307900615,house,8,8.0281,9.14687728881836
12308500696,house,8,8.3096,9.114131927490234
12308600321,house,8,8.6759,8.959443092346191
12309100519,house,8,8.5458,8.979848861694336
12309200610,house,8,8.5002,9.05617904663086
12309600351,house,8,8.5417,9.162704467773438
12309900639,house,8,8.4966,9.12615966796875
12310200521,house,8,8.0064,8.963623046875
12310300607,house,8,8.4331,8.869417190551758
12311500200,house,8,8.2927,9.01031494140625
12312100052,house,8,8.3586,9.139835357666016
12312200693,house,8,9.0963,9.170949935913086
12312300337,house,8,7.6679,8.953062057495117
12312300507,house,8,9.0582,9.158584594726562
12312300604,house,8,8.4975,8.997271537780762
12312301228,house,8,8.4584,8.999614715576172
12312400323,house,8,7.9769,8.865873336791992
12313100161,house,8,8.1842,9.017536163330078
12313400122,house,8,8.4042,8.954418182373047
12315300109,house,8,8.7957,8.814730644226074
12315900106,house,8,8.6042,9.15848159790039
12316200078,house,8,8.362,8.926836013793945
12316300961,house,8,9.0258,9.016328811645508
12317000943,house,8,8.9541,9.205982208251953
12317100050,house,8,9.236,8.92856216430664
12317300084,house,8,8.0687,8.931220054626465
12317400186,house,8,7.6054,9.040352821350098
12317500067,house,8,8.3813,8.930785179138184
12318200407,house,8,8.2249,9.138453483581543
12318800412,house,8,8.3957,9.166946411132812
12319000185,house,8,8.0225,8.920018196105957
12319000241,house,8,8.3007,8.984156608581543
12321000601,house,8,8.3595,9.183222770690918
12321600267,house,8,8.8498,8.906586647033691
12322000352,house,8,7.4091,8.875591278076172
12322100071,house,8,9.6302,8.712913513183594
12322300232,house,8,8.6365,9.00956916809082
12324301511,house,8,8.4402,8.905204772949219
12405501243,house,7,8.2171,8.335622787475586
12409104028,house,7,8.5764,8.44552230834961
12409105504,house,7,8.6915,8.464094161987305
12409107132,house,7,7.9657,8.466099739074707
12409108619,house,7,8.5292,8.444889068603516
12409108661,house,7,8.7319,8.495492935180664
12409109518,house,7,8.1084,8.378305435180664
12409109674,house,7,8.0843,8.418447494506836
12409110060,house,7,8.7988,8.447613716125488
12409110907,house,7,8.0923,8.539680480957031
12409113493,house,7,8.5773,8.560226440429688
12409500136,house,7,8.7248,8.640560150146484
12410100200,house,7,8.4488,8.406245231628418
12410400646,house,7,7.9984,8.388434410095215
12410401545,house,7,8.6226,8.479402542114258
12410402428,house,7,7.8511,8.557082176208496
12411800011,house,7,8.46,8.429743766784668
12412000203,house,7,8.4219,8.736499786376953
12416400893,house,7,8.4942,8.414260864257812
12416600116,house,7,7.8915,8.10732650756836
12416600371,house,7,8.3124,8.381038665771484
12501300611,house,7,8.2721,8.591256141662598
12501801651,house,7,8.1793,8.448372840881348
12508100251,house,7,8.165,8.406049728393555
12508300186,house,7,8.4902,8.555183410644531
12508600724,house,7,8.2623,8.36601448059082
12508800251,house,7,7.8898,8.3585786819458
12509101454,house,7,7.7581,8.417943000793457
12509300635,house,7,8.2861,8.4638671875
12510700501,house,7,8.2742,8.708154678344727
12511400651,house,7,8.1562,8.579745292663574
12511400791,house,7,8.4053,8.563053131103516
12511900393,house,7,7.7123,8.285542488098145
12512404500,house,7,8.8751,8.646305084228516
12512405094,house,7,8.3288,8.527362823486328
12512901458,house,7,8.1963,8.639274597167969
12513200577,house,7,7.8616,8.517972946166992
12513700383,house,7,8.2714,8.43691635131836
12513700707,house,7,7.4747,8.24647331237793
12514000636,house,7,8.1748,8.64317512512207
12514400375,house,7,8.7633,8.674521446228027
12514700220,house,7,8.0439,8.464224815368652
12514700352,house,7,7.623,8.411806106567383
12515300056,house,7,8.306,8.383445739746094
12515500225,house,7,8.7064,8.487760543823242
12515500251,house,7,9.3768,8.566225051879883
12515500365,house,7,8.5631,8.451876640319824
12516101022,house,7,8.523,8.397444725036621
12516200421,house,7,8.9835,8.467606544494629
12516200853,house,7,8.7829,8.710973739624023
12516500687,house,7,8.3547,8.330748558044434
12600400132,house,7,7.4075,8.246688842773438
12600601006,house,7,7.8512,8.548171997070312
12600700241,house,7,7.8964,8.288588523864746
12601100787,house,7,7.8835,8.397974014282227
12621200248,house,7,8.4372,8.536808013916016
12626700966,house,7,8.7359,8.698580741882324
12628100060,house,7,8.1117,8.646181106567383
12701800357,house,7,8.7813,8.464906692504883
12702000052,house,7,8.0612,8.084837913513184
12716300207,house,4,8.657,8.682446479797363
12720300100,house,4,7.8522,8.332321166992188
12723000140,house,4,8.4118,8.154265403747559
12728700701,house,4,8.546,7.87492036819458
12728800412,house,4,7.5772,7.7969489097595215
12728900220,house,4,8.2515,8.34526538848877
12730000517,house,4,7.927,7.770374298095703
12730200842,house,4,8.3664,7.982848167419434
12731201338,house,4,8.7622,7.734769821166992
12733300848,house,7,7.8547,7.880312919616699
12736200283,house,4,8.5632,7.845373630523682
12800300190,house,4,8.4584,8.183511734008789
12800600429,house,4,8.2528,8.07631778717041
12816200395,house,4,9.0205,8.063867568969727
12818200211,house,4,8.4854,7.76556396484375
12821300319,house,4,8.8426,8.307228088378906
12821300351,house,4,8.8834,8.315552711486816
13013200889,house,3,8.6386,8.50398063659668
13018600621,house,3,8.2295,8.39456558227539
13020003848,house,3,8.9089,8.616720199584961
13020003937,house,3,8.7614,8.652800559997559
13020004313,house,3,7.8409,8.47665786743164
13022500059,house,3,8.0702,8.132453918457031
13022900741,house,3,7.7287,7.846579074859619
13023100291,house,3,8.3096,8.394639015197754
13023100291,house,3,8.0472,8.396535873413086
13024000495,house,3,8.3559,8.33096694946289
13024000551,house,3,7.6009,8.439689636230469
13024500927,house,3,7.9678,8.33863639831543
13028500441,house,5,8.752,8.288399696350098
13029900265,house,5,8.2884,8.308813095092773
13032703238,house,5,8.4338,8.59591293334961
13036600271,house,3,7.6009,8.022768020629883
13039000127,house,3,8.1117,8.245645523071289
13040100261,house,3,8.6226,8.376410484313965
13040900217,house,3,8.1117,8.282426834106445
13101400820,house,5,8.918,8.629167556762695
13101500841,house,5,8.2659,8.16501522064209
13101600366,house,5,7.7853,7.763246536254883
13102000737,house,5,8.1342,8.323708534240723
13103700066,house,5,8.6226,8.119129180908203
13103700430,house,5,8.7849,8.217745780944824
13104900433,house,5,7.9999,7.811888694763184
13106700547,house,5,8.3069,8.047924041748047
13107201099,house,5,8.0612,7.98219633102417
13107201315,house,5,7.5364,7.785235404968262
13108000501,house,5,8.4544,8.418905258178711
13109701307,house,5,8.4372,8.259522438049316
13109900520,house,5,7.1381,7.625893592834473
13110700335,house,5,8.7285,8.274036407470703
13112400398,house,5,8.0119,7.880895614624023
13112700146,house,5,7.6487,8.047231674194336
13112800221,house,5,8.7285,8.654266357421875
13113000202,house,5,8.5172,8.725951194763184
13113500337,house,5,8.5022,8.332036018371582
13114900762,house,5,8.5475,8.263569831848145
13115100506,house,5,8.3209,8.115139961242676
13115801113,house,5,8.3953,8.34611701965332
13115801202,house,5,8.4181,8.41899299621582
13116600723,house,5,8.3941,8.078778266906738
13200600216,house,5,8.4013,8.217074394226074
13203600233,house,5,8.7403,8.486634254455566
13213400271,house,5,7.824,8.036587715148926
13217600303,house,5,7.9084,8.055490493774414
13218400200,house,5,8.4553,8.08748722076416
13225500241,house,5,7.9749,8.120132446289062
13230200399,house,5,8.1285,8.039339065551758
13231200716,house,5,7.6417,7.919889450073242
13233700090,house,5,7.8296,7.972146034240723
13234500052,house,5,7.5817,8.044027328491211
13239200421,house,5,7.6699,8.417179107666016
13306000212,house,5,8.0354,7.993293285369873
13307900365,house,5,8.1807,8.305437088012695
13315100054,house,5,9.3355,8.884014129638672
13317700318,house,5,7.5662,7.801438331604004
13321501014,house,5,7.9768,8.17900276184082
13322200336,house,5,7.9725,8.113836288452148
13324100010,house,5,8.0229,8.075992584228516
13401600728,house,5,8.2171,8.347375869750977
13403200158,house,5,8.0206,7.806063175201416
13404500228,house,5,7.6563,7.643987655639648
13404500287,house,5,8.2674,8.112506866455078
13407100506,house,5,8.5817,8.471931457519531
13411600471,house,5,7.567,7.891204833984375
13413200282,house,5,9.2103,8.813652038574219
13413400303,house,5,8.1918,8.3843355178833
13414001372,house,5,7.9263,7.954814434051514
13414501367,house,5,8.5913,8.38287353515625
13415100560,house,5,8.0174,7.935335636138916
13415200301,house,5,7.8638,8.304115295410156
13416300059,house,5,8.5039,8.022446632385254
13417400375,house,5,8.2439,8.151449203491211
13417700085,house,5,8.2149,8.042080879211426
13418600033,house,5,8.5542,8.147823333740234
13418600580,house,5,8.6226,8.223791122436523
13419300602,house,5,7.5275,8.006204605102539
13419500520,house,5,7.7063,7.832459449768066
13419700163,house,5,7.824,7.881743431091309
13419800321,house,5,7.9209,7.626371383666992
13421600421,house,5,8.4024,8.12375545501709
13422100139,house,5,8.2548,8.281768798828125
13422300278,house,5,8.1506,8.411659240722656
13422900240,house,5,7.4884,7.6340203285217285
13427000051,house,5,7.9492,8.138916015625
13427300594,house,5,8.1918,8.185562133789062
13427800317,house,5,7.3778,7.898815631866455
13429800101,house,5,7.9462,7.903764724731445
13429900361,house,5,7.5407,7.572268486022949
13429900513,house,5,7.5437,8.126913070678711
13432000341,house,5,8.9446,8.437400817871094
13436800413,house,5,7.8886,7.7276458740234375
13440000620,house,5,7.1954,7.887407302856445
13444600584,house,5,7.9235,8.18942642211914
13445400511,house,5,8.3953,8.345697402954102
13446405177,house,5,8.4449,8.379082679748535
13449101160,house,5,8.4276,8.377131462097168
13450100512,house,5,8.4276,8.342799186706543
13450800247,house,5,8.296,8.69012451171875
13451700130,house,5,7.6989,8.077106475830078
13505600287,house,5,8.301,8.412281036376953
13510200720,house,5,7.9404,8.197347640991211
13517800065,house,5,8.1117,8.497661590576172
13520300531,house,5,7.5364,8.169687271118164
13530600181,house,5,8.4302,7.9542927742004395
13531600183,house,5,7.1539,7.785056114196777
13536500160,house,5,8.6006,8.661592483520508
13537200731,house,5,8.0289,8.410137176513672
13540400361,house,5,8.0709,8.491265296936035
13600100407,house,5,8.5332,8.433151245117188
13600500057,house,5,8.0392,8.105806350708008
13608400116,house,5,9.028,8.796038627624512
13625900105,house,5,7.3966,8.161177635192871
13632400211,house,5,8.5598,8.808156967163086
13633200176,house,5,7.2769,7.885893821716309
13633800033,house,5,8.7829,8.891727447509766
13703100061,house,5,8.8537,8.786828994750977
13800400161,house,5,7.7507,8.071988105773926
13801600105,house,5,7.8886,7.892087459564209
13803900246,house,5,8.6995,8.438043594360352
13804500470,house,5,8.2019,8.374298095703125
13805800771,house,5,7.8923,8.37472152709961
13805801385,house,5,8.1195,8.530017852783203
13806300932,house,5,8.4699,8.402841567993164
13806301394,house,5,8.4566,8.400762557983398
13806301483,house,5,8.3556,8.408496856689453
13806400333,house,5,7.7708,8.07133674621582
13806401585,house,5,8.3147,8.460052490234375
13806501301,house,5,8.7179,8.571788787841797
13806501385,house,5,7.8075,8.433649063110352
13806501393,house,5,8.6548,8.433671951293945
13808600224,house,5,7.7753,7.895074844360352
13810200238,house,5,7.6648,7.915102005004883
13810400377,house,5,7.9866,8.136664390563965
13813800481,house,5,7.8211,8.099069595336914
13826300148,house,5,8.0064,8.574259757995605
13829800011,house,5,7.6009,8.18997573852539
13830000277,house,5,7.4265,7.888208389282227
13833500262,house,5,8.2295,8.217597961425781
13834500355,house,5,8.0336,7.924022197723389
13835200576,house,5,7.4674,7.802590847015381
13901000517,house,5,7.9609,7.809682846069336
13901200451,house,5,8.614,7.935671806335449
13902800290,house,5,8.0368,8.201637268066406
13902902557,house,5,7.1452,7.727200508117676
13902902646,house,5,8.2677,8.074783325195312
13902903987,house,5,8.5058,8.573724746704102
13904700269,house,5,8.2815,8.113356590270996
13905900679,house,5,7.9743,7.713314533233643
13905900849,house,5,8.3501,8.248054504394531
13908200414,house,5,7.4298,8.038528442382812
13910100219,house,5,8.4584,8.326629638671875
13910300341,house,5,8.6226,8.156293869018555
13911300696,house,5,8.2601,7.868253707885742
13915300186,house,5,7.4982,7.706689834594727
13915500029,house,5,7.6086,7.684010982513428
13916000194,house,5,7.8753,8.07467269897461
13916200096,house,5,8.6229,8.559138298034668
13917600098,house,5,7.9374,7.9773054122924805
13920300075,house,5,8.3147,7.887310028076172
13923200101,house,5,7.7223,7.880807399749756
13928200282,house,5,7.2955,7.692849159240723
13929100680,house,5,7.6756,7.983448505401611
13929100680,house,5,7.6348,7.984057426452637
13929500034,house,5,8.1445,8.184769630432129
13930500190,house,5,8.5172,8.452790260314941
13931100498,house,5,8.0064,8.56207275390625
13937000460,house,5,8.1315,8.0775146484375
13937300121,house,5,7.1414,8.102313041687012
13938301278,house,5,8.4566,8.456846237182617
13938301553,house,5,8.3517,8.387079238891602
13938600461,house,5,8.4717,8.080198287963867
13941900608,house,5,8.3349,7.9925456047058105
13942300231,house,5,8.0842,7.896783828735352
13942700025,house,5,7.901,8.037952423095703
13943000590,house,5,8.6995,8.50100040435791
13944001371,house,5,8.273,8.370784759521484
13945300249,house,5,7.6133,8.09187126159668
14004800357,house,5,7.1735,7.935610771179199
14009200161,house,5,8.4631,8.193883895874023
14010400268,house,5,7.8953,7.87567138671875
14011000417,house,5,8.7143,8.316195487976074
14015400592,house,5,8.1636,8.03361701965332
14017000443,house,5,8.3667,8.474538803100586
14020000726,house,5,8.4527,8.430581092834473
14026002488,house,5,8.372,8.341239929199219
14040400304,house,5,7.5565,7.560438632965088
14044100178,house,5,7.5157,7.704467296600342
14101200271,house,5,7.9323,7.919374465942383
14101200377,house,5,7.9202,7.940392017364502
14102100910,house,5,8.1022,7.727588653564453
14102401236,house,5,8.1213,7.803764343261719
14102401376,house,5,7.8341,7.936666488647461
14102701043,house,5,8.5892,8.21735954284668
14102701841,house,5,8.0671,7.660048484802246
14104301001,house,5,7.9766,7.926872730255127
14104400563,house,5,7.4388,7.892413139343262
14104800871,house,5,8.1261,7.639979362487793
14104901198,house,5,8.5994,8.37230396270752
14105500235,house,5,7.6009,8.188344955444336
14105600116,house,5,7.92,7.888633728027344
14105700511,house,5,7.9947,7.75034236907959
14105801782,house,5,8.576,8.381355285644531
14201300578,house,5,8.3069,8.232060432434082
14201700533,house,5,7.8435,8.032573699951172
14201700614,house,5,7.9542,8.363482475280762
14203400741,house,5,7.9745,8.421342849731445
14204000303,house,5,8.0709,8.109712600708008
14204000842,house,5,8.7366,8.45234489440918
14204100561,house,5,7.4354,8.02123737335205
14205400135,house,5,8.5079,8.120712280273438
14205700074,house,5,7.4858,8.174835205078125
14205800291,house,5,8.5281,8.462109565734863
14207400541,house,5,7.9157,8.214945793151855
14207401201,house,5,8.6837,8.472760200500488
14207500420,house,5,8.2379,8.149442672729492
14207700063,house,5,7.74,7.796360969543457
14207700365,house,5,9.1,8.543710708618164
14208000111,house,5,7.824,8.143787384033203
14209500061,house,5,8.1117,8.11691951751709
14211700285,house,5,7.9194,7.964488506317139
14211700471,house,5,8.6006,8.541788101196289
14211700481,house,5,8.5791,8.534917831420898
14211800050,house,5,8.0754,7.963453769683838
14211900421,house,5,7.824,8.05723762512207
14212000333,house,5,8.2489,8.401494979858398
14212700726,house,5,7.5789,7.93949031829834
14212800259,house,5,8.5172,8.000057220458984
14212800666,house,5,7.9404,8.213088989257812
14213400424,house,5,8.1823,8.007425308227539
14213400432,house,5,7.6417,8.017221450805664
14213700401,house,5,7.4876,7.887374401092529
14214000896,house,5,8.0789,8.032297134399414
14214200186,house,5,8.0338,8.1845121383667
14215200023,house,5,9.379,8.41470718383789
14215400669,house,5,8.635,8.34472942352295
14216100111,house,5,7.9964,8.237890243530273
14304300368,house,3,7.8823,7.930438041687012
14305500131,house,3,8.7263,8.295073509216309
14306300055,house,3,7.7187,8.436738967895508
14400600458,house,5,8.2278,7.800556659698486
14401100513,house,5,8.0164,8.180645942687988
14401100661,house,5,8.1174,8.249667167663574
14401100742,house,5,8.0917,8.171924591064453
14401100750,house,5,8.1216,8.171924591064453
14401300131,house,5,7.6039,7.803747177124023
14401300482,house,5,8.5462,8.35406494140625
14401500775,house,5,8.4134,8.517011642456055
14401501208,house,5,8.6226,8.624388694763184
14402800640,house,5,8.3368,8.105061531066895
14404202171,house,5,8.2234,8.144179344177246
14404202597,house,5,8.6781,8.437514305114746
14404202971,house,5,8.6316,8.406866073608398
14406200494,house,5,8.7238,8.478759765625
14406300634,house,5,8.2767,7.9212446212768555
14406500668,house,5,8.6507,8.444462776184082
14406500730,house,5,8.7334,8.501516342163086
14408301069,house,5,8.2872,8.209477424621582
14408400547,house,5,8.1669,8.394304275512695
14408400598,house,5,8.3493,8.01213550567627
14409100334,house,5,8.8183,8.298080444335938
14409200401,house,5,8.4738,8.321274757385254
14410501568,house,5,8.0765,8.191713333129883
14410501630,house,5,8.1648,8.206474304199219
14410900241,house,5,7.3992,8.073677062988281
14411200898,house,5,8.566,8.327043533325195
14411300302,house,5,8.5172,8.420473098754883
14411600802,house,5,8.489,8.326131820678711
14411600977,house,5,8.6592,8.485840797424316
14411601108,house,5,8.2867,8.350654602050781
14411800501,house,5,8.5886,8.14880084991455
14412600539,house,5,8.6125,8.496089935302734
14412600555,house,5,8.6159,8.49601936340332
14412700681,house,5,8.3741,8.507986068725586
14413100815,house,5,8.363,8.243867874145508
14413100858,house,5,8.3205,8.243867874145508
14413200267,house,5,7.5811,8.039450645446777
14413400371,house,5,7.3993,7.432088851928711
14413400371,house,5,7.217,7.429028511047363
14414100568,house,5,7.8769,8.025132179260254
14414700875,house,5,9.2328,8.851016998291016
14415400700,house,5,7.2662,8.067949295043945
14416200373,house,5,7.8728,8.382619857788086
14417700051,house,5,7.9866,7.794587135314941
14417801575,house,5,8.4783,8.03642463684082
14500800912,house,5,8.5271,8.2024564743042
14501101244,house,5,8.4322,8.068574905395508
14501201370,house,5,8.2089,8.342100143432617
14501401061,house,5,8.3532,8.190873146057129
14502100225,house,5,7.732,7.49610710144043
14502201102,house,5,8.3688,8.467921257019043
14502500630,house,5,8.1457,8.177486419677734
14502700923,house,5,8.1712,7.633097171783447
14502800790,house,5,8.5844,8.420612335205078
14503400605,house,5,8.7359,8.349271774291992
14503800689,house,5,8.6138,8.36553955078125
14503800913,house,5,8.0092,8.297182083129883
14505400610,house,5,8.4154,8.566812515258789
14506000225,house,5,8.6713,8.698904037475586
14506600621,house,5,8.7349,7.995340347290039
14507400715,house,5,8.8739,8.241318702697754
14507400847,house,5,8.1456,7.922946929931641
14507400987,house,5,7.9602,8.130645751953125
14507401045,house,5,8.0472,8.13499641418457
14508600361,house,5,8.5708,7.971884727478027
14508701069,house,5,7.5796,7.88826322555542
14508801071,house,5,8.2585,8.01024341583252
14509000161,house,5,7.8075,7.447856903076172
14509400909,house,5,7.9459,7.5494160652160645
14509401107,house,5,8.7139,8.540525436401367
14509401239,house,5,8.2131,7.792484760284424
14510200160,house,5,8.8178,8.408936500549316
14510400658,house,5,8.3864,8.163633346557617
14511500451,house,5,8.5523,8.097372055053711
14511801591,house,5,8.3536,8.080720901489258
14511801631,house,5,8.5272,8.124940872192383
14511900441,house,5,7.8937,7.629046440124512
14511900514,house,5,8.4952,7.966994285583496
14512500013,house,5,8.0863,7.779386520385742
14513700520,house,5,8.1605,7.778939723968506
14514100063,house,5,8.5172,8.490750312805176
14514100195,house,5,8.276,8.135968208312988
14514200831,house,3,8.822,8.463364601135254
14514300623,house,3,8.1605,8.325438499450684
14515700056,house,3,8.7403,8.250513076782227
14517200311,house,3,9.028,8.982670783996582
14517300578,house,3,7.824,8.486120223999023
14518200909,house,3,7.1665,7.985342025756836
14518400142,house,3,8.0663,8.014595985412598
14601200600,house,3,8.1526,8.17445182800293
14603800567,house,3,7.7867,7.996106147766113
14606400659,house,3,8.6333,8.570524215698242
14606500440,house,3,8.5012,8.344732284545898
14606900228,house,3,8.4684,8.409951210021973
14608100644,house,3,8.4492,8.104693412780762
14608400291,house,3,7.1309,7.990749359130859
14608400354,house,3,8.5238,8.53688907623291
14608500162,house,3,8.1007,8.096275329589844
14610200911,house,3,8.1304,8.119017601013184
14611500364,house,3,7.8851,7.961458683013916
14612200410,house,3,8.1399,8.308837890625
14612700626,house,3,8.4812,8.197399139404297
14614000044,house,3,7.4541,7.9014739990234375
14703700688,house,3,7.9294,8.355005264282227
14705102052,house,3,7.1393,7.714482307434082
14705200283,house,3,8.363,8.67872428894043
14705400843,house,3,7.5508,7.917655944824219
14707000826,house,3,8.5172,8.572345733642578
14707101258,house,3,8.6061,8.680179595947266
14707400301,house,3,8.6305,8.524438858032227
14707502831,house,3,8.1526,8.727169036865234
14707503011,house,3,9.4335,8.731457710266113
14707503410,house,3,9.2644,8.732320785522461
14707503755,house,3,9.028,8.726768493652344
14709000521,house,3,7.7685,8.003607749938965
14711100031,house,3,7.489,7.721634864807129
14712100159,house,3,7.9263,8.406759262084961
14713200092,house,3,7.9234,7.900911331176758
14713200327,house,3,8.4619,8.131832122802734
14714300244,house,3,8.2496,8.313766479492188
14714700811,house,3,8.0604,8.270000457763672
14714800654,house,3,7.8373,8.093037605285645
14715000880,house,3,8.6386,8.431988716125488
14716801291,house,3,8.0064,8.179007530212402
14716900702,house,3,7.8781,7.910617828369141
14719000362,house,3,7.8421,7.767919063568115
14719000427,house,3,7.8714,8.17112922668457
14724001126,house,3,8.5478,8.236088752746582
14725200556,house,3,8.0714,8.564828872680664
14727200650,house,3,7.5741,7.655358791351318
14727800194,house,5,8.1229,7.794666290283203
14730300113,house,3,8.4727,8.374521255493164
14732500251,house,3,8.6381,8.514960289001465
14732900185,house,3,8.0255,8.196955680847168
14733000250,house,5,7.8763,7.854696273803711
14733000341,house,5,7.171,7.639942169189453
14734101549,house,3,8.3442,8.351600646972656
14734301858,house,5,8.6507,8.336248397827148
14803200962,house,3,8.7718,8.215606689453125
14803400491,house,3,8.4177,8.313217163085938
14803400783,house,3,8.135,8.313993453979492
14803500699,house,3,8.3547,8.047124862670898
14804000411,house,3,7.9956,8.13619613647461
14804100309,house,3,8.2052,8.13582992553711
14804100317,house,3,7.8481,8.295629501342773
14804100430,house,3,8.1399,8.032161712646484
14804200451,house,3,8.194,8.12034797668457
14804200771,house,3,7.7929,7.9576520919799805
14805001231,house,3,8.4485,8.637060165405273
14805001241,house,3,9.0619,8.624229431152344
14805001241,house,3,8.1667,8.637060165405273
14805100582,house,3,8.7226,8.619726181030273
14806400032,house,3,9.3794,8.521428108215332
14808500182,house,3,8.9713,8.307126998901367
14809700312,house,3,7.6373,8.188222885131836
14810200611,house,3,8.5172,8.75070571899414
14812200163,house,3,7.6009,8.30301570892334
14813500233,house,3,8.6476,8.459964752197266
14813600068,house,3,7.9187,8.014376640319824
14815000181,house,3,8.4067,8.272722244262695
14815400546,house,3,8.7173,8.42153263092041
14815701589,house,3,8.1807,8.005247116088867
14815900263,house,3,8.4844,8.415559768676758
14816600247,house,3,7.7812,8.13726806640625
14817400780,house,3,8.0144,8.071708679199219
14819200649,house,3,7.9736,8.115026473999023
14820900322,house,3,7.9487,8.071744918823242
14820900586,house,3,8.8417,8.427884101867676
14821501219,house,3,8.3349,8.196939468383789
14823600321,house,3,8.8388,8.130777359008789
14824900106,house,3,8.0208,8.456235885620117
14825700331,house,3,8.5612,8.545982360839844
14825900010,house,3,7.394,7.904629707336426
14827500036,house,3,9.0672,8.86508560180664
14827800031,house,3,8.6626,8.346811294555664
14827800250,house,3,8.0864,7.859582901000977
14828900331,house,3,8.0702,8.012510299682617
14829500580,house,3,7.8085,8.163280487060547
14830300816,house,3,8.2232,8.237142562866211
14830301839,house,3,8.3717,8.181304931640625
14830500416,house,3,8.4699,8.357393264770508
14830500491,house,3,8.294,8.132089614868164
14900800235,house,3,7.9294,8.038069725036621
14901900322,house,3,8.6995,8.478065490722656
14902600241,house,3,7.5056,7.8227691650390625
14904200097,house,3,8.5913,8.511991500854492
14905300680,house,3,8.536,8.396953582763672
14906800555,house,3,8.752,8.503623008728027
14907600411,house,3,8.2742,8.112698554992676
14907600444,house,3,8.4952,8.132007598876953
14907600495,house,3,8.6472,8.381546974182129
14908100471,house,3,7.6187,8.031234741210938
14908600642,house,3,7.5239,8.608362197875977
14909400884,house,3,7.6469,7.890721321105957
14910600182,house,3,8.3205,8.503631591796875
14912600384,house,3,8.2118,8.210408210754395
14916500104,house,3,8.5172,8.454936027526855
14916500112,house,3,8.0725,8.270386695861816
14917600481,house,3,7.5559,7.820911407470703
14918901270,house,3,7.9164,8.431499481201172
14919300416,house,3,8.3236,8.163991928100586
14919600797,house,3,8.2137,7.841507434844971
14919700775,house,3,8.2328,8.124357223510742
14920200403,house,3,7.7733,7.7788777351379395
14920900065,house,3,8.1055,7.969472408294678
14921000513,house,3,7.4186,7.985207557678223
14924500649,house,3,8.5948,8.547372817993164
14924600511,house,3,8.0368,8.240188598632812
14925100245,house,3,8.0348,7.897524833679199
14926700130,house,3,8.7096,8.413959503173828
14928500910,house,3,8.2295,8.204384803771973
14928501488,house,3,8.2548,8.372008323669434
14929300311,house,3,8.2987,8.223121643066406
14929700395,house,3,7.7415,7.828722953796387
15002800271,house,3,8.7403,8.66653823852539
15002900797,house,3,8.6469,8.539315223693848
15004200296,house,3,8.1644,8.192209243774414
15006500084,house,3,7.824,8.030417442321777
15006600070,house,3,8.5004,8.672140121459961
15007700141,house,3,7.6769,7.910977363586426
15007900582,house,3,7.9194,8.494022369384766
15009000521,house,3,8.3046,8.22842788696289
15010300213,house,3,8.9227,8.380393028259277
15011900435,house,3,8.4286,8.413019180297852
15012300466,house,3,8.0238,8.256834983825684
15013000458,house,3,8.4431,8.505289077758789
15014100332,house,3,8.9029,8.608165740966797
15014100650,house,3,7.4462,7.613720893859863
15014400263,house,3,8.9227,8.47176742553711
15015100670,house,3,8.1294,8.194988250732422
15016100224,house,3,8.1605,8.16162109375
15017300561,house,3,7.9418,8.194396018981934
15019500861,house,3,8.4468,8.197409629821777
15020400431,house,3,8.7403,8.42619800567627
15020500533,house,3,8.706,8.197580337524414
15022900024,house,3,9.4045,8.502098083496094
15025000385,house,5,7.704,7.7832489013671875
15025600080,house,3,9.2955,8.638965606689453
15025600153,house,3,8.2992,8.29518985748291
15026200485,house,5,7.8706,8.22034740447998
15026500667,house,3,8.4102,8.437925338745117
15027100557,house,3,8.5316,8.35678482055664
15027400496,house,3,7.7287,8.031919479370117
15027400501,house,3,8.0235,7.774141788482666
15027500016,house,5,7.4616,7.633796691894531
15103100249,house,5,8.1188,7.824695587158203
15106800128,house,3,8.2489,7.920083045959473
15107000222,house,5,7.9576,8.06109619140625
15107400042,house,5,8.6995,8.244144439697266
15108300068,house,5,8.7179,8.210692405700684
15108300289,house,5,7.4186,7.887642860412598
15110700361,house,5,8.2777,8.0133638381958
15111101097,house,5,8.2721,8.33731460571289
15111700438,house,5,8.2613,8.336013793945312
15111700683,house,5,8.294,8.025566101074219
15111800238,house,5,8.2703,8.46097183227539
15111900267,house,5,8.7179,8.220414161682129
15114400559,house,5,7.6984,7.8424272537231445
15117201247,house,5,7.6105,7.642589092254639
15118700311,house,5,7.8913,7.704888820648193
15120100146,house,5,8.7883,8.461915969848633
15120201171,house,5,7.8739,7.9449262619018555
15120201201,house,5,7.8373,7.702365875244141
15201300234,house,3,8.1956,8.206195831298828
15202800168,house,3,8.0529,8.504571914672852
15204200338,house,3,8.8049,8.575275421142578
15204900631,house,3,8.3741,8.444398880004883
15206200378,house,3,8.0943,7.807756423950195
15206300410,house,3,7.9176,8.061376571655273
15208200693,house,3,8.0325,8.14913558959961
15208500352,house,3,8.2369,8.244227409362793
15208500379,house,3,8.9872,8.374784469604492
15209800880,house,3,8.3311,8.355566024780273
15210000930,house,3,7.6853,7.757504940032959
15210500100,house,3,8.6713,8.228960037231445
15212900191,house,3,7.6086,7.955570220947266
15213100189,house,3,8.2295,8.335954666137695
15213400573,house,3,8.4331,8.551939010620117
15213400611,house,3,8.3349,8.17093276977539
15213900150,house,3,7.9725,8.161130905151367
15214200187,house,3,8.1047,8.160516738891602
15215000513,house,3,8.7619,8.138160705566406
15215000602,house,3,8.4631,8.395734786987305
15215000661,house,3,7.6417,8.388128280639648
15217500629,house,3,7.5601,8.166276931762695
15217600437,house,3,8.294,8.568557739257812
15217700644,house,3,8.1526,8.460485458374023
15217701111,house,3,8.5685,8.582816123962402
15218200939,house,3,7.354,7.7206525802612305
15218600457,house,3,8.1188,8.381424903869629
15219800514,house,5,8.3349,8.333480834960938
15220300201,house,3,7.8871,7.938514709472656
15220700447,house,3,7.7018,8.107450485229492
15221701080,house,3,7.8706,7.889200210571289
15221900431,house,3,8.0126,8.476958274841309
15222000647,house,3,7.9312,7.930233478546143
15223000144,house,3,8.4842,8.678182601928711
15223300474,house,3,7.9814,8.179275512695312
15223300482,house,3,7.6713,7.891534805297852
15223400088,house,3,9.2103,8.832515716552734
15224200856,house,5,7.8171,7.674692153930664
15224800349,house,5,8.8537,8.366762161254883
15225001172,house,5,8.0368,7.64992094039917
15225200418,house,5,8.1486,7.672566890716553
15225500926,house,5,8.3837,8.190286636352539
15226000978,house,5,8.4118,8.342358589172363
15226600282,house,5,9.105,9.001194953918457
15228301071,house,5,7.4674,7.5091400146484375
15228400590,house,5,7.2409,7.759487152099609
15229000715,house,5,8.0368,7.9817399978637695
15229001096,house,5,8.5791,8.18442153930664
15229100795,house,5,7.6557,7.826039791107178
15230300212,house,5,8.1017,8.097972869873047
15231200483,house,3,8.061,8.05191707611084
15231200602,house,3,8.4864,8.464767456054688
15231300062,house,3,7.7402,7.854768753051758
15231300801,house,3,7.8781,7.901623249053955
15231700028,house,3,8.2565,8.536310195922852
15232700730,house,3,7.8308,7.906331539154053
15233500425,house,3,8.4051,7.92967414855957
15234100811,house,3,8.4566,8.3914213180542
15235500414,house,3,7.6491,7.798806190490723
15235700571,house,5,8.5564,8.322619438171387
15235800221,house,5,7.2644,7.6313276290893555
15236600455,house,5,8.0064,8.49087142944336
15300900434,house,3,8.4203,8.364330291748047
15302600055,house,3,7.4838,8.11363410949707
15302700068,house,3,8.1007,8.149007797241211
15302800038,house,3,7.4186,8.179603576660156
15303100056,house,3,8.294,8.257463455200195
15303500291,house,3,9.3033,8.603570938110352
15305700174,house,3,7.5028,7.812743186950684
15309200540,house,3,7.9348,8.129393577575684
15309400574,house,3,7.8903,7.777730464935303
15309400612,house,3,7.5394,7.816088676452637
15309800394,house,3,7.6654,7.87579345703125
15310300324,house,3,8.3972,8.150511741638184
15310304346,house,3,8.5172,8.505786895751953
15310304631,house,3,8.9826,8.522720336914062
15310304834,house,3,8.4947,8.479422569274902
15310304907,house,3,8.2149,8.160755157470703
15310401090,house,3,8.947,8.523116111755371
15310700659,house,3,7.5496,8.065930366516113
15312700087,house,3,7.3554,7.762983798980713
15318300269,house,3,7.4574,7.615005970001221
15400200353,house,3,8.2221,8.182284355163574
15402000319,house,3,9.0595,8.525946617126465
15405000298,house,3,8.3222,8.002119064331055
15405600708,house,3,7.9076,7.714426517486572
15405700311,house,3,7.9866,7.791680812835693
15406100377,house,3,8.7269,8.729822158813477
15406700773,house,3,7.6322,7.919412136077881
15406800824,house,3,7.7096,7.978339672088623
15407000562,house,3,7.7728,8.294662475585938
15409700324,house,3,7.2442,7.916110038757324
15409901109,house,3,8.0472,7.998185157775879
15415500617,house,3,7.29,8.101774215698242
15416900643,house,3,8.3774,8.366063117980957
15418200398,house,3,8.1445,8.299936294555664
15501400706,house,3,7.8867,8.0067138671875
15501400803,house,3,8.121,8.308744430541992
15501500360,house,3,8.2137,8.201321601867676
15501900581,house,3,9.028,8.960521697998047
15502001112,house,3,7.7898,7.689114570617676
15502100366,house,3,8.2548,8.428837776184082
15506600088,house,3,8.6871,8.71163272857666
15506800321,house,3,8.9635,8.647405624389648
15507100372,house,3,8.5172,8.379959106445312
15508200044,house,3,9.036,8.335026741027832
15508500080,house,3,8.4833,8.496891021728516
15508800394,house,3,7.7648,7.858430862426758
15509800241,house,3,8.9628,8.496872901916504
15509800460,house,3,7.7267,7.831128120422363
15511000352,house,3,7.824,8.159066200256348
15511000549,house,3,8.4372,8.293136596679688
15512300309,house,3,7.274,8.285380363464355
15512400184,house,3,7.9576,8.606080055236816
15512400192,house,3,7.9576,8.606080055236816
15512400206,house,3,7.9576,8.61119270324707
15512700455,house,3,8.6088,8.54805850982666
15512800387,house,3,8.7096,8.44481086730957
15512800549,house,3,8.4624,8.609922409057617
15512900551,house,3,8.5817,8.684657096862793
15517100103,house,3,7.9638,8.110418319702148
15517800164,house,3,8.8291,8.33879280090332
15517800172,house,3,8.363,8.162595748901367
15518001461,house,3,7.9927,8.31525993347168
15518001648,house,3,7.7611,7.855585098266602
15518600258,house,3,7.5713,8.066055297851562
15519001013,house,3,7.8575,7.977904319763184
15520500941,house,3,7.8886,8.323443412780762
15521000746,house,3,8.3564,8.37143611907959
15521500870,house,3,8.3962,8.507855415344238
15522000510,house,3,8.193,7.985286235809326
15528400405,house,3,7.6721,7.97661018371582
15529500071,house,3,7.9973,8.059720039367676
15529900551,house,3,8.8173,8.653797149658203
15529900851,house,3,7.7306,8.385228157043457
15530500152,house,3,7.6052,7.795446395874023
15531101537,house,3,7.7753,7.765041351318359
15531101596,house,3,8.0035,8.1542329788208
15600400038,house,3,8.4527,8.465372085571289
15600400585,house,3,7.9897,7.841712951660156
15600501136,house,3,8.2434,7.956162452697754
15601200611,house,3,7.5692,8.307785987854004
15601300738,house,3,7.7099,7.858120918273926
15601500151,house,3,8.5312,8.427511215209961
15601801141,house,3,8.1742,8.140005111694336
15603300255,house,3,8.948,8.30120849609375
15605001344,house,3,8.5352,8.735214233398438
15605001522,house,3,8.5004,8.705706596374512
15606200294,house,3,7.9478,8.056031227111816
15610400448,house,3,7.1665,7.939356803894043
15701300705,house,1,7.7832,8.204606056213379
15704200426,house,1,8.2528,8.166409492492676
15704300242,house,1,7.8803,8.056295394897461
15705000838,house,1,7.8886,8.138189315795898
15705600223,house,1,8.0925,8.076017379760742
15706100178,house,1,7.9811,7.999789237976074
15706500281,house,1,7.768,7.9893364906311035
15707100082,house,1,8.4804,8.231151580810547
15709202044,house,1,8.1237,8.284465789794922
15709603529,house,1,8.5705,8.636860847473145
15710100225,house,1,7.6009,7.770017623901367
15711300163,house,1,8.5598,8.141457557678223
15711600248,house,1,8.1045,7.902565956115723
15711600264,house,1,8.0286,7.83508825302124
15711800786,house,1,7.8192,7.704636573791504
15711900144,house,1,7.8119,7.791001319885254
15713900079,house,1,7.9492,8.410675048828125
15715900041,house,1,8.1301,7.8350911140441895
15718602051,house,1,7.9327,8.4293794631958
15720702244,house,1,8.7869,8.626317024230957
15720702325,house,1,8.7685,8.624645233154297
15720703496,house,1,8.7699,8.694890022277832
15723300481,house,1,8.5172,8.159186363220215
15723400230,house,1,7.3065,8.171975135803223
15900200867,house,8,8.1022,8.367076873779297
15901500465,house,8,8.3187,8.334051132202148
15903200574,house,8,8.328,8.616978645324707
15903700348,house,8,8.3517,8.63580322265625
15904300017,house,8,7.9436,8.26357650756836
15906100074,house,8,8.4118,8.565885543823242
15908800235,house,8,7.6522,8.501465797424316
15912600377,house,8,7.7129,8.612445831298828
15915800806,house,8,7.2809,8.295145034790039
15915900381,house,8,8.3349,8.807052612304688
15917901057,house,8,8.3693,8.729692459106445
15919000278,house,8,8.5172,8.672260284423828
15919100639,house,8,8.5058,8.78349494934082
15920000898,house,8,8.0217,8.391121864318848
15920100337,house,8,8.0943,8.435301780700684
15921500185,house,8,8.5299,8.892745018005371
15921500266,house,8,8.6864,8.888184547424316
15921700052,house,8,8.8116,8.88842487335205
15921800952,house,8,8.6408,8.980355262756348
15921801071,house,8,8.6833,9.034456253051758
15921900930,house,8,8.6944,8.949162483215332
15922301658,house,8,8.7179,8.587739944458008
15922301666,house,8,8.6679,8.469841957092285
15922302050,house,8,8.196,8.484458923339844
15922500227,house,8,8.2716,8.836126327514648
15922700412,house,8,8.5974,8.864541053771973
15923500867,house,8,8.0919,8.60110855102539
15923800461,house,8,8.5817,8.868915557861328
15923800658,house,8,8.5564,8.869257926940918
15923800781,house,8,8.7916,8.862455368041992
15923801980,house,8,8.3774,8.89262866973877
15924200549,house,8,8.6713,8.718769073486328
15925600461,house,8,7.8656,8.043065071105957
15926600110,house,8,7.6615,8.187593460083008
15927400263,house,8,9.2873,8.892244338989258
15927600513,house,8,8.5898,8.757100105285645
15927600521,house,8,8.2048,8.809673309326172
15927601218,house,8,8.6656,8.844425201416016
15927700321,house,8,8.9917,8.962905883789062
15928100190,house,8,8.2978,8.446321487426758
15928300033,house,8,8.4815,8.502857208251953
15928300254,house,8,8.0427,8.688685417175293
16000800230,house,8,8.4603,8.400364875793457
16001000149,house,8,9.1711,8.33685302734375
16001101220,house,8,8.8598,8.35955810546875
16005200071,house,8,7.6601,8.688158988952637
16005500146,house,8,7.3112,8.081371307373047
16006400358,house,8,8.1336,8.30611515045166
16007600024,house,8,8.55,8.342584609985352
16009500280,house,8,7.744,7.957476615905762
16009600277,house,8,7.5727,7.817992687225342
16011401170,house,8,7.847,8.183490753173828
16011401359,house,8,8.1391,8.253190994262695
16011401693,house,8,7.8854,8.186092376708984
16011401741,house,8,7.8781,8.296024322509766
16011401782,house,8,7.7923,8.233903884887695
16013100380,house,8,8.311,8.207010269165039
16013500370,house,8,8.5253,8.362325668334961
16014200168,house,8,7.7475,8.200311660766602
16015502011,house,8,8.2295,8.293455123901367
16015800169,house,8,8.1358,8.210126876831055
16016600491,house,8,8.9079,8.448579788208008
16016700524,house,8,8.5855,8.301953315734863
16016702594,house,8,8.993,8.162314414978027
16016702756,house,8,8.5895,8.480339050292969
16016800030,house,8,8.377,8.13106918334961
16016800340,house,8,8.3728,8.146507263183594
16016900760,house,8,8.1958,8.14494514465332
16016902518,house,8,8.2195,8.216991424560547
16017000046,house,8,8.323,8.212753295898438
16017400311,house,8,8.4358,8.216096878051758
16017401857,house,8,8.1489,8.101661682128906
16017708189,house,8,8.1511,8.499370574951172
16017800931,house,8,8.8264,8.563491821289062
16017900403,house,8,7.9663,7.870315074920654
16018301104,house,8,8.6484,8.446123123168945
16018600241,house,8,8.0789,8.175107955932617
16018700718,house,8,8.1509,8.464536666870117
16019500356,house,8,8.0709,7.995419025421143
16020200034,house,8,8.3953,8.375509262084961
16020800147,house,8,7.824,8.394115447998047
16021101250,house,8,7.9081,8.291945457458496
16021300709,house,8,8.7796,8.686708450317383
16021700472,house,8,8.7269,8.510076522827148
16021800205,house,8,8.7226,8.31298542022705
16021900269,house,8,8.5434,8.495626449584961
16022500851,house,8,8.4102,8.421497344970703
16022900564,house,8,8.1407,8.199116706848145
16023400301,house,8,8.2472,8.27119255065918
16023500063,house,8,8.3191,8.033197402954102
16023600025,house,8,8.0613,7.987541198730469
16025000602,house,8,8.9826,8.643138885498047
16025600324,house,8,7.7848,8.082757949829102
16025700655,house,8,8.4101,8.233549118041992
16026000959,house,8,8.1807,8.378069877624512
16026600050,house,8,7.8484,8.370809555053711
16027000111,house,8,8.8537,8.76738452911377
16027300808,house,8,8.0661,8.111591339111328
16027600321,house,8,8.2396,8.464510917663574
16027700121,house,8,8.1187,8.126235008239746
16028100063,house,8,8.9368,8.3673734664917
16028200254,house,8,8.6088,8.415329933166504
16028300291,house,8,9.3898,8.384960174560547
16028303290,house,8,8.072,8.647747039794922
16028601070,house,8,8.2985,8.34329605102539
16029400141,house,8,8.1665,7.899832725524902
16029900233,house,8,8.0325,7.945722579956055
16030000127,house,8,8.7856,7.906125068664551
16030200029,house,8,8.0615,7.767736911773682
16030500138,house,8,9.6623,8.444355010986328
16030900152,house,8,8.0959,7.918103218078613
16030900543,house,8,7.8931,7.952338695526123
16031100192,house,8,8.2906,7.81677770614624
16031400341,house,8,8.3187,7.95467472076416
16031700051,house,8,8.3501,7.824419021606445
16031800178,house,8,8.9265,8.405474662780762
16031800488,house,8,8.9661,8.402843475341797
16031800526,house,8,8.9188,8.404327392578125
16032000175,house,8,7.5366,8.022438049316406
16032200271,house,8,8.5796,7.973835468292236
16032700150,house,8,8.7347,8.109466552734375
16032900028,house,8,8.2999,8.064249038696289
16033100114,house,8,8.27,7.8284101486206055
16034200104,house,8,9.0292,8.177471160888672
16034500167,house,8,8.7641,8.387819290161133
16035900223,house,8,9.0983,8.386449813842773
16036100271,house,8,8.6646,8.168190956115723
16036200731,house,8,8.6622,8.246183395385742
16036200799,house,8,8.7186,8.364112854003906
16036300637,house,8,8.0418,8.585214614868164
16036501616,house,8,8.4531,8.33309555053711
16036501871,house,8,8.3066,8.274099349975586
16036502396,house,8,8.0634,8.198711395263672
16036502541,house,8,7.7415,8.312705039978027
16036502558,house,8,7.7064,8.294790267944336
16036802772,house,8,8.0472,8.172929763793945
16101100293,house,2,7.61,7.97230339050293
16104200167,house,2,7.6879,8.041525840759277
16111700080,house,2,8.5898,8.262855529785156
16113100171,house,2,7.6522,7.891845703125
16114400258,house,2,7.7042,8.024236679077148
16117100778,house,2,7.6009,8.016864776611328
16118600235,house,2,7.4468,8.253662109375
16200132401,house,2,9.5981,8.77655029296875
16201100511,house,2,8.2266,8.25246810913086
16201400167,house,2,8.2816,8.523555755615234
16203503079,house,2,8.7123,8.565261840820312
16204200533,house,2,8.4844,8.339776992797852
16204300872,house,2,8.2396,8.309954643249512
16204300899,house,2,8.1648,8.301100730895996
16204600620,house,2,8.4017,8.277891159057617
16205600276,house,2,8.3693,8.364896774291992
16206201049,house,2,8.4118,8.309110641479492
16206300993,house,2,8.061,7.924404144287109
16206800546,house,2,8.4118,8.335798263549805
16206900273,house,2,8.2295,8.393741607666016
16207200828,house,2,8.9465,8.536317825317383
16207701339,house,2,8.3796,8.200828552246094
16207701551,house,2,8.2295,8.604087829589844
16207701649,house,2,8.2245,8.195743560791016
16207701681,house,2,8.6995,8.503166198730469
16207800248,house,2,8.5,8.285811424255371
16208000156,house,2,7.8728,8.19372844696045
16213700438,house,2,8.898,8.424798965454102
16214700253,house,2,8.0976,8.149280548095703
16215200416,house,2,8.6125,8.624069213867188
16218300081,house,2,8.4764,8.518316268920898
16219000391,house,2,7.9959,8.496601104736328
16220101196,house,2,8.554,8.505107879638672
16221400820,house,2,8.4527,8.328232765197754
16221603136,house,2,8.0709,8.218047142028809
16300600121,house,2,7.3385,8.027278900146484
16301000551,house,2,8.716,8.185928344726562
16303500012,house,2,9.1532,8.529500007629395
16304000102,house,2,8.0472,8.553339958190918
16306400019,house,2,7.6009,8.33498764038086
16308400261,house,2,8.2013,8.362151145935059
16310000208,house,2,8.6863,8.5158052444458
16310302239,house,2,9.1711,8.41275405883789
16312500151,house,2,8.3042,8.221841812133789
16317500427,house,2,8.4894,8.502275466918945
16318000797,house,2,7.9447,8.032304763793945
16318600328,house,2,8.4039,8.29282283782959
16321000387,house,2,8.3735,8.269492149353027
16321200890,house,2,8.6535,8.371997833251953
16321300186,house,2,7.8666,8.060708999633789
16321701806,house,2,8.0702,7.991974830627441
16321800499,house,2,8.601,8.218395233154297
16322100288,house,2,8.3404,8.031947135925293
16323600111,house,2,7.5492,8.050804138183594
16323700173,house,2,8.4659,8.328054428100586
16324500461,house,2,8.4764,8.43181037902832
16411400147,house,2,8.2295,8.24746036529541
16412200273,house,2,8.101,7.8570709228515625
16500400584,house,8,7.1562,7.746499061584473
16503800338,house,2,8.0208,8.274023056030273
16504500451,house,8,7.3565,7.8474531173706055
16504502624,house,8,7.5708,8.61256217956543
16504700523,house,2,7.9111,7.969932556152344
16505900305,house,2,9.3645,9.038267135620117
16506600488,house,2,8.9569,8.663244247436523
16507700672,house,2,8.5598,8.403484344482422
16509400595,house,2,7.8392,7.819413185119629
16509800143,house,2,7.6592,7.746320724487305
16509901829,house,2,8.1987,8.591309547424316
16509902531,house,2,8.294,8.51959228515625
16510200421,house,8,8.0409,8.254549980163574
16510300582,house,2,7.1954,7.780821800231934
16511301256,house,2,8.4527,8.240104675292969
16512400266,house,8,8.9942,8.486302375793457
16512700472,house,8,8.5292,8.350923538208008
16516100178,house,2,8.0064,8.231376647949219
16519300399,house,2,8.2858,8.343147277832031
16519700321,house,8,7.6009,7.784355640411377
16520400105,house,8,7.9194,8.126443862915039
16520800103,house,8,8.3349,8.11572551727295
16521000321,house,8,7.6009,8.24366569519043
16521300449,house,8,7.805,7.717362403869629
16521800352,house,8,8.5172,8.369058609008789
16527300191,house,2,8.3746,8.104297637939453
16527400054,house,2,8.0725,8.069832801818848
16534500141,house,8,8.3349,7.970922470092773
16534900105,house,2,8.1605,8.131633758544922
16535100285,house,2,8.5817,9.003028869628906
16536502190,house,2,7.8753,8.203367233276367
16536800175,house,8,8.1047,7.843753337860107
16536800523,house,8,8.4417,8.226320266723633
16537000474,house,8,7.5441,7.638742923736572
16538401863,house,2,7.5319,7.814170837402344
16538600130,house,2,8.0448,8.079580307006836
16542701531,house,8,8.2054,8.498321533203125
16601400113,house,8,7.9368,8.06958293914795
16601500339,house,8,8.3194,7.978641986846924
16602300384,house,8,8.4917,8.431074142456055
16603300361,house,8,7.6414,7.946070671081543
16603700173,house,8,8.1028,8.299538612365723
16605400533,house,8,7.8982,8.289894104003906
16606501589,house,8,8.5846,8.341045379638672
16606700311,house,8,8.074,7.95896053314209
16606800942,house,8,8.0317,8.29697036743164
16607500330,house,8,8.2008,7.7941765785217285
16607500640,house,8,9.1458,8.047630310058594
16608700317,house,8,8.0634,8.011541366577148
16610200253,house,8,8.4764,8.106298446655273
16611600174,house,8,7.4876,7.812644004821777
16612000081,house,8,8.4674,8.236306190490723
16612500645,house,8,7.4547,7.550502777099609
16612600526,house,8,8.2659,8.243127822875977
16612900082,house,8,7.9644,7.773881912231445
16613400318,house,8,7.419,7.79155158996582
16614000208,house,8,8.5728,8.375728607177734
16614000534,house,8,8.8919,8.591447830200195
16614100032,house,8,7.4928,7.809796333312988
16614500227,house,8,8.2247,7.973340034484863
16615501601,house,8,8.0949,8.277410507202148
16616500046,house,8,8.2334,8.177488327026367
16616500534,house,8,8.5909,8.190296173095703
16616700241,house,8,8.6133,8.435873031616211
16617500163,house,8,9.3645,8.491630554199219
16618400081,house,8,8.8537,8.251258850097656
16620800288,house,8,8.635,8.436668395996094
16621200764,house,8,8.6021,8.294795036315918
16621600088,house,8,7.4186,7.490795612335205
16622800285,house,8,9.1901,8.43721866607666
16626500057,house,8,7.9294,8.102560043334961
16626500197,house,8,7.7832,7.919410228729248
16627100362,house,8,8.6125,8.515462875366211
16628400602,house,8,8.9566,8.470943450927734
16628501352,house,8,8.5442,8.30358600616455
16628900931,house,8,8.8537,8.525203704833984
16701900916,house,8,8.596,8.516458511352539
16701901084,house,8,8.9602,8.519501686096191
16702400232,house,8,8.5172,8.290133476257324
16702800291,house,8,7.744,8.175697326660156
16704100163,house,8,8.7179,8.196985244750977
16706500452,house,8,8.2021,8.431297302246094
16713000011,house,8,7.1988,7.507778167724609
16713100510,house,8,8.7829,8.688800811767578
16716600611,house,8,7.3613,7.417405128479004
16717600070,house,8,7.14,7.881178379058838
16722800104,house,8,8.6507,8.394552230834961
16726700600,house,8,7.751,8.217926025390625
16800500495,house,8,8.7988,8.37149429321289
16801600264,house,8,8.752,8.580035209655762
16801800441,house,8,7.6083,8.177541732788086
16801900322,house,8,8.3547,8.146733283996582
16801900462,house,8,7.506,7.991927146911621
16802000422,house,8,8.6961,8.307781219482422
16802200340,house,8,8.3588,8.255450248718262
16802601302,house,8,8.2548,8.334566116333008
16802900202,house,8,8.6424,8.357217788696289
16803400068,house,8,8.6995,8.41297721862793
16803400157,house,8,8.1807,8.17309284210205
16805600821,house,8,8.3508,8.207865715026855
16806400565,house,8,8.0064,8.27053165435791
16806701190,house,8,8.163,7.972883224487305
16806702081,house,8,7.9749,8.24797534942627
16806800229,house,8,8.0273,8.012343406677246
16807101316,house,8,8.3268,8.310574531555176
16807101545,house,8,7.7031,8.175043106079102
16808000981,house,8,8.1773,7.9610700607299805
16808800676,house,8,8.1308,8.31367301940918
16808800986,house,8,8.9798,8.332259178161621
16810010296,house,8,8.895,8.412084579467773
16810801269,house,8,8.4333,8.645889282226562
16811100590,house,8,9.0991,8.731786727905273
16811200137,house,8,8.8049,8.64354133605957
16812600260,house,8,9.2367,8.994827270507812
16813500189,house,8,8.553,8.306375503540039
16814100370,house,8,8.0823,8.454787254333496
16814400099,house,8,8.2221,8.130121231079102
16818800822,house,8,8.0805,8.218578338623047
16818800946,house,8,8.1897,8.372583389282227
16821700061,house,8,8.6353,8.169989585876465
16822100201,house,8,8.6797,8.262964248657227
16822900674,house,8,8.4338,8.48139476776123
16823300069,house,8,8.2559,8.091949462890625
16825600167,house,8,8.9917,8.426994323730469
16825601120,house,8,8.4795,8.543996810913086
16825601201,house,8,9.1865,8.750381469726562
16825800611,house,8,7.9447,8.409613609313965
16825900098,house,8,8.2264,8.491144180297852
16827200964,house,8,8.6018,8.593326568603516
16827201065,house,8,8.1017,8.217018127441406
16827700932,house,8,8.294,8.435979843139648
16828000551,house,8,8.4192,8.429899215698242
16828100084,house,8,8.3462,7.9167351722717285
16831100049,house,8,8.5352,8.544971466064453
16832004388,house,8,8.3086,8.313485145568848
16832004612,house,8,8.5554,8.568958282470703
16832005147,house,8,8.7699,8.606061935424805
16832100662,house,8,8.3843,7.857365608215332
16832101235,house,8,8.5979,8.442719459533691
16832200179,house,8,8.4596,8.443892478942871
16832305418,house,8,8.0415,8.178349494934082
16832305541,house,8,8.0182,8.178349494934082
16832407989,house,8,7.9225,8.152667045593262
16901900553,house,8,8.3152,8.143404006958008
16905400164,house,8,8.7641,8.710685729980469
16907000244,house,8,8.5598,8.335525512695312
16908100269,house,8,7.8155,8.239197731018066
16908300195,house,8,7.744,8.171953201293945
16908400203,house,8,8.3248,8.257294654846191
16913200179,house,8,8.7366,8.26395034790039
16913301080,house,8,8.6507,8.745918273925781
16916000383,house,8,7.6076,7.900846481323242
16925100077,house,8,7.6875,8.148215293884277
16925300262,house,8,8.5172,8.468829154968262
16926500788,house,8,7.8623,8.187328338623047
16927500056,house,8,7.9122,8.038993835449219
16930406626,house,8,9.1466,8.591498374938965
17004100285,house,8,8.8739,8.186372756958008
17004101151,house,8,8.403,8.334609031677246
17004101168,house,8,8.5397,8.331714630126953
17009100151,house,8,8.75,8.28072738647461
17009100410,house,8,8.8377,8.476419448852539
17015400234,house,8,8.8607,8.987619400024414
17101000052,house,8,8.2137,8.145366668701172
17101100367,house,8,8.3808,9.07693862915039
17106200475,house,8,8.8674,8.744979858398438
17106202052,house,8,9.0033,8.8685302734375
17106202265,house,8,8.5545,9.111309051513672
17108000295,house,8,8.0484,8.848535537719727
17108500166,house,8,8.1757,8.783673286437988
17109500046,house,8,8.1117,8.624992370605469
17109500240,house,8,7.8982,8.820927619934082
17111000543,house,8,8.9227,8.611963272094727
17111000561,house,8,8.0661,8.198816299438477
17111900668,house,8,7.7975,8.137893676757812
17114700082,house,8,8.1315,8.216151237487793
17118400083,house,8,7.5583,8.103597640991211
17121900601,house,8,8.2643,8.721702575683594
17121900725,house,8,8.3642,8.726404190063477
17121900989,house,8,8.3649,8.725348472595215
17121901187,house,8,8.1599,8.678386688232422
17122200875,house,8,8.3143,8.198861122131348
17124000210,house,8,8.5405,9.148540496826172
17124100339,house,8,7.9311,8.822800636291504
17124702096,house,8,8.5952,8.59733772277832
17125000291,house,8,8.3969,8.24650764465332
17125100391,house,8,8.1616,8.282888412475586
17125500225,house,8,8.3268,8.20988655090332
17125600548,house,8,8.9143,8.333146095275879
17126000188,house,8,8.2113,8.203739166259766
17126200421,house,8,8.408,8.119989395141602
17126705742,house,8,9.5468,8.995874404907227
17126705750,house,8,9.6803,8.997415542602539
17126706323,house,8,9.5819,8.997745513916016
17126706498,house,8,8.243,9.02940845489502
17126706641,house,8,9.5321,9.036945343017578
17126707125,house,8,9.5887,9.037264823913574
17126707176,house,8,9.4833,9.037264823913574
17126707311,house,8,9.5508,9.076417922973633
17126707605,house,8,9.5047,9.046627044677734
17126707729,house,8,8.438,9.066550254821777
17126710770,house,8,9.3628,9.067700386047363
17127300770,house,8,8.6046,9.040026664733887
17127400090,house,8,8.1995,8.86783218383789
17127400211,house,8,8.6335,8.770503044128418
17127600537,house,8,8.5913,8.772117614746094
17127601193,house,8,8.5638,8.941621780395508
17127700019,house,8,8.3428,8.952932357788086
17127700027,house,8,8.2637,8.843411445617676
17127900451,house,8,7.7118,8.841498374938965
17128500153,house,8,8.7584,9.058221817016602
17128500196,house,8,8.6743,8.881598472595215
17129500262,house,8,8.1987,8.444524765014648
17203200761,house,2,7.4674,7.8709917068481445
17206200396,house,2,9.3439,8.521246910095215
17206300171,house,2,8.6009,8.061566352844238
17207900774,house,2,8.1536,7.783282279968262
17208200581,house,2,8.8537,8.76636028289795
17208400511,house,2,8.3104,8.301212310791016
17209600158,house,2,8.6995,8.07201099395752
17212900264,house,2,8.1117,8.299464225769043
17213400184,house,2,8.8049,8.603252410888672
17213400540,house,2,8.5462,8.432865142822266
17214800674,house,2,7.8894,7.915484428405762
17217900572,house,2,7.676,7.69122314453125
17217900831,house,2,8.207,8.07003116607666
17217901153,house,2,8.1845,8.480169296264648
17219500784,house,2,7.8023,8.008295059204102
17219500814,house,2,7.8023,8.014713287353516
17220100581,house,2,7.7331,7.785769462585449
17220400097,house,2,8.2659,8.267419815063477
17224700443,house,2,8.2642,8.331384658813477
17225500154,house,2,7.9391,8.299886703491211
17231201260,house,2,7.7205,7.739641189575195
17231204529,house,2,7.7063,7.931200981140137
17235500068,house,2,7.6522,8.199909210205078
17237100334,house,2,9.4918,8.674375534057617
17239100846,house,2,8.087,8.196817398071289
17300100091,house,2,8.305,8.114269256591797
17300200523,house,2,8.4914,8.316250801086426
17300802191,house,2,8.1905,8.206287384033203
17300804100,house,2,8.6284,8.488805770874023
17301300394,house,2,8.2396,8.134689331054688
17301500628,house,2,8.3894,8.166982650756836
17301600721,house,2,8.4844,8.621419906616211
17302000718,house,2,8.7242,8.231800079345703
17302000920,house,2,8.2048,8.393379211425781
17303800084,house,2,8.0338,8.010026931762695
17305800227,house,2,7.6937,7.77853536605835
17306502157,house,2,8.5817,8.426158905029297
17306600361,house,2,7.5719,7.752444744110107
17308400033,house,2,8.9056,8.542293548583984
17311300494,house,2,8.7184,8.20293140411377
17311600129,house,2,8.5523,8.377860069274902
17312800814,house,2,8.4482,8.189297676086426
17314100704,house,2,8.1605,8.384225845336914
17316801432,house,2,7.4578,7.881909370422363
17320801166,house,2,8.1658,7.987884044647217
17320900636,house,2,8.3664,8.199804306030273
17322400665,house,2,8.576,8.54888916015625
17324100189,house,2,8.7796,8.79232406616211
17325200462,house,2,7.9111,8.190887451171875
17327300995,house,2,8.3349,8.225078582763672
17329600147,house,2,7.6989,8.393206596374512
17329800103,house,2,8.6744,8.196685791015625
17330000077,house,2,8.7044,8.380435943603516
17330200351,house,2,8.0983,8.782720565795898
17330300781,house,2,8.5732,8.20782470703125
17330303142,house,2,7.8034,7.9104509353637695
17330303223,house,2,8.5172,8.478997230529785
17330303347,house,2,8.1425,8.52667236328125
17332000295,house,2,8.2987,8.11794662475586
17332200103,house,2,8.5041,8.358189582824707
17332500085,house,2,8.6713,8.452289581298828
17335400405,house,2,8.576,8.400409698486328
17410900147,house,2,8.0064,8.036453247070312
17412800050,house,2,8.127,8.372060775756836
17415600060,house,2,7.7564,8.074220657348633
17416200074,house,2,8.1718,7.963865280151367
17419400112,house,2,8.0348,8.212810516357422
17419500117,house,2,8.1927,8.197964668273926
17420300088,house,2,8.5399,8.444883346557617
17422700016,house,2,8.0266,8.172161102294922
17423000069,house,2,7.5617,8.524349212646484
17424900748,house,2,7.7551,7.972415447235107
17426000809,house,2,7.1351,7.674493789672852
17501600091,house,2,7.1919,7.830779075622559
17504000174,house,2,8.6445,8.713951110839844
17504100081,house,2,8.363,8.533112525939941
17507300594,house,2,8.0692,8.10496997833252
17510600420,house,2,8.6398,8.752518653869629
17511600815,house,2,8.1117,7.941679954528809
17512900448,house,2,7.2796,7.932673454284668
17515700237,house,2,9.2103,8.884894371032715
17515700644,house,2,7.6283,8.080709457397461
17515701179,house,2,8.1521,8.045694351196289
17516500177,house,2,8.3211,8.594823837280273
17518100362,house,2,8.6938,8.453514099121094
17518300477,house,2,9.1334,8.663708686828613
17519500259,house,2,7.5553,8.099233627319336
17520800112,house,2,9.3157,8.992692947387695
17520801283,house,2,8.7274,8.985020637512207
17521800231,house,2,8.2171,8.59306812286377
17604200507,house,2,8.479,8.363737106323242
17607600204,house,2,9.0478,8.847610473632812
17609700028,house,2,8.4392,8.414685249328613
17609900231,house,2,8.9115,8.554744720458984
17612000139,house,2,8.9561,8.795896530151367
17616400107,house,2,8.7954,8.565555572509766
17702101554,house,2,7.4563,7.993908882141113
17702102577,house,2,8.6117,8.203268051147461
17702102763,house,2,8.6742,8.240883827209473
17708100134,house,2,8.6713,8.635599136352539
17708600218,house,2,7.8104,8.530078887939453
17711200421,house,2,8.4631,8.25943660736084
17715100209,house,2,9.0595,8.596059799194336
17715800685,house,2,8.6507,8.528812408447266
17800700045,house,2,8.4939,8.289706230163574
17800700061,house,2,8.974,8.595285415649414
17801400517,house,2,8.482,8.658695220947266
17801400551,house,2,9.115,8.658695220947266
17801400924,house,2,8.7865,8.594354629516602
17804900251,house,2,8.0549,8.033148765563965
17804900499,house,2,8.6995,8.651947021484375
17807400608,house,2,7.7107,8.205541610717773
17811500220,house,2,9.4335,8.814432144165039
17811500621,house,2,8.2173,8.565468788146973
17811600071,house,2,9.0027,8.76783561706543
17812500194,house,2,8.0036,8.10284423828125
17813700863,house,2,8.3547,8.378385543823242
17816400941,house,2,7.8812,8.256728172302246
17816401247,house,2,7.9194,8.146273612976074
17818000061,house,2,7.5583,8.030017852783203
17902100195,house,2,8.0472,8.302963256835938
18000600391,house,8,8.6068,8.408263206481934
18000600624,house,8,9.105,8.704042434692383
18000700157,house,8,8.0529,8.264604568481445
18002100122,house,8,8.7891,9.025969505310059
18003900440,house,8,8.5713,8.162230491638184
18003901196,house,8,8.6305,8.37916374206543
18004000389,house,8,8.2795,7.648252487182617
18101800149,house,8,7.3614,8.04665756225586
18102701357,house,8,7.7564,7.953856945037842
18103901031,house,8,8.4551,8.154194831848145
18107503375,house,8,7.6417,7.869009017944336
18107503693,house,8,8.5834,8.395051956176758
18108800306,house,8,7.5314,7.7313971519470215
18111600193,house,8,7.9184,8.185890197753906
18200400203,house,8,9.116,8.437542915344238
18200400823,house,8,7.8483,7.552397727966309
18201000985,house,8,8.5172,8.368988037109375
18202700591,house,8,8.941,8.675270080566406
18202701057,house,8,8.5172,8.506038665771484
18202701073,house,8,8.4808,8.508747100830078
18204000226,house,8,8.5913,8.465309143066406
18300300413,house,8,9.1814,8.689254760742188
18300800645,house,8,9.5468,8.809980392456055
18301600313,house,8,7.6009,7.883326053619385
18304200431,house,8,8.0196,7.816108703613281
18305500224,house,8,8.3109,8.296812057495117
18305900486,house,8,7.9374,8.140766143798828
18306600192,house,8,8.3349,8.774131774902344
18306700324,house,8,8.4793,8.305028915405273
18307500760,house,8,7.4487,7.902157783508301
18309103289,house,8,8.4402,8.410134315490723
18309800192,house,8,8.2272,8.146133422851562
18310100336,house,8,8.8457,8.347636222839355
18310200251,house,8,8.2324,8.105358123779297
18311001560,house,8,8.0934,8.630224227905273
18311001919,house,8,8.5377,8.281530380249023
18311200334,house,8,8.425,8.241734504699707
18311200644,house,8,8.9616,8.421741485595703
18311200830,house,8,8.8431,8.425195693969727
18312000460,house,8,8.9488,8.634078979492188
18312000827,house,8,8.6103,8.529590606689453
18312000940,house,8,8.7152,8.482654571533203
18312001327,house,8,8.762,8.57728099822998
18312002579,house,8,9.1086,8.583824157714844
18312002633,house,8,8.8787,8.583824157714844
18312002773,house,8,8.8112,8.483664512634277
18312101321,house,8,8.8145,8.521201133728027
18312101356,house,8,8.6226,8.521018981933594
18312205658,house,8,8.2197,8.269140243530273
18312205712,house,8,8.2566,8.234780311584473
18312205739,house,8,8.3822,8.233732223510742
18312205781,house,8,8.1065,8.237653732299805
18312205895,house,8,8.2004,8.247446060180664
18312400329,house,8,8.8377,8.636659622192383
18314100098,house,8,8.9087,8.517386436462402
18402100960,house,8,8.4219,8.23054313659668
18402500357,house,8,8.3774,8.124407768249512
18402500391,house,8,8.4188,8.416516304016113
18405200702,house,8,8.5731,8.529701232910156
18405300413,house,8,8.1887,7.975360870361328
18405600654,house,8,8.1605,8.503305435180664
18406101066,house,8,7.8514,8.561906814575195
18406101457,house,8,8.1388,8.537944793701172
18408200932,house,8,8.4369,8.645305633544922
18410600659,house,8,7.3132,8.037662506103516
18411300764,house,8,8.6746,8.294488906860352
18411500178,house,8,8.8739,8.294281959533691
18412100599,house,8,8.0064,8.055091857910156
18412600362,house,8,7.8905,7.946324348449707
18416000319,house,8,7.7551,7.934799671173096
18417800211,house,8,7.773,7.807833671569824
18418200404,house,8,7.7551,8.01917839050293
18419300186,house,8,7.5844,7.847244739532471
18419300488,house,8,7.6285,8.314229965209961
18420802254,house,8,8.7584,8.607266426086426
18420900825,house,8,8.6042,8.441448211669922
18421300163,house,8,8.135,7.9672160148620605
18421700447,house,8,7.3405,7.704126358032227
18422000430,house,8,7.8823,8.090644836425781
18422400765,house,8,8.3761,8.258218765258789
18500200471,house,8,8.0999,8.230215072631836
18500300883,house,8,7.5727,8.090378761291504
18500400535,house,8,8.1572,8.109899520874023
18500501005,house,8,8.5081,8.446106910705566
18500800800,house,8,7.7688,8.218350410461426
18501500398,house,8,8.6507,8.410603523254395
18501701423,house,8,8.4659,8.449472427368164
18502300724,house,8,8.2428,8.367387771606445
18503000627,house,8,8.5172,8.390497207641602
18503600071,house,8,7.6374,8.16153335571289
18509200441,house,8,8.1213,8.083812713623047
18509200474,house,8,8.1769,8.079523086547852
18510301742,house,8,7.5583,8.216512680053711
18511800289,house,8,8.1862,8.318374633789062
18512000413,house,8,8.1017,8.556645393371582
18512500327,house,8,7.1499,8.478687286376953
18512700474,house,8,8.8107,8.550253868103027
18513100373,house,8,8.0496,8.551060676574707
18513200777,house,8,8.0186,8.475704193115234
18514000607,house,8,8.5419,8.577224731445312
18515100397,house,8,8.2238,8.43461799621582
18605500033,house,8,7.4674,8.151901245117188
18701401830,house,7,8.4431,8.574198722839355
18701402020,house,7,8.2506,8.55346965789795
18702300167,house,7,7.8005,8.558370590209961
18702900131,house,7,8.8049,8.638277053833008
18702900709,house,7,7.9501,8.48879623413086
18703000507,house,7,7.4186,8.52485179901123
18703501166,house,7,8.3413,8.55042552947998
18703700185,house,7,7.6009,8.45073127746582
18705901900,house,7,7.1602,8.369175910949707
18705901994,house,7,7.4171,8.386305809020996
18705902699,house,7,7.9041,8.36690902709961
18711000022,house,7,8.2,8.501646041870117
18712500266,house,7,7.8414,8.378754615783691
18713200134,house,7,8.0334,8.458789825439453
18713300260,house,7,8.8562,8.572373390197754
18720500105,house,7,7.431,8.260336875915527
18720600649,house,7,8.2341,8.408500671386719
18723500394,house,7,7.6197,8.360319137573242
18723900503,house,7,7.7465,8.31647777557373
18724000263,house,7,7.824,8.450610160827637
18724700338,house,7,7.4291,8.330810546875
18800400591,house,7,8.0882,8.504781723022461
18800702588,house,7,8.8457,8.487822532653809
18800704874,house,7,8.2903,8.550928115844727
18801000021,house,7,8.2721,8.457462310791016
18801300351,house,7,7.611,8.525068283081055
18801400135,house,7,8.6472,8.650694847106934
18801400143,house,7,8.8517,8.645612716674805
18801800028,house,7,9.1521,8.684993743896484
18802900441,house,7,8.3566,8.476621627807617
18803000398,house,7,7.8925,8.504105567932129
18803101437,house,7,8.9838,8.589204788208008
18803600670,house,7,8.1391,8.501476287841797
18804100086,house,7,8.9674,8.659183502197266
18805100101,house,7,9.2103,8.567554473876953
18811501880,house,7,8.2295,8.466768264770508
18811503239,house,7,7.2531,8.393743515014648
18813100549,house,7,8.0266,8.355737686157227
18814400171,house,7,8.5685,8.511495590209961
18814800528,house,7,8.2742,8.59537124633789
18816000286,house,7,7.9999,8.359576225280762
18900100903,house,7,8.9102,8.488624572753906
18900102558,house,7,8.4491,8.456660270690918
18900102590,house,7,8.3186,8.404778480529785
18900103147,house,7,7.9587,8.420210838317871
18900103376,house,7,7.6474,8.531366348266602
18901800585,house,7,8.7113,8.518159866333008
18906201019,house,7,8.7457,8.457048416137695
18906300858,house,7,7.4611,8.249155044555664
18906700767,house,7,8.8739,8.53984260559082
18909500289,house,7,8.576,8.514631271362305
19004300766,house,7,7.1512,8.414375305175781
19005500300,house,7,7.9866,8.273112297058105
19006001952,house,7,9.0089,8.59542465209961
19006002533,house,7,7.7381,8.317530632019043
19006400067,house,7,7.5364,8.288702011108398
19008100591,house,7,8.3976,8.470848083496094
19008703873,house,7,8.4566,8.550079345703125
19101501045,house,7,7.3858,7.9374895095825195
19109900186,house,4,8.7052,7.837568759918213
19200201295,house,5,8.3489,8.600893020629883
19202600881,house,5,7.5852,8.03118896484375
19204400209,house,5,7.5924,7.565793037414551
19211200058,house,5,9.105,8.89480972290039
19212500306,house,5,7.2597,7.702175617218018
19214100453,house,5,7.8886,8.709098815917969
19305500391,house,5,7.824,7.987245082855225
19307200131,house,5,7.7945,7.899881362915039
19309800185,house,5,7.1797,7.835958480834961
19401300371,house,5,8.5852,8.321431159973145
19403300050,house,5,8.3036,8.137656211853027
19403900163,house,5,7.9647,7.768495082855225
19405000860,house,5,8.6068,8.439706802368164
19407000043,house,5,8.1526,8.780826568603516
19408800485,house,5,8.1513,8.10346508026123
19410500345,house,5,8.4462,8.228010177612305
19414501338,house,5,7.7989,7.890954971313477
19416700583,house,5,7.6009,7.716221809387207
19418300728,house,5,7.5544,7.614128589630127
19420800171,house,5,7.413,7.6992034912109375
19503100312,house,5,8.1763,8.007728576660156
19503300222,house,5,8.1605,7.996515274047852
19600100021,house,9,8.6497,8.583717346191406
19600300185,house,9,8.1117,8.427907943725586
19600300789,house,9,8.635,8.538118362426758
19600600391,house,9,8.6713,8.395150184631348
19600601721,house,9,8.5172,8.55508041381836
19600800285,house,9,8.3994,8.40945816040039
19600900077,house,9,7.6843,8.25401496887207
19601300200,house,9,8.6226,8.56350326538086
19601500331,house,9,8.1595,8.560332298278809
19601700357,house,9,7.9374,8.413591384887695
19601701159,house,9,7.9782,8.40190601348877
19601701205,house,9,8.566,8.43454360961914
19700600555,house,7,9.1466,9.00373363494873
19700600891,house,7,8.9669,9.020256042480469
19705300207,house,0,9.0624,8.938125610351562
19800300227,house,4,8.7918,8.111289978027344
19800500064,house,4,7.7018,7.578322410583496
19803700171,house,4,8.4684,8.058639526367188
19804300078,house,4,8.6548,8.004945755004883
19804400218,house,4,8.27,8.002399444580078
19804600292,house,4,8.5913,8.248044967651367
19806200550,house,4,8.8581,7.975875377655029
19806300148,house,4,8.2987,7.957457542419434
19806300164,house,4,8.6469,8.288217544555664
19806702785,house,4,8.7699,8.580188751220703
19808300390,house,4,8.1763,7.884068489074707
19808802035,house,4,8.1718,7.9394989013671875
19809101332,house,4,7.4927,7.856528282165527
19809900103,house,4,7.6783,7.623634338378906
19809900464,house,4,8.5569,8.079229354858398
19811400066,house,4,8.4813,7.8242926597595215
19811600030,house,4,7.6497,7.846192359924316
19811700337,house,4,8.7403,8.165908813476562
19814700125,house,4,7.2573,7.759302616119385
19816700531,house,4,8.4714,8.310954093933105
19901100495,house,7,8.2824,8.415838241577148
19901502143,house,7,8.7237,8.711304664611816
19902500071,house,7,7.9664,8.34562873840332
19902601811,house,7,8.9227,8.816476821899414
19902601838,house,7,8.9227,8.83840560913086
19904300681,house,7,8.5465,8.547430992126465
19905000381,house,7,7.9922,8.672294616699219
19905100120,house,7,7.2042,8.028753280639648
19905100414,house,7,7.8595,7.9323954582214355
19905400957,house,7,8.2199,8.52700424194336
19905401783,house,7,8.3428,8.568541526794434
19905500803,house,7,8.4482,8.334423065185547
19905501060,house,7,8.804,8.619668960571289
19905501087,house,7,9.2937,8.878242492675781
19905700586,house,7,8.6713,8.695585250854492
19905700594,house,7,8.5913,8.617424011230469
19905900453,house,7,8.1456,8.64919662475586
19907000263,house,7,7.9768,8.518312454223633
19907400776,house,7,8.0171,8.327269554138184
19908400771,house,7,8.2142,8.238391876220703
19909000082,house,7,8.4717,8.574300765991211
19909000392,house,7,8.6995,8.584381103515625
19909300132,house,7,7.7235,8.415624618530273
19910500085,house,7,7.5358,8.38946533203125
20001200206,house,6,9.2446,9.258164405822754
20001200291,house,6,8.5342,8.900606155395508
20001200559,house,6,9.596,9.173147201538086
20001700063,house,0,8.9815,9.15614128112793
20001700128,house,0,8.6424,8.994436264038086
20001900216,house,6,8.8422,9.190044403076172
20002000091,house,6,9.0352,9.038337707519531
20002100094,house,6,9.2949,9.185148239135742
20002100116,house,6,8.1425,9.262242317199707
20002500173,house,6,9.498,9.257856369018555
20101201141,house,8,7.8886,8.20186996459961
20101201395,house,8,8.0119,8.20565128326416
20101702858,house,8,8.6885,8.206756591796875
20102300966,house,8,8.0182,8.203409194946289
20102900289,house,8,8.4547,8.155364990234375
20103400212,house,8,8.0516,8.0509614944458
20103400522,house,8,8.4171,8.556596755981445
20103500421,house,8,8.4402,8.247488975524902
20103700410,house,8,8.5286,8.345970153808594
20104000307,house,8,8.419,8.012829780578613
20104100816,house,8,8.4096,8.512746810913086
20104900804,house,8,8.5298,8.458742141723633
20105300886,house,8,8.1751,8.33932876586914
20105600685,house,8,8.1539,8.328454971313477
20107500564,house,8,7.6871,8.319314002990723
20107500580,house,8,8.096,8.055020332336426
20107700628,house,8,8.0966,8.59075927734375
20109400281,house,8,7.9866,8.481802940368652
20110500723,house,8,8.4909,8.534357070922852
20110501320,house,8,8.5301,8.544136047363281
20110501495,house,8,8.7431,8.499334335327148
20110501533,house,8,8.8084,8.493236541748047
20110502564,house,8,8.5983,8.499337196350098
20204703237,house,7,7.6591,8.316211700439453
20204703261,house,7,7.3957,8.322610855102539
20207300397,house,7,8.276,8.291629791259766
20208200051,house,7,8.194,8.251899719238281
20300700499,house,7,7.1504,8.06017017364502
20303300351,house,7,7.5193,8.032238960266113
20306200382,house,7,7.688,8.249691009521484
20307400342,house,7,7.1855,8.076650619506836
20600800022,house,7,8.3818,8.44694709777832
20601600264,house,7,7.8044,8.181631088256836
20700200248,house,7,8.0317,8.507013320922852
21000200351,house,7,7.4674,8.455897331237793
21100207226,house,7,7.2519,8.473783493041992
21200100563,house,7,7.4965,8.214600563049316
21400600594,house,7,7.6361,8.566454887390137
21401000701,house,7,7.8291,8.460110664367676
21401200565,house,7,8.2736,8.51959228515625
21401301000,house,7,7.8682,8.271612167358398
21402000438,house,7,8.7265,8.569693565368652
21402001868,house,7,8.2524,8.551868438720703
21402002104,house,7,8.9452,8.630069732666016
21402002112,house,7,8.77,8.630069732666016
21402002295,house,7,8.7743,8.633432388305664
21402100221,house,7,8.7477,8.698299407958984
21402100297,house,7,8.6871,8.690263748168945
21402100394,house,7,8.5536,8.698299407958984
21402100858,house,7,7.824,8.697321891784668
21402100904,house,7,8.8323,8.697321891784668
21402101153,house,7,7.9533,8.634294509887695
21402103016,house,7,7.8736,8.608352661132812
21402103202,house,7,7.9294,8.707849502563477
21402104519,house,7,8.723,8.66323471069336
21402104888,house,7,7.5239,8.655517578125
21402104888,house,7,7.4186,8.656482696533203
21402105779,house,7,8.8589,8.715984344482422
21402500600,house,7,8.8187,8.749293327331543
21402500831,house,7,8.7179,8.746217727661133
21402500902,house,7,8.7623,8.755428314208984
21402501232,house,7,8.084,8.755819320678711
21402601172,house,7,8.6578,8.696624755859375
21402601490,house,7,8.7204,8.634934425354004
21402601581,house,7,8.5359,8.696889877319336
22201100045,house,4,7.2716,7.70445442199707
22208800050,house,4,8.6667,8.254338264465332
22803500238,house,4,8.1605,7.9236602783203125
22903100142,house,5,7.6009,7.90885591506958
22908400195,house,5,7.7287,8.264575004577637
23000500144,house,5,9.3186,8.75995922088623
23001200195,house,5,9.3439,8.722108840942383
23001700090,house,5,9.3927,8.788127899169922
23001700147,house,5,7.8177,7.694049835205078
23002500281,house,5,9.3329,8.80864143371582
23004200161,house,5,9.2937,8.753957748413086
23005100039,house,5,9.1207,8.692266464233398
23006000119,house,5,9.0562,8.716442108154297
23006300201,house,5,8.1154,7.794370651245117
23006900195,house,5,7.2644,8.647665023803711
23010600151,house,5,7.7155,7.816826820373535
23010800035,house,5,7.6957,7.630195140838623
23012500268,house,5,7.3866,8.704774856567383
23201400236,house,5,7.1309,8.05813217163086
23201500141,house,5,8.6302,7.5852437019348145
23201500486,house,5,7.8791,7.699132919311523
23201601134,house,5,7.741,7.690562725067139
23201601665,house,5,7.8778,7.838220596313477
23201700558,house,5,8.2895,7.876521110534668
23202200516,house,5,7.6332,7.531961441040039
23203200501,house,5,8.6335,8.436367988586426
23203200579,house,5,8.1987,7.980019569396973
23203200625,house,5,8.1839,8.056089401245117
23203400373,house,5,8.8144,8.760337829589844
23204400105,house,5,8.0472,8.511697769165039
23204400113,house,5,7.824,8.307047843933105
23204400301,house,5,8.7129,8.304825782775879
23204500509,house,5,8.2385,8.36993408203125
23204901228,house,5,8.6125,8.619248390197754
23300300388,house,5,7.824,8.331122398376465
23302500279,house,5,8.0456,8.597517013549805
23505400041,house,5,9.3996,8.801095962524414
23602300089,house,5,7.7187,8.351073265075684
23700700650,house,5,7.9001,8.430727005004883
23705500765,house,5,7.4021,8.376885414123535
24200300042,house,5,8.7156,7.9039812088012695
24500401243,house,5,8.4566,8.41604232788086
24506100474,house,5,8.8457,8.620467185974121
24506300554,house,5,9.1822,8.587854385375977
24506800557,house,5,8.959,8.56619644165039
24507400471,house,5,7.6774,7.847026348114014
24521700274,house,5,7.1275,7.528028964996338
24602100056,house,5,9.368,8.662408828735352
24607700175,house,5,9.2937,8.710691452026367
24608200044,house,5,7.4186,7.356098175048828
24608700152,house,5,9.2937,8.696308135986328
24611000301,house,5,9.4151,8.70499038696289
24612300201,house,5,8.9081,8.736019134521484
24803900157,house,5,7.2779,7.540349006652832
24804400239,house,5,8.6424,8.35516357421875
24804700240,house,5,7.7551,8.320969581604004
24806100054,house,5,7.6809,8.37023639678955
24809300046,house,5,7.7615,8.308886528015137
24812100036,house,5,8.0604,8.390522003173828
24820600522,house,5,8.1117,8.301253318786621
25402400340,house,2,7.8633,8.375894546508789
25806800065,house,2,9.0886,8.608323097229004
25900900183,house,2,9.4045,8.382505416870117
25904300326,house,2,8.8888,8.685033798217773
26101600074,house,2,8.8049,8.641013145446777
26103200014,house,2,7.7652,8.020663261413574
26106800152,house,2,8.489,8.563421249389648
26106800284,house,2,8.0472,8.1751127243042
26109100151,house,2,8.4919,8.81823444366455
26109200490,house,2,8.0709,8.847814559936523
26110300061,house,2,8.9227,8.62411117553711
26302400188,house,2,7.3778,7.763310432434082
26302900032,house,2,8.0064,7.9468994140625
26302900075,house,2,9.1256,8.290937423706055
26602200087,house,2,8.1117,8.542383193969727
26703100282,house,2,7.7475,8.725166320800781
26703200198,house,2,7.2442,8.633650779724121
26703200287,house,2,7.4674,8.640569686889648
27401700210,house,2,8.2343,8.285015106201172
28100300141,house,2,7.5583,7.8877105712890625
28202600251,house,2,8.6226,8.481870651245117
28203200298,house,2,7.824,8.241432189941406
28300800105,house,2,8.6003,8.270029067993164
29902803375,house,6,9.206,9.051206588745117
29906000560,house,6,9.1678,9.219749450683594
29908000347,house,6,9.0074,9.041901588439941
29908203027,house,6,8.9872,9.048467636108398
29908400930,house,6,9.664,9.084275245666504
29910200961,house,6,9.3412,8.972421646118164
29911001189,house,6,9.6671,9.194981575012207
29911201201,house,6,8.2212,8.718609809875488
29911300070,house,6,9.6354,8.813156127929688
29911300763,house,6,9.5506,8.884546279907227
29912100229,house,6,9.4515,9.125144958496094
30000401037,house,6,9.0451,9.31627082824707
30001700127,house,6,8.5803,8.722248077392578
30002200314,house,6,8.9989,9.044034957885742
30002200519,house,6,8.7568,9.12044906616211
30002200535,house,6,9.0713,9.17355728149414
30004203779,house,6,9.6221,8.627994537353516
30005300506,house,6,8.635,8.793435096740723
30005600100,house,6,9.2199,8.841445922851562
30005800088,house,6,9.246,8.638631820678711
30006800863,house,6,8.5429,8.847406387329102
30010400262,house,6,8.3899,8.642290115356445
30010700304,house,6,9.2053,9.120294570922852
30010700444,house,6,9.1922,9.10064697265625
30101600051,house,6,8.701,8.646777153015137
30201200349,house,1,8.4482,8.0114164352417
30201200500,house,1,8.3958,8.191680908203125
30201400461,house,1,7.9782,8.211970329284668
30202900344,house,1,8.5407,8.593056678771973
30203600034,house,1,8.3952,8.254157066345215
30204100027,house,1,7.8886,8.231819152832031
30204700334,house,1,7.9633,8.475433349609375
30300600086,house,3,8.3837,8.334364891052246
30300902015,house,3,8.3602,8.387743949890137
30301100966,house,3,7.6009,8.082271575927734
30301600179,house,3,7.9167,7.982307434082031
30302000541,house,3,7.64,8.405596733093262
30302000795,house,3,7.4666,8.134651184082031
30303600362,house,3,8.5613,8.6355562210083
30304100029,house,3,8.3644,8.551529884338379
30304100894,house,3,8.3221,8.762428283691406
30304200368,house,3,8.0652,8.181503295898438
30304500175,house,3,8.0276,8.151857376098633
30305400530,house,3,8.0652,8.490453720092773
30306200071,house,3,7.8633,8.263265609741211
30307201209,house,3,8.5554,8.68697738647461
30307201217,house,3,8.0297,8.233804702758789
30308000304,house,3,8.9029,9.007801055908203
30309200366,house,3,8.3559,8.650371551513672
30309500416,house,3,8.0263,8.263965606689453
30309500580,house,3,7.7063,8.166013717651367
30400401395,house,4,8.5564,8.231525421142578
30400600290,house,4,8.7725,8.426130294799805
30400700211,house,4,8.2035,8.296626091003418
30401000750,house,4,9.3099,8.700998306274414
30401900158,house,4,8.7068,8.602092742919922
30402000304,house,4,8.7403,8.491193771362305
30402400221,house,4,8.8931,8.428586959838867
30403200633,house,4,7.4456,8.4306058883667
30404500371,house,4,8.6068,8.272354125976562
30404500681,house,4,8.7279,8.55291748046875
30405400427,house,4,8.576,8.347001075744629
30406400439,house,4,8.3217,8.348014831542969
30406800348,house,4,8.4684,7.971615791320801
30406800471,house,4,8.2217,7.936577796936035
30407800333,house,4,8.5926,8.556943893432617
30408200321,house,4,9.1497,8.603517532348633
30408400495,house,4,7.9207,8.046244621276855
30408800167,house,4,8.8644,8.337272644042969
30408800221,house,4,9.2103,8.693498611450195
30409200023,house,4,8.3349,8.314661026000977
30410700379,house,4,9.0076,8.670778274536133
30411100693,house,4,7.985,8.22119140625
30414500277,house,4,8.645,8.25481128692627
30500500581,house,4,8.9566,8.434576034545898
30500700424,house,4,8.3811,7.975763320922852
30501402109,house,4,8.4512,8.408890724182129
30501402508,house,4,8.5942,8.491861343383789
30502800140,house,4,8.6226,8.247169494628906
30503000091,house,4,8.1605,8.227027893066406
30503800764,house,4,7.8666,8.089946746826172
30504604500,house,4,8.4313,8.170372009277344
30504604535,house,4,8.0413,8.060949325561523
30504702006,house,4,7.9878,7.930851459503174
30504702121,house,4,8.0411,7.738733768463135
30505500334,house,4,8.168,7.911980628967285
30505800826,house,4,8.2989,8.041433334350586
30506000866,house,4,8.4785,8.308749198913574
30506700558,house,4,8.9041,7.942527770996094
30509900051,house,4,8.9872,8.51209831237793
30509900329,house,4,7.62,7.727079391479492
30510300089,house,4,8.2439,8.326864242553711
30510300331,house,4,8.8356,8.28238296508789
30510400474,house,4,8.7044,8.365896224975586
30511202463,house,4,8.5802,8.315927505493164
30512400412,house,4,7.6009,7.8123908042907715
30513100099,house,4,8.0253,7.958254814147949
30513900206,house,4,8.2201,7.764912128448486
30514101455,house,4,8.6954,8.357315063476562
30600100372,house,4,7.4103,8.01988697052002
30601100953,house,4,8.7168,8.33819580078125
30601400183,house,4,7.5305,7.795835494995117
30602200056,house,4,7.71,8.017979621887207
30602202296,house,4,8.3894,8.608623504638672
30602600100,house,4,8.3251,7.990283489227295
30602700067,house,4,7.9457,7.902894973754883
30602800290,house,4,8.7108,8.147360801696777
30603100233,house,4,8.5172,8.376091003417969
30604600868,house,4,7.9369,8.166219711303711
30605000414,house,4,9.0364,8.129253387451172
30605400714,house,0,7.9655,8.344679832458496
30606400408,house,0,8.0562,7.843092918395996
30608000301,house,0,8.6471,8.397248268127441
30608500337,house,0,8.7855,8.413924217224121
30608501287,house,0,8.3735,8.103920936584473
30608501422,house,0,8.5542,8.37255573272705
30609502007,house,0,8.5172,8.332756042480469
30609701166,house,0,8.1874,8.573308944702148
30609900061,house,0,8.4219,8.46389102935791
30609900509,house,0,8.3049,8.113792419433594
30611500547,house,0,7.9254,7.894672870635986
30612300010,house,0,8.3837,8.355828285217285
30612300037,house,0,8.8945,8.453103065490723
30613200729,house,0,8.431,8.317460060119629
30613500366,house,0,8.8049,8.594522476196289
30613600824,house,0,8.4782,8.400837898254395
30702001306,house,7,8.3316,8.557404518127441
30704300221,house,7,8.3884,8.336565017700195
30705600502,house,7,8.2428,8.573670387268066
30705600553,house,7,7.843,8.438484191894531
30705600693,house,7,8.4087,8.663991928100586
30706600212,house,7,8.9059,8.612863540649414
30707300352,house,7,8.3811,8.669196128845215
30708100071,house,7,8.363,8.626029968261719
30708205361,house,7,8.5075,8.715340614318848
30708601641,house,7,8.6173,8.644302368164062
30709000674,house,7,8.7819,8.669393539428711
30709500383,house,7,8.0472,8.704939842224121
30710400044,house,7,8.408,8.52916145324707
30710600086,house,7,8.2183,8.537820816040039
30710600388,house,7,8.2011,8.519989013671875
30711001399,house,7,8.6725,8.832170486450195
30711300876,house,7,7.9609,8.582916259765625
30802400210,house,7,7.9466,8.578215599060059
30802900140,house,7,8.7948,8.673745155334473
30805600083,house,7,7.8812,8.321660041809082
30805800414,house,7,8.7248,8.432583808898926
30812500171,house,7,8.7121,8.482588768005371
30815000135,house,7,7.846,8.281302452087402
30815100326,house,7,8.0283,8.323081970214844
30815201726,house,7,7.5449,8.517080307006836
30900500287,house,1,8.6937,8.255568504333496
30900700561,house,1,9.2167,8.299215316772461
30901000474,house,1,9.0624,8.676220893859863
30901300842,house,1,9.1905,8.523849487304688
30901400154,house,1,9.2166,8.565240859985352
30901400421,house,1,9.0702,8.2872896194458
30902200051,house,1,8.7796,8.13848876953125
30902200264,house,1,8.4272,8.122557640075684
30902700331,house,1,8.3183,8.357256889343262
30903601629,house,1,8.7282,8.263647079467773
30904701201,house,1,9.3148,8.323827743530273
31000500141,house,1,8.0121,8.25088119506836
31000900204,house,1,8.537,8.264836311340332
31001800122,house,1,9.3505,8.363632202148438
31002100108,house,1,8.5359,8.25448226928711
31002500051,house,1,7.8982,7.983441352844238
31002900171,house,1,8.1834,7.93070125579834
31004100598,house,1,8.8426,8.067656517028809
31004301119,house,1,8.0036,7.848199844360352
31004401131,house,1,8.0268,7.897436141967773
31004700439,house,1,9.0863,8.598739624023438
31004701303,house,1,8.1466,7.960954666137695
31005000724,house,1,8.1195,7.993785381317139
31005601061,house,1,8.9131,8.340570449829102
31005800356,house,1,8.3339,7.965967655181885
31005801166,house,1,8.214,7.94723653793335
31005903139,house,1,8.0511,7.8594465255737305
31006200042,house,1,8.0317,8.181472778320312
31007400363,house,1,8.1807,7.999002456665039
31008700174,house,1,8.4964,7.97409725189209
31008800241,house,1,8.359,7.9946393966674805
31009700089,house,1,8.0114,7.6467814445495605
31009700097,house,1,9.0768,8.17493724822998
31010100103,house,1,8.0993,7.844531536102295
31010200590,house,1,8.4917,7.89669132232666
31011000420,house,1,8.4258,8.081709861755371
31011200365,house,1,8.4544,8.077463150024414
31011500423,house,1,8.1766,7.817163944244385
31011600355,house,1,8.4276,8.121590614318848
